-0.86,-1.01,
-0.86,-1.01,
-0.86,-1.01,
-0.86,-1.01,
-0.86,-1.01,
-0.86,-1.01,
-0.86,-1.01,
-0.86,-1.01,
-0.86,-1.01,
-0.87,-1.11,
-0.87,-1.11,
-0.87,-1.11,
-0.87,-1.11,
-0.87,-1.11,
-0.87,-1.11,
-0.87,-1.11,
-0.87,-1.11,
-0.87,-1.11,
-0.8,-1.16,
-0.8,-1.16,
-0.8,-1.16,
-0.8,-1.16,
-0.8,-1.16,
-0.8,-1.16,
-0.8,-1.16,
-0.8,-1.16,
-0.8,-1.16,
-0.8,-1.16,
-0.76,-1.11,
-0.76,-1.11,
-0.76,-1.11,
-0.76,-1.11,
-0.76,-1.11,
-0.76,-1.11,
-0.76,-1.11,
-0.76,-1.11,
-0.76,-1.11,
-0.7,-1.08,
-0.7,-1.08,
-0.7,-1.08,
-0.7,-1.08,
-0.7,-1.08,
-0.7,-1.08,
-0.7,-1.08,
-0.7,-1.08,
-0.7,-1.08,
-0.7,-1.08,
-0.7,-1.08,
-0.57,-1.04,
-0.57,-1.04,
-0.57,-1.04,
-0.57,-1.04,
-0.57,-1.04,
-0.57,-1.04,
-0.57,-1.04,
-0.57,-1.04,
-0.51,-0.99,
-0.51,-0.99,
-0.51,-0.99,
-0.51,-0.99,
-0.51,-0.99,
-0.51,-0.99,
-0.51,-0.99,
-0.51,-0.99,
-0.51,-0.99,
-0.51,-0.99,
-0.51,-0.99,
-0.45,-0.97,
-0.45,-0.97,
-0.45,-0.97,
-0.45,-0.97,
-0.45,-0.97,
-0.45,-0.97,
-0.45,-0.97,
-0.45,-0.97,
-0.45,-0.97,
-0.42,-0.88,
-0.42,-0.88,
-0.42,-0.88,
-0.42,-0.88,
-0.42,-0.88,
-0.42,-0.88,
-0.42,-0.88,
-0.42,-0.84,
-0.42,-0.84,
-0.42,-0.84,
-0.42,-0.84,
-0.42,-0.84,
-0.42,-0.84,
-0.42,-0.84,
-0.42,-0.84,
-0.42,-0.84,
-0.42,-0.84,
-0.42,-0.84,
-0.42,-0.84,
-0.42,-0.84,
-0.5,-0.86,
-0.5,-0.86,
-0.5,-0.86,
-0.5,-0.86,
-0.5,-0.86,
-0.5,-0.86,
-0.5,-0.86,
-0.5,-0.86,
-0.54,-0.87,
-0.54,-0.87,
-0.54,-0.87,
-0.54,-0.87,
-0.54,-0.87,
-0.54,-0.87,
-0.54,-0.87,
-0.54,-0.87,
-0.54,-0.87,
-0.54,-0.87,
-0.59,-0.88,
-0.59,-0.88,
-0.59,-0.88,
-0.59,-0.88,
-0.59,-0.88,
-0.59,-0.88,
-0.59,-0.88,
-0.59,-0.88,
-0.61,-0.95,
-0.61,-0.95,
-0.61,-0.95,
-0.61,-0.95,
-0.61,-0.95,
-0.61,-0.95,
-0.61,-0.95,
-0.61,-0.95,
-0.61,-0.95,
-0.61,-0.95,
-0.53,-0.99,
-0.53,-0.99,
-0.53,-0.99,
-0.53,-0.99,
-0.53,-0.99,
-0.53,-0.99,
-0.53,-0.99,
-0.53,-0.99,
-0.53,-0.99,
-0.53,-0.99,
-0.53,-0.99,
-0.49,-0.99,
-0.49,-0.99,
-0.49,-0.99,
-0.49,-0.99,
-0.49,-0.99,
-0.49,-0.99,
-0.49,-0.99,
-0.49,-0.99,
-0.4,-0.99,
-0.4,-0.99,
-0.4,-0.99,
-0.4,-0.99,
-0.4,-0.99,
-0.4,-0.99,
-0.4,-0.99,
-0.4,-0.99,
-0.4,-0.99,
-0.4,-0.99,
-0.4,-0.99,
-0.4,-0.99,
-0.4,-0.99,
-0.4,-0.99,
-0.38,-0.86,
-0.38,-0.86,
-0.38,-0.86,
-0.38,-0.86,
-0.38,-0.86,
-0.38,-0.86,
-0.38,-0.86,
-0.38,-0.86,
-0.37,-0.89,
-0.37,-0.89,
-0.37,-0.89,
-0.37,-0.89,
-0.37,-0.89,
-0.37,-0.89,
-0.37,-0.89,
-0.35,-0.9,
-0.35,-0.9,
-0.35,-0.9,
-0.35,-0.9,
-0.35,-0.9,
-0.35,-0.9,
-0.35,-0.9,
-0.35,-0.9,
-0.35,-0.9,
-0.35,-0.9,
-0.34,-0.87,
-0.34,-0.87,
-0.34,-0.87,
-0.34,-0.87,
-0.34,-0.87,
-0.34,-0.87,
-0.34,-0.87,
-0.34,-0.87,
-0.34,-0.87,
-0.34,-0.87,
-0.42,-0.85,
-0.42,-0.85,
-0.42,-0.85,
-0.42,-0.85,
-0.42,-0.85,
-0.42,-0.85,
-0.42,-0.85,
-0.42,-0.85,
-0.53,-0.88,
-0.53,-0.88,
-0.53,-0.88,
-0.53,-0.88,
-0.53,-0.88,
-0.53,-0.88,
-0.53,-0.88,
-0.53,-0.88,
-0.53,-0.88,
-0.53,-0.88,
-0.53,-0.88,
-0.53,-0.88,
-0.58,-0.9,
-0.58,-0.9,
-0.58,-0.9,
-0.58,-0.9,
-0.58,-0.9,
-0.58,-0.9,
-0.58,-0.9,
-0.64,-0.92,
-0.64,-0.92,
-0.64,-0.92,
-0.64,-0.92,
-0.64,-0.92,
-0.64,-0.92,
-0.64,-0.92,
-0.64,-0.92,
-0.64,-0.92,
-0.64,-0.92,
-0.64,-0.92,
-0.66,-0.97,
-0.66,-0.97,
-0.66,-0.97,
-0.66,-0.97,
-0.66,-0.97,
-0.66,-0.97,
-0.66,-0.97,
-0.64,-1.0,
-0.64,-1.0,
-0.64,-1.0,
-0.64,-1.0,
-0.64,-1.0,
-0.64,-1.0,
-0.64,-1.0,
-0.64,-1.0,
-0.64,-1.0,
-0.64,-1.0,
-0.64,-1.0,
-0.64,-1.0,
-0.62,-0.89,
-0.62,-0.89,
-0.62,-0.89,
-0.62,-0.89,
-0.62,-0.89,
-0.62,-0.89,
-0.62,-0.89,
-0.62,-0.89,
-0.62,-0.89,
-0.52,-0.83,
-0.52,-0.83,
-0.52,-0.83,
-0.52,-0.83,
-0.52,-0.83,
-0.52,-0.83,
-0.52,-0.83,
-0.52,-0.83,
-0.37,-0.71,
-0.37,-0.71,
-0.37,-0.71,
-0.37,-0.71,
-0.37,-0.71,
-0.37,-0.71,
-0.37,-0.71,
-0.37,-0.71,
-0.37,-0.71,
-0.37,-0.71,
-0.37,-0.71,
-0.37,-0.71,
-0.37,-0.71,
-0.37,-0.71,
-0.37,-0.71,
-0.37,-0.71,
-0.37,-0.71,
-0.37,-0.71,
-0.37,-0.71,
-0.37,-0.71,
-0.37,-0.71,
-0.3,-0.69,
-0.3,-0.69,
-0.3,-0.69,
-0.3,-0.69,
-0.3,-0.69,
-0.3,-0.69,
-0.15,-0.68,
-0.15,-0.68,
-0.15,-0.68,
-0.15,-0.68,
-0.15,-0.68,
-0.07,-0.66,
-0.07,-0.66,
-0.07,-0.66,
-0.07,-0.66,
-0.07,-0.66,
-0.07,-0.66,
-0.07,-0.66,
-0.07,-0.66,
-0.09,-0.65,
-0.09,-0.65,
-0.09,-0.65,
-0.09,-0.65,
-0.09,-0.65,
-0.09,-0.65,
-0.09,-0.65,
-0.09,-0.65,
-0.09,-0.65,
-0.23,-0.61,
-0.23,-0.61,
-0.23,-0.61,
-0.23,-0.61,
-0.23,-0.61,
-0.23,-0.61,
-0.23,-0.61,
-0.23,-0.61,
-0.29,-0.6,
-0.29,-0.6,
-0.29,-0.6,
-0.29,-0.6,
-0.29,-0.6,
-0.29,-0.6,
-0.29,-0.6,
-0.29,-0.6,
-0.29,-0.6,
-0.45,-0.69,
-0.45,-0.69,
-0.45,-0.69,
-0.45,-0.69,
-0.45,-0.69,
-0.45,-0.69,
-0.45,-0.69,
-0.45,-0.69,
-0.45,-0.69,
-0.45,-0.69,
-0.53,-0.91,
-0.53,-0.91,
-0.53,-0.91,
-0.53,-0.91,
-0.53,-0.91,
-0.53,-0.91,
-0.53,-0.91,
-0.53,-0.91,
-0.64,-1.02,
-0.64,-1.02,
-0.64,-1.02,
-0.64,-1.02,
-0.64,-1.02,
-0.64,-1.02,
-0.64,-1.02,
-0.64,-1.02,
-0.64,-1.02,
-0.64,-1.02,
-0.64,-1.02,
-0.64,-1.02,
-0.69,-1.06,
-0.69,-1.06,
-0.69,-1.06,
-0.69,-1.06,
-0.69,-1.06,
-0.69,-1.06,
-0.69,-1.06,
-0.69,-1.06,
-0.65,-1.09,
-0.65,-1.09,
-0.65,-1.09,
-0.65,-1.09,
-0.65,-1.09,
-0.65,-1.09,
-0.65,-1.09,
-0.65,-1.09,
-0.65,-1.09,
-0.65,-1.09,
-0.65,-1.09,
-0.57,-1.01,
-0.57,-1.01,
-0.57,-1.01,
-0.57,-1.01,
-0.57,-1.01,
-0.57,-1.01,
-0.57,-1.01,
-0.57,-1.01,
-0.57,-1.01,
-0.54,-0.9,
-0.54,-0.9,
-0.54,-0.9,
-0.54,-0.9,
-0.54,-0.9,
-0.54,-0.9,
-0.54,-0.9,
-0.54,-0.9,
-0.54,-0.9,
-0.54,-0.9,
-0.48,-0.84,
-0.48,-0.84,
-0.48,-0.84,
-0.48,-0.84,
-0.48,-0.84,
-0.48,-0.84,
-0.48,-0.84,
-0.48,-0.84,
-0.45,-0.79,
-0.45,-0.79,
-0.45,-0.79,
-0.45,-0.79,
-0.45,-0.79,
-0.45,-0.79,
-0.45,-0.79,
-0.45,-0.79,
-0.42,-0.77,
-0.42,-0.77,
-0.42,-0.77,
-0.42,-0.77,
-0.42,-0.77,
-0.42,-0.77,
-0.42,-0.77,
-0.42,-0.77,
-0.42,-0.77,
-0.42,-0.77,
-0.42,-0.77,
-0.42,-0.77,
-0.42,-0.77,
-0.42,-0.77,
-0.42,-0.77,
-0.42,-0.77,
-0.42,-0.77,
-0.42,-0.77,
-0.42,-0.77,
-0.42,-0.77,
-0.42,-0.77,
-0.42,-0.77,
-0.42,-0.77,
-0.42,-0.77,
-0.42,-0.77,
-0.42,-0.77,
-0.42,-0.77,
-0.42,-0.77,
-0.42,-0.77,
-0.42,-0.77,
-0.43,-0.89,
-0.43,-0.89,
-0.43,-0.89,
-0.43,-0.89,
-0.43,-0.89,
-0.43,-0.89,
-0.43,-0.89,
-0.43,-0.89,
-0.43,-0.89,
-0.44,-0.9,
-0.44,-0.9,
-0.44,-0.9,
-0.44,-0.9,
-0.44,-0.9,
-0.44,-0.9,
-0.44,-0.9,
-0.38,-0.91,
-0.38,-0.91,
-0.38,-0.91,
-0.38,-0.91,
-0.38,-0.91,
-0.38,-0.91,
-0.38,-0.91,
-0.38,-0.91,
-0.38,-0.91,
-0.38,-0.91,
-0.36,-0.81,
-0.36,-0.81,
-0.36,-0.81,
-0.36,-0.81,
-0.36,-0.81,
-0.36,-0.81,
-0.32,-0.77,
-0.32,-0.77,
-0.32,-0.77,
-0.32,-0.77,
-0.32,-0.77,
-0.32,-0.77,
-0.32,-0.77,
-0.32,-0.77,
-0.32,-0.77,
-0.31,-0.73,
-0.31,-0.73,
-0.31,-0.73,
-0.31,-0.73,
-0.31,-0.73,
-0.31,-0.73,
-0.31,-0.73,
-0.31,-0.73,
-0.31,-0.73,
-0.31,-0.73,
-0.31,-0.75,
-0.31,-0.75,
-0.31,-0.75,
-0.31,-0.75,
-0.31,-0.75,
-0.31,-0.75,
-0.31,-0.75,
-0.31,-0.75,
-0.31,-0.75,
-0.32,-0.76,
-0.32,-0.76,
-0.32,-0.76,
-0.32,-0.76,
-0.32,-0.76,
-0.32,-0.76,
-0.32,-0.76,
-0.32,-0.76,
-0.32,-0.76,
-0.33,-0.89,
-0.33,-0.89,
-0.33,-0.89,
-0.33,-0.89,
-0.33,-0.89,
-0.33,-0.89,
-0.33,-0.89,
-0.33,-0.89,
-0.45,-0.96,
-0.45,-0.96,
-0.45,-0.96,
-0.45,-0.96,
-0.45,-0.96,
-0.45,-0.96,
-0.45,-0.96,
-0.45,-0.96,
-0.45,-0.96,
-0.45,-0.96,
-0.42,-0.89,
-0.42,-0.89,
-0.42,-0.89,
-0.42,-0.89,
-0.42,-0.89,
-0.42,-0.89,
-0.42,-0.89,
-0.42,-0.89,
-0.42,-0.89,
-0.42,-0.89,
-0.42,-0.89,
-0.42,-0.89,
-0.42,-0.89,
-0.42,-0.89,
-0.4,-0.86,
-0.4,-0.86,
-0.4,-0.86,
-0.4,-0.86,
-0.4,-0.86,
-0.4,-0.86,
-0.4,-0.86,
-0.4,-0.86,
-0.4,-0.86,
-0.23,-0.75,
-0.23,-0.75,
-0.23,-0.75,
-0.23,-0.75,
-0.23,-0.75,
-0.14,-0.64,
-0.14,-0.64,
-0.14,-0.64,
-0.14,-0.64,
-0.14,-0.64,
-0.14,-0.64,
-0.14,-0.64,
-0.14,-0.64,
-0.14,-0.64,
-0.14,-0.64,
-0.03,-0.58,
-0.03,-0.58,
-0.03,-0.58,
-0.03,-0.58,
-0.03,-0.58,
-0.03,-0.58,
-0.03,-0.58,
-0.03,-0.58,
-0.03,-0.58,
-0.03,-0.58,
-0.03,-0.58,
0.03,-0.58,
0.03,-0.58,
0.03,-0.58,
0.03,-0.58,
0.03,-0.58,
0.03,-0.58,
0.03,-0.58,
-0.04,-0.58,
-0.04,-0.58,
-0.04,-0.58,
-0.04,-0.58,
-0.04,-0.58,
-0.04,-0.58,
-0.04,-0.58,
-0.04,-0.58,
-0.04,-0.58,
-0.04,-0.58,
-0.04,-0.58,
-0.04,-0.58,
-0.1,-0.53,
-0.1,-0.53,
-0.1,-0.53,
-0.1,-0.53,
-0.1,-0.53,
-0.1,-0.53,
-0.1,-0.53,
-0.1,-0.53,
-0.1,-0.53,
-0.13,-0.53,
-0.13,-0.53,
-0.13,-0.53,
-0.13,-0.53,
-0.13,-0.53,
-0.13,-0.53,
-0.13,-0.53,
-0.13,-0.53,
-0.13,-0.53,
-0.13,-0.53,
-0.1,-0.53,
-0.1,-0.53,
-0.1,-0.53,
-0.1,-0.53,
-0.1,-0.53,
-0.1,-0.53,
-0.1,-0.53,
-0.1,-0.53,
-0.08,-0.44,
-0.08,-0.44,
-0.08,-0.44,
-0.08,-0.44,
-0.08,-0.44,
-0.08,-0.44,
-0.08,-0.44,
-0.08,-0.44,
-0.08,-0.44,
-0.08,-0.44,
0.11,-0.4,
0.11,-0.4,
0.11,-0.4,
0.11,-0.4,
0.11,-0.4,
0.11,-0.4,
0.11,-0.4,
0.11,-0.4,
0.11,-0.4,
0.11,-0.4,
0.73,0.27,
0.73,0.27,
0.73,0.27,
0.73,0.27,
0.73,0.27,
0.73,0.27,
0.73,0.27,
0.73,0.27,
1.04,0.61,
1.04,0.61,
1.04,0.61,
1.04,0.61,
1.04,0.61,
1.04,0.61,
1.04,0.61,
1.04,0.61,
1.04,0.61,
1.53,1.05,
1.53,1.05,
1.53,1.05,
1.53,1.05,
1.53,1.05,
1.53,1.05,
1.53,1.05,
1.53,1.05,
1.53,1.05,
1.53,1.05,
1.77,2.11,
1.77,2.11,
1.77,2.11,
1.77,2.11,
1.77,2.11,
1.77,2.11,
1.77,2.11,
1.77,2.11,
1.77,2.11,
1.77,2.11,
1.77,2.11,
1.77,2.11,
2.66,2.64,
2.66,2.64,
2.66,2.64,
2.66,2.64,
2.66,2.64,
2.66,2.64,
2.66,2.64,
2.66,2.64,
2.66,2.64,
3.09,4.41,
3.09,4.41,
3.09,4.41,
3.09,4.41,
3.09,4.41,
3.09,4.41,
3.09,4.41,
3.09,4.41,
4.23,5.28,
4.23,5.28,
4.23,5.28,
4.23,5.28,
4.23,5.28,
4.23,5.28,
4.23,5.28,
4.23,5.28,
4.23,5.28,
4.23,5.28,
4.23,5.28,
5.29,4.83,
5.29,4.83,
5.29,4.83,
5.29,4.83,
5.29,4.83,
5.29,4.83,
5.29,4.83,
5.29,4.83,
5.29,4.83,
5.82,3.84,
5.82,3.84,
5.82,3.84,
5.82,3.84,
5.82,3.84,
5.82,3.84,
5.82,3.84,
5.82,3.84,
5.82,3.84,
6.0,3.35,
6.0,3.35,
6.0,3.35,
6.0,3.35,
6.0,3.35,
6.0,3.35,
6.0,3.35,
6.09,2.57,
6.09,2.57,
6.09,2.57,
6.09,2.57,
6.09,2.57,
6.09,2.57,
6.09,2.57,
6.09,2.57,
6.09,2.57,
6.09,2.57,
6.09,2.57,
6.09,2.57,
5.78,2.18,
5.78,2.18,
5.78,2.18,
5.78,2.18,
5.78,2.18,
5.78,2.18,
5.78,2.18,
5.78,2.18,
5.78,2.18,
4.99,1.16,
4.99,1.16,
4.99,1.16,
4.99,1.16,
4.99,1.16,
4.99,1.16,
4.99,1.16,
4.99,1.16,
4.59,0.65,
4.59,0.65,
4.59,0.65,
4.59,0.65,
4.59,0.65,
4.59,0.65,
4.59,0.65,
4.59,0.65,
4.59,0.65,
4.59,0.65,
4.59,0.65,
3.28,-0.3,
3.28,-0.3,
3.28,-0.3,
3.28,-0.3,
3.28,-0.3,
3.28,-0.3,
3.28,-0.3,
3.28,-0.3,
3.28,-0.3,
2.62,-2.84,
2.62,-2.84,
2.62,-2.84,
2.62,-2.84,
2.62,-2.84,
2.62,-2.84,
2.62,-2.84,
2.62,-2.84,
2.62,-2.84,
2.62,-2.84,
2.62,-2.84,
1.23,-4.1,
1.23,-4.1,
1.23,-4.1,
1.23,-4.1,
1.23,-4.1,
1.23,-4.1,
1.23,-4.1,
1.23,-4.1,
1.23,-4.1,
0.53,-6.0,
0.53,-6.0,
0.53,-6.0,
0.53,-6.0,
0.53,-6.0,
0.53,-6.0,
0.53,-6.0,
0.53,-6.0,
-0.64,-6.95,
-0.64,-6.95,
-0.64,-6.95,
-0.64,-6.95,
-0.64,-6.95,
-0.64,-6.95,
-0.64,-6.95,
-0.64,-6.95,
-0.64,-6.95,
-0.64,-6.95,
-1.46,-7.65,
-1.46,-7.65,
-1.46,-7.65,
-1.46,-7.65,
-1.46,-7.65,
-1.46,-7.65,
-1.46,-7.65,
-1.46,-7.65,
-1.46,-7.65,
-1.46,-7.65,
-1.46,-7.65,
-1.87,-7.25,
-1.87,-7.25,
-1.87,-7.25,
-1.87,-7.25,
-1.87,-7.25,
-1.87,-7.25,
-1.87,-7.25,
-1.87,-7.25,
-1.87,-7.25,
-1.87,-7.25,
-1.96,-7.06,
-1.96,-7.06,
-1.96,-7.06,
-1.96,-7.06,
-1.96,-7.06,
-1.96,-7.06,
-1.96,-7.06,
-1.96,-7.06,
-1.96,-7.06,
-2.0,-6.75,
-2.0,-6.75,
-2.0,-6.75,
-2.0,-6.75,
-2.0,-6.75,
-2.0,-6.75,
-2.0,-6.75,
-1.51,-6.6,
-1.51,-6.6,
-1.51,-6.6,
-1.51,-6.6,
-1.51,-6.6,
-1.51,-6.6,
-1.51,-6.6,
-1.51,-6.6,
-1.51,-6.6,
-1.51,-6.6,
-1.51,-6.6,
-0.95,-5.54,
-0.95,-5.54,
-0.95,-5.54,
-0.95,-5.54,
-0.95,-5.54,
-0.95,-5.54,
-0.95,-5.54,
-0.95,-5.54,
-0.67,-5.38,
-0.67,-5.38,
-0.67,-5.38,
-0.67,-5.38,
-0.67,-5.38,
-0.67,-5.38,
-0.67,-5.38,
-0.67,-5.38,
-0.67,-5.38,
-0.43,-5.3,
-0.43,-5.3,
-0.43,-5.3,
-0.43,-5.3,
-0.43,-5.3,
-0.43,-5.3,
-0.43,-5.3,
-0.43,-5.3,
-0.31,-4.79,
-0.31,-4.79,
-0.31,-4.79,
-0.31,-4.79,
-0.31,-4.79,
-0.31,-4.79,
-0.31,-4.79,
-0.31,-4.79,
-0.31,-4.79,
-0.31,-4.79,
-0.31,-4.79,
-0.31,-4.79,
-0.25,-4.53,
-0.25,-4.53,
-0.25,-4.53,
-0.25,-4.53,
-0.25,-4.53,
-0.25,-4.53,
-0.22,-4.08,
-0.22,-4.08,
-0.22,-4.08,
-0.22,-4.08,
-0.22,-4.08,
-0.22,-4.08,
-0.22,-4.08,
-0.22,-4.08,
-0.22,-4.08,
-0.22,-4.08,
-0.22,-4.08,
-0.03,-3.85,
-0.03,-3.85,
-0.03,-3.85,
-0.03,-3.85,
-0.03,-3.85,
-0.03,-3.85,
-0.03,-3.85,
-0.03,-3.85,
-0.03,-3.85,
-0.03,-3.85,
-0.03,-3.85,
-0.03,-3.85,
-0.03,-3.85,
0.04,-3.27,
0.04,-3.27,
0.04,-3.27,
0.04,-3.27,
0.04,-3.27,
0.04,-3.27,
0.04,-3.27,
0.04,-3.27,
0.04,-3.27,
0.04,-3.27,
0.04,-3.27,
0.08,-4.0,
0.08,-4.0,
0.08,-4.0,
0.08,-4.0,
0.08,-4.0,
0.08,-4.0,
0.08,-4.0,
0.08,-4.0,
-0.28,-4.35,
-0.28,-4.35,
-0.28,-4.35,
-0.28,-4.35,
-0.28,-4.35,
-0.28,-4.35,
-0.28,-4.35,
-0.28,-4.35,
-0.28,-4.35,
-0.28,-4.35,
-0.28,-4.35,
-0.46,-4.19,
-0.46,-4.19,
-0.46,-4.19,
-0.46,-4.19,
-0.46,-4.19,
-0.69,-4.11,
-0.69,-4.11,
-0.69,-4.11,
-0.69,-4.11,
-0.69,-4.11,
-0.69,-4.11,
-0.69,-4.11,
-0.69,-4.11,
-0.69,-4.11,
-0.81,-3.68,
-0.81,-3.68,
-0.81,-3.68,
-0.81,-3.68,
-0.81,-3.68,
-0.81,-3.68,
-0.81,-3.68,
-0.81,-3.68,
-0.81,-3.68,
-0.81,-3.68,
-0.88,-4.38,
-0.88,-4.38,
-0.88,-4.38,
-0.88,-4.38,
-0.88,-4.38,
-0.88,-4.38,
-0.88,-4.38,
-0.88,-4.38,
-0.88,-4.38,
-0.88,-4.72,
-0.88,-4.72,
-0.88,-4.72,
-0.6,-4.72,
-0.6,-4.72,
-0.6,-4.72,
-0.6,-4.72,
-0.6,-4.72,
-0.6,-4.72,
-0.6,-4.72,
-0.6,-4.72,
-0.6,-4.72,
-0.47,-4.14,
-0.47,-4.14,
-0.47,-4.14,
-0.47,-4.14,
-0.47,-4.14,
-0.47,-4.14,
-0.47,-3.86,
-0.04,-3.86,
-0.04,-3.86,
-0.04,-3.86,
-0.04,-3.86,
-0.04,-3.86,
-0.04,-3.86,
-0.04,-3.86,
-0.04,-3.86,
-0.04,-3.86,
-0.04,-3.86,
0.17,-2.88,
0.17,-2.88,
0.17,-2.88,
0.17,-2.88,
0.17,-2.88,
0.17,-2.88,
0.17,-2.88,
0.17,-2.88,
0.17,-2.88,
0.99,-2.39,
0.99,-2.39,
0.99,-2.39,
0.99,-2.39,
0.99,-2.39,
0.99,-2.39,
0.99,-2.39,
0.99,-2.39,
0.99,-2.39,
0.99,-2.39,
1.47,-1.67,
1.47,-1.67,
1.47,-1.67,
1.47,-1.67,
1.47,-1.67,
1.47,-1.67,
1.47,-1.67,
1.47,-1.67,
1.47,-1.67,
1.47,-1.67,
1.47,-1.67,
1.47,-1.67,
1.47,-1.67,
1.47,-1.67,
1.71,-2.26,
1.71,-2.26,
1.71,-2.26,
1.71,-2.26,
1.71,-2.26,
1.71,-2.26,
1.71,-2.26,
1.71,-2.26,
1.71,-2.26,
1.71,-2.55,
1.24,-2.55,
1.24,-2.55,
1.24,-2.55,
1.24,-2.55,
1.24,-2.55,
1.24,-2.55,
1.24,-2.55,
1.01,-2.62,
1.01,-2.62,
1.01,-2.62,
1.01,-2.62,
1.01,-2.62,
1.01,-2.66,
0.92,-2.66,
0.92,-2.66,
0.92,-2.66,
0.92,-2.66,
0.92,-2.66,
0.92,-2.66,
0.92,-2.66,
0.92,-2.66,
0.92,-2.66,
0.92,-2.66,
0.92,-2.02,
1.23,-2.02,
1.23,-2.02,
1.23,-2.02,
1.23,-2.02,
1.23,-2.02,
1.23,-2.02,
1.23,-2.02,
1.23,-2.02,
1.23,-2.02,
1.23,-2.02,
1.38,-2.27,
1.38,-2.27,
1.38,-2.27,
1.38,-2.27,
1.38,-2.27,
1.38,-2.27,
1.38,-2.27,
1.38,-2.39,
1.93,-2.39,
1.93,-2.39,
1.93,-2.39,
1.93,-2.39,
1.93,-2.39,
1.93,-2.39,
1.93,-2.39,
1.93,-2.58,
1.93,-2.58,
2.2,-2.58,
2.2,-2.58,
2.2,-2.58,
2.2,-2.58,
2.2,-2.58,
2.2,-2.58,
1.82,-2.68,
1.82,-2.68,
1.82,-2.68,
1.82,-2.68,
1.82,-2.68,
1.82,-2.68,
1.82,-2.68,
1.63,-2.03,
1.63,-2.03,
1.63,-2.03,
1.63,-2.03,
1.63,-2.03,
1.63,-2.03,
1.63,-2.03,
1.63,-2.03,
1.63,-2.03,
1.63,-2.03,
1.63,-1.71,
1.17,-1.71,
1.17,-1.71,
1.17,-1.71,
1.17,-1.71,
1.17,-1.71,
1.17,-1.71,
1.17,-1.71,
1.17,-1.71,
1.17,-1.71,
1.17,-1.71,
0.9,-1.49,
0.9,-1.49,
0.9,-1.49,
0.9,-1.49,
0.9,-1.49,
0.9,-1.49,
0.9,-1.49,
0.9,-1.49,
0.9,-1.49,
0.77,-0.22,
0.77,-0.22,
0.77,-0.22,
0.77,-0.22,
0.77,-0.22,
0.77,-0.22,
0.77,-0.22,
0.77,-0.22,
0.77,-0.22,
0.77,-0.22,
0.77,-0.22,
0.77,0.41,
1.81,0.41,
1.81,0.41,
1.81,0.41,
1.81,0.41,
1.81,0.41,
1.81,0.41,
1.81,2.11,
2.33,2.11,
2.33,2.11,
2.33,2.11,
2.33,2.11,
2.33,2.11,
2.33,2.11,
2.33,2.11,
2.33,2.11,
2.33,2.11,
2.33,2.96,
3.61,2.96,
3.61,2.96,
3.61,2.96,
3.61,2.96,
3.61,2.96,
3.61,2.96,
3.61,2.96,
3.61,2.96,
3.61,3.2,
4.7,3.2,
4.7,3.2,
4.7,3.2,
4.7,3.2,
4.7,3.2,
4.7,3.2,
4.7,3.2,
4.7,1.9,
5.24,1.9,
5.24,1.9,
5.24,1.9,
5.24,1.9,
5.24,1.9,
5.24,1.9,
5.24,1.9,
4.52,1.26,
4.52,1.26,
4.52,1.26,
4.52,1.26,
4.52,1.26,
4.52,1.26,
4.52,1.26,
4.52,1.26,
4.52,1.26,
4.52,1.26,
4.52,1.26,
4.52,0.9,
4.16,0.9,
4.16,0.9,
4.16,0.9,
4.16,0.9,
4.16,0.9,
4.16,0.9,
4.16,0.9,
4.16,0.9,
3.0,0.71,
3.0,0.71,
3.0,0.71,
3.0,0.71,
3.0,0.71,
3.0,0.71,
3.0,0.71,
3.0,0.71,
3.0,0.71,
3.0,0.71,
3.0,0.3,
2.43,0.3,
2.43,0.3,
2.43,0.3,
2.43,0.3,
2.43,0.3,
2.43,0.3,
2.43,0.3,
2.43,0.3,
2.43,0.3,
2.43,0.3,
2.43,0.09,
1.85,0.09,
1.85,0.09,
1.85,0.09,
1.85,0.09,
1.85,0.09,
1.85,0.09,
1.85,0.09,
1.85,0.09,
1.85,-1.49,
0.75,-1.49,
0.75,-1.49,
0.75,-1.49,
0.75,-1.49,
0.75,-1.49,
0.75,-1.49,
0.75,-1.49,
0.75,-1.67,
0.75,-1.67,
0.75,-1.67,
0.19,-1.67,
0.19,-1.67,
0.19,-1.67,
0.19,-1.67,
0.19,-1.67,
0.19,-1.67,
0.19,-1.67,
0.19,-1.67,
0.19,-1.77,
0.19,-1.77,
0.19,-1.77,
0.19,-1.77,
0.19,-1.77,
0.19,-1.77,
0.19,-1.77,
0.19,-1.77,
0.19,-1.77,
0.19,-1.1,
0.19,-1.1,
0.19,-1.1,
0.19,-1.1,
0.19,-1.1,
0.19,-1.1,
0.19,-1.1,
0.19,-1.1,
0.19,-1.1,
0.19,-1.1,
0.19,-1.1,
0.95,-0.76,
0.95,-0.76,
0.95,-0.76,
0.95,-0.76,
0.95,-0.76,
0.95,-0.76,
0.95,-0.76,
0.95,-0.76,
2.31,-0.13,
2.31,-0.13,
2.31,-0.13,
2.31,-0.13,
2.31,-0.13,
2.31,-0.13,
2.31,-0.13,
2.31,-0.13,
2.31,-0.13,
2.31,-0.13,
2.99,-0.25,
2.99,-0.25,
2.99,-0.25,
2.99,-0.25,
2.99,-0.25,
2.99,-0.25,
2.99,-0.25,
2.99,-0.25,
2.99,-0.25,
2.99,-0.25,
2.94,-0.3,
2.94,-0.3,
2.94,-0.3,
2.94,-0.3,
2.94,-0.3,
2.94,-0.3,
2.94,-0.3,
2.94,-0.3,
2.94,-0.3,
2.94,-0.3,
2.94,-0.43,
2.92,-0.43,
2.92,-0.43,
2.92,-0.43,
2.92,-0.43,
2.92,-0.43,
2.92,-0.43,
2.92,-0.43,
2.92,-0.43,
2.92,-0.43,
2.92,-0.5,
2.61,-0.5,
2.61,-0.5,
2.61,-0.5,
2.61,-0.5,
2.61,-0.5,
2.61,-0.5,
2.61,-1.55,
2.46,-1.55,
2.46,-1.55,
2.46,-1.55,
2.46,-1.55,
2.46,-1.55,
2.46,-1.55,
2.46,-1.55,
2.46,-1.55,
2.46,-2.07,
2.46,-2.07,
2.46,-2.07,
1.19,-2.07,
1.19,-2.07,
1.19,-2.07,
1.19,-2.07,
1.19,-2.07,
1.19,-2.07,
1.19,-2.07,
1.19,-2.07,
1.19,-2.07,
1.19,-2.87,
0.78,-2.87,
0.78,-2.87,
0.78,-2.87,
0.78,-2.87,
0.78,-2.87,
0.78,-2.87,
0.78,-2.87,
0.58,-3.13,
0.58,-3.13,
0.58,-3.13,
0.58,-3.13,
0.58,-3.13,
0.58,-3.13,
0.58,-3.13,
0.58,-3.13,
0.58,-3.13,
0.58,-3.27,
0.79,-3.27,
0.79,-3.27,
0.79,-3.27,
0.79,-3.27,
0.79,-3.27,
0.79,-3.27,
0.79,-3.27,
0.79,-3.27,
0.79,-2.99,
0.89,-2.99,
0.89,-2.99,
0.89,-2.99,
0.89,-2.99,
0.89,-2.99,
0.89,-2.99,
0.89,-2.99,
0.89,-2.99,
0.89,-2.99,
0.89,-2.99,
1.55,-2.86,
1.55,-2.86,
1.55,-2.86,
1.55,-2.86,
1.55,-2.86,
1.55,-2.86,
1.55,-2.86,
1.55,-2.86,
1.55,-2.86,
1.55,-2.86,
1.55,-2.86,
1.55,-2.0,
2.11,-2.0,
2.11,-2.0,
2.11,-2.0,
2.11,-2.0,
2.11,-2.0,
2.11,-2.0,
2.11,-2.0,
2.11,-0.54,
2.11,-0.54,
2.11,-0.54,
2.4,-0.54,
2.4,-0.54,
2.4,-0.54,
2.4,-0.54,
2.4,-0.54,
2.4,-0.54,
2.4,-0.54,
2.4,-0.54,
2.4,-0.54,
1.59,0.19,
1.59,0.19,
1.59,0.19,
1.59,0.19,
1.59,0.19,
1.59,0.19,
1.59,0.19,
1.59,0.19,
1.59,0.19,
1.19,-1.41,
1.19,-1.41,
1.19,-1.41,
1.19,-1.41,
1.19,-1.41,
1.19,-1.41,
1.19,-1.41,
1.19,-1.41,
1.19,-2.21,
0.5,-2.21,
0.5,-2.21,
0.5,-2.21,
0.5,-2.21,
0.5,-2.21,
0.5,-2.21,
0.5,-2.21,
0.5,-2.21,
0.5,-2.21,
0.5,-2.21,
0.5,-4.05,
0.15,-4.05,
0.15,-4.05,
0.15,-4.05,
0.15,-4.05,
0.15,-4.05,
0.15,-4.05,
0.15,-4.05,
0.15,-4.05,
0.15,-4.97,
-0.08,-4.97,
-0.08,-4.97,
-0.08,-4.97,
-0.08,-4.97,
-0.08,-4.97,
-0.08,-4.97,
-0.08,-4.97,
-0.08,-4.97,
-0.08,-4.97,
-0.08,-4.97,
-0.08,-4.97,
-0.08,-4.97,
-0.08,-4.97,
-0.08,-4.97,
-0.08,-4.97,
-0.08,-4.97,
-0.14,-5.41,
-0.14,-5.41,
-0.14,-5.41,
-0.14,-5.41,
-0.14,-5.41,
-0.14,-5.41,
-0.14,-5.41,
-0.14,-5.41,
-0.14,-5.41,
-0.17,-5.77,
-0.17,-5.77,
-0.17,-5.77,
-0.17,-5.77,
-0.17,-5.95,
0.14,-5.95,
0.14,-5.95,
0.14,-5.95,
0.14,-5.95,
0.14,-5.95,
0.14,-5.95,
0.14,-5.95,
0.14,-5.24,
0.29,-5.24,
0.29,-5.24,
0.29,-5.24,
0.29,-5.24,
0.29,-5.24,
0.29,-5.24,
0.29,-5.24,
0.29,-5.24,
0.29,-5.24,
0.29,-5.24,
0.29,-4.89,
0.16,-4.89,
0.16,-4.89,
0.16,-4.89,
0.16,-4.89,
0.16,-4.89,
0.16,-4.89,
0.16,-4.89,
0.16,-4.89,
0.47,-5.43,
0.47,-5.43,
0.47,-5.43,
0.47,-5.43,
0.47,-5.43,
0.47,-5.43,
0.47,-5.43,
0.47,-5.43,
0.47,-5.43,
0.47,-5.43,
0.47,-5.43,
0.47,-5.92,
0.63,-5.92,
0.63,-5.92,
0.63,-5.92,
0.63,-5.92,
0.63,-5.92,
0.63,-5.92,
0.63,-5.92,
0.63,-5.92,
0.63,-5.92,
0.83,-6.17,
0.83,-6.17,
0.83,-6.17,
0.83,-6.17,
0.83,-6.17,
0.83,-6.17,
0.83,-6.58,
0.93,-6.58,
0.93,-6.58,
0.93,-6.58,
0.93,-6.58,
0.93,-6.58,
0.93,-6.58,
0.93,-6.58,
0.93,-6.58,
0.93,-6.58,
0.93,-6.58,
1.08,-6.78,
1.08,-6.78,
1.08,-6.78,
1.08,-6.78,
1.08,-6.78,
1.08,-6.78,
1.08,-6.78,
1.08,-6.78,
1.08,-6.78,
1.08,-6.78,
1.08,-6.96,
1.16,-6.96,
1.16,-6.96,
1.16,-6.96,
1.16,-6.96,
1.16,-6.96,
1.16,-6.96,
1.16,-6.96,
1.16,-6.96,
1.16,-6.96,
1.16,-7.04,
1.42,-7.04,
1.42,-7.04,
1.42,-7.04,
1.42,-7.04,
1.42,-7.04,
1.42,-7.04,
1.42,-7.04,
1.42,-7.04,
1.42,-6.68,
1.26,-6.68,
1.26,-6.68,
1.26,-6.68,
1.26,-6.68,
1.26,-6.68,
1.26,-6.68,
1.26,-6.68,
1.26,-6.68,
1.26,-6.68,
1.26,-6.68,
1.18,-6.93,
1.18,-6.93,
1.18,-6.93,
1.18,-6.93,
1.18,-6.93,
1.18,-6.93,
1.18,-6.93,
1.18,-6.93,
1.23,-7.06,
1.23,-7.06,
1.23,-7.06,
1.23,-7.06,
1.23,-7.06,
1.23,-7.06,
1.23,-7.06,
1.23,-7.06,
1.23,-7.06,
1.23,-7.06,
1.25,-7.8,
1.25,-7.8,
1.25,-7.8,
1.25,-7.8,
1.25,-7.8,
1.25,-7.8,
1.25,-7.8,
1.25,-7.8,
1.25,-7.8,
1.25,-8.16,
1.13,-8.16,
1.13,-8.16,
1.13,-8.16,
1.13,-8.16,
1.13,-8.16,
1.13,-8.16,
1.13,-8.16,
1.05,-7.95,
1.05,-7.95,
1.05,-7.95,
1.05,-7.95,
1.05,-7.95,
1.05,-7.95,
1.05,-7.95,
1.05,-7.95,
1.05,-7.95,
1.05,-7.81,
1.01,-7.81,
1.01,-7.81,
1.01,-7.81,
1.01,-7.81,
1.01,-7.81,
1.01,-7.81,
1.01,-7.81,
1.01,-7.81,
1.01,-7.74,
1.01,-7.74,
1.01,-7.74,
1.01,-7.74,
1.17,-7.74,
1.17,-7.74,
1.17,-7.74,
1.17,-7.74,
1.17,-7.74,
1.17,-7.74,
1.17,-7.74,
1.17,-7.74,
1.17,-7.74,
1.24,-8.61,
1.24,-8.61,
1.24,-8.61,
1.24,-8.61,
1.24,-8.61,
1.24,-8.61,
1.24,-8.61,
1.24,-8.61,
1.24,-8.61,
1.24,-9.04,
1.5,-9.04,
1.5,-9.04,
1.5,-9.04,
1.5,-9.04,
1.5,-9.04,
1.5,-9.04,
1.5,-9.04,
1.5,-9.06,
1.63,-9.06,
1.63,-9.06,
1.63,-9.06,
1.63,-9.06,
1.63,-9.06,
1.63,-9.06,
1.63,-9.06,
1.63,-9.08,
1.63,-9.08,
2.32,-9.08,
2.32,-9.08,
2.32,-9.08,
2.32,-9.08,
2.32,-9.08,
2.32,-9.08,
2.32,-9.08,
2.32,-9.08,
2.32,-8.28,
2.97,-8.28,
2.97,-8.28,
2.97,-8.28,
2.97,-8.28,
2.97,-8.28,
2.97,-8.28,
2.97,-8.28,
2.97,-8.28,
2.97,-8.28,
2.97,-8.28,
3.3,-7.63,
3.3,-7.63,
3.3,-7.63,
3.3,-7.63,
3.3,-7.63,
3.3,-7.63,
3.3,-7.63,
3.3,-7.63,
3.76,-7.31,
3.76,-7.31,
3.76,-7.31,
3.76,-7.31,
3.76,-7.31,
3.76,-7.31,
3.76,-7.31,
3.76,-7.31,
3.76,-7.31,
3.76,-7.31,
3.76,-7.31,
3.76,-7.31,
3.76,-8.41,
3.98,-8.41,
3.98,-8.41,
3.98,-8.41,
3.98,-8.41,
3.98,-8.41,
3.98,-8.41,
3.98,-8.41,
4.35,-8.96,
4.35,-8.96,
4.35,-8.96,
4.35,-8.96,
4.35,-8.96,
4.35,-8.96,
4.35,-8.96,
4.35,-8.96,
4.35,-8.96,
4.35,-9.57,
4.44,-9.57,
4.44,-9.57,
4.44,-9.57,
4.44,-9.57,
4.44,-9.57,
4.44,-9.57,
4.44,-9.57,
4.44,-9.57,
4.44,-10.89,
4.48,-10.89,
4.48,-10.89,
4.48,-10.89,
4.48,-10.89,
4.48,-10.89,
4.48,-10.89,
4.48,-10.89,
4.48,-10.89,
4.48,-10.89,
4.48,-10.89,
4.41,-11.54,
4.41,-11.54,
4.41,-11.54,
4.41,-11.54,
4.41,-11.54,
4.41,-11.54,
4.41,-11.54,
4.41,-11.7,
4.41,-11.7,
4.37,-11.7,
4.37,-11.7,
4.37,-11.7,
4.37,-11.7,
4.37,-11.7,
4.37,-11.7,
4.37,-11.7,
4.37,-11.7,
4.37,-11.7,
4.37,-11.77,
4.19,-11.77,
4.19,-11.77,
4.19,-11.77,
4.19,-11.77,
4.19,-11.77,
4.19,-11.77,
4.19,-11.77,
4.19,-11.77,
4.1,-11.62,
4.1,-11.62,
4.1,-11.62,
4.1,-11.62,
4.1,-11.62,
4.1,-11.62,
4.1,-11.62,
4.1,-11.62,
4.1,-11.62,
4.1,-11.62,
4.41,-11.55,
4.41,-11.55,
4.41,-11.55,
4.41,-11.55,
4.41,-11.55,
4.41,-11.55,
4.41,-11.55,
4.41,-11.55,
4.41,-11.55,
4.41,-11.44,
5.21,-11.44,
5.21,-11.44,
5.21,-11.44,
5.21,-11.44,
5.21,-11.44,
5.21,-11.44,
5.21,-11.44,
5.21,-11.44,
5.21,-11.44,
5.61,-6.71,
5.61,-6.71,
5.61,-6.71,
5.61,-6.71,
5.61,-6.71,
5.61,-6.71,
5.61,-6.71,
5.61,-6.71,
5.61,-6.71,
5.61,-6.71,
5.61,-6.71,
6.8,-4.49,
6.8,-4.49,
6.8,-4.49,
6.8,-4.49,
6.8,-4.49,
6.8,-4.49,
6.8,-4.49,
6.8,-4.49,
6.8,-6.59,
7.36,-6.59,
7.36,-6.59,
7.36,-6.59,
7.36,-6.59,
7.36,-6.59,
7.36,-6.59,
7.36,-6.59,
7.36,-6.59,
7.36,-6.59,
8.66,-7.62,
8.66,-7.62,
8.66,-7.62,
8.66,-7.62,
8.66,-7.62,
8.66,-7.62,
8.66,-7.62,
8.66,-9.96,
8.66,-9.96,
7.71,-9.96,
7.71,-9.96,
7.71,-9.96,
7.71,-9.96,
7.71,-9.96,
7.71,-9.96,
7.71,-9.96,
7.71,-9.96,
7.71,-9.96,
7.26,-14.57,
7.26,-14.57,
7.26,-14.57,
7.26,-14.57,
7.26,-14.57,
7.26,-14.57,
7.26,-14.57,
7.26,-14.57,
7.26,-16.82,
4.42,-16.82,
4.42,-16.82,
4.42,-16.82,
4.42,-16.82,
4.42,-16.82,
4.42,-16.82,
4.42,-16.82,
4.42,-16.82,
4.42,-16.82,
4.42,-16.82,
3.0,-18.34,
3.0,-18.34,
3.0,-18.34,
3.0,-18.34,
3.0,-18.34,
3.0,-18.34,
3.0,-18.34,
3.0,-18.34,
3.0,-18.34,
3.0,-18.34,
3.0,-19.13,
0.19,-19.13,
0.19,-19.13,
0.19,-19.13,
0.19,-19.13,
0.19,-19.13,
0.19,-19.13,
0.19,-19.13,
0.19,-21.71,
0.19,-21.71,
-1.23,-21.71,
-1.23,-21.71,
-1.23,-21.71,
-1.23,-21.71,
-1.23,-21.71,
-1.23,-21.71,
-1.23,-21.71,
-1.23,-23.02,
-1.23,-23.02,
-1.23,-23.02,
-4.33,-23.02,
-4.33,-23.02,
-4.33,-23.02,
-4.33,-23.02,
-4.33,-23.02,
-4.33,-23.02,
-4.33,-23.02,
-4.33,-26.68,
-7.78,-26.68,
-7.78,-26.68,
-7.78,-26.68,
-7.78,-26.68,
-7.78,-26.68,
-7.78,-26.68,
-7.78,-26.68,
-7.78,-26.68,
-7.78,-26.68,
-7.78,-26.68,
-7.78,-26.68,
-7.78,-29.19,
-9.6,-29.19,
-9.6,-29.19,
-9.6,-29.19,
-9.6,-29.19,
-9.6,-29.19,
-9.6,-29.19,
-9.6,-29.19,
-9.6,-29.19,
-8.92,-30.45,
-8.92,-30.45,
-8.92,-30.45,
-8.92,-30.45,
-8.92,-30.45,
-8.92,-30.45,
-8.92,-30.45,
-8.92,-30.45,
-8.57,-28.12,
-8.57,-28.12,
-8.57,-28.12,
-8.57,-28.12,
-8.57,-28.12,
-8.57,-28.12,
-8.57,-28.12,
-8.57,-28.12,
-5.22,-26.96,
-5.22,-26.96,
-5.22,-26.96,
-5.22,-26.96,
-5.22,-26.96,
-5.22,-26.96,
-5.22,-26.96,
-5.22,-26.96,
-5.22,-26.96,
-5.22,-25.19,
-1.25,-25.19,
-1.25,-25.19,
-1.25,-25.19,
-1.25,-25.19,
-1.25,-25.19,
-1.25,-25.19,
-1.25,-25.19,
-1.25,-25.19,
-1.25,-25.19,
0.79,-22.66,
0.79,-22.66,
0.79,-22.66,
0.79,-22.66,
0.79,-22.66,
0.79,-22.66,
0.79,-22.66,
0.79,-22.66,
0.79,-22.66,
0.79,-22.66,
0.79,-22.66,
0.79,-22.66,
0.79,-22.66,
0.79,-21.35,
2.49,-21.35,
2.49,-21.35,
2.49,-21.35,
2.49,-21.35,
2.49,-21.35,
2.49,-21.35,
2.49,-21.35,
2.49,-21.35,
3.31,-21.89,
3.31,-21.89,
3.31,-21.89,
3.31,-21.89,
3.31,-21.89,
3.31,-21.89,
3.31,-21.89,
2.21,-22.16,
2.21,-22.16,
2.21,-22.16,
2.21,-22.16,
2.21,-22.16,
2.21,-22.16,
-0.5,-26.51,
-0.5,-26.51,
-0.5,-26.51,
-0.5,-26.51,
-0.5,-26.51,
-0.5,-26.51,
-0.5,-26.51,
-0.5,-26.51,
-0.5,-28.72,
-1.87,-28.72,
-1.87,-28.72,
-1.87,-28.72,
-1.87,-28.72,
-1.87,-28.72,
-1.87,-28.72,
-1.87,-28.72,
-1.87,-28.72,
-1.87,-28.72,
-1.87,-28.72,
-3.04,-30.44,
-3.04,-30.44,
-3.04,-30.44,
-3.04,-30.44,
-3.04,-30.44,
-3.04,-30.44,
-3.04,-30.44,
-3.04,-30.44,
-3.04,-30.12,
-3.62,-30.12,
-3.62,-30.12,
-3.62,-30.12,
-3.62,-30.12,
-3.62,-30.12,
-3.62,-30.12,
-3.62,-30.12,
-3.62,-30.12,
-3.62,-30.12,
-3.62,-30.12,
-2.54,-29.96,
-2.54,-29.96,
-2.54,-29.96,
-2.54,-29.96,
-2.54,-29.96,
-2.54,-29.96,
-2.54,-29.96,
-2.54,-29.96,
-1.99,-27.68,
-1.99,-27.68,
-1.99,-27.68,
-1.99,-27.68,
-1.99,-27.68,
-1.99,-27.68,
-1.99,-27.68,
-1.99,-27.68,
-1.99,-27.68,
-1.99,-27.68,
-1.99,-27.68,
-1.99,-27.68,
0.19,-26.55,
0.19,-26.55,
0.19,-26.55,
0.19,-26.55,
0.19,-26.55,
0.19,-26.55,
0.19,-26.55,
0.19,-26.55,
1.81,-24.74,
1.81,-24.74,
1.81,-24.74,
1.81,-24.74,
1.81,-24.74,
1.81,-24.74,
1.81,-24.74,
1.81,-24.74,
1.81,-25.43,
1.81,-25.43,
2.61,-25.43,
2.61,-25.43,
2.61,-25.43,
2.61,-25.43,
2.61,-25.43,
2.61,-25.77,
2.61,-25.77,
2.61,-25.77,
2.61,-25.77,
2.61,-25.77,
2.61,-25.77,
2.61,-25.77,
2.61,-25.77,
2.61,-25.77,
2.61,-26.74,
2.61,-26.74,
2.61,-26.74,
2.61,-26.74,
2.61,-26.74,
2.61,-26.74,
2.61,-26.74,
2.61,-26.74,
2.61,-26.74,
2.61,-27.22,
2.91,-27.22,
2.91,-27.22,
2.91,-27.22,
2.91,-27.22,
2.91,-27.22,
2.91,-27.22,
2.91,-27.22,
2.91,-27.22,
2.91,-27.22,
2.91,-27.22,
2.64,-25.8,
2.64,-25.8,
2.64,-25.8,
2.64,-25.8,
2.64,-25.8,
2.64,-25.8,
2.64,-25.8,
2.64,-25.8,
2.64,-25.8,
2.64,-25.8,
2.5,-25.1,
2.5,-25.1,
2.5,-25.1,
2.5,-25.1,
2.5,-25.1,
2.5,-25.1,
2.5,-25.1,
2.5,-25.1,
2.5,-25.1,
2.39,-23.22,
2.39,-23.22,
2.39,-23.22,
2.39,-23.22,
2.39,-23.22,
2.39,-23.22,
2.39,-23.22,
2.39,-23.22,
2.39,-23.22,
2.39,-23.22,
2.33,-22.32,
2.33,-22.32,
2.33,-22.32,
2.33,-22.32,
2.33,-22.32,
2.33,-22.32,
2.33,-22.32,
2.33,-22.32,
2.33,-22.32,
2.33,-22.32,
3.84,-21.88,
3.84,-21.88,
3.84,-21.88,
3.84,-21.88,
3.84,-21.88,
3.84,-21.88,
3.84,-21.88,
3.84,-21.88,
3.84,-22.98,
4.59,-22.98,
4.59,-22.98,
4.59,-22.98,
4.59,-22.98,
4.59,-22.98,
4.59,-22.98,
4.59,-22.98,
4.59,-22.98,
4.59,-23.5,
5.09,-23.5,
5.09,-23.5,
5.09,-23.5,
5.09,-23.5,
5.09,-23.5,
5.09,-23.5,
5.09,-23.5,
5.09,-23.5,
5.09,-25.45,
4.87,-25.45,
4.87,-25.45,
4.87,-25.45,
4.87,-25.45,
4.87,-25.45,
4.87,-25.45,
4.87,-25.45,
4.87,-25.45,
4.87,-25.45,
4.76,-28.82,
4.76,-28.82,
4.76,-28.82,
4.76,-28.82,
4.76,-28.82,
4.76,-28.82,
4.76,-28.82,
4.76,-28.82,
4.76,-28.82,
4.76,-28.82,
4.79,-30.5,
4.79,-30.5,
4.79,-30.5,
4.79,-30.5,
4.79,-30.5,
4.79,-30.5,
4.79,-30.5,
4.79,-30.5,
4.79,-30.5,
4.79,-30.5,
4.81,-33.3,
4.81,-33.3,
4.81,-33.3,
4.81,-33.3,
4.81,-33.3,
4.81,-33.3,
4.81,-33.3,
4.81,-33.3,
4.81,-33.3,
4.38,-34.65,
4.38,-34.65,
4.38,-34.65,
4.38,-34.65,
4.38,-34.65,
4.38,-34.65,
4.38,-34.65,
4.37,-35.87,
4.37,-35.87,
4.37,-35.87,
4.37,-35.87,
4.37,-35.87,
4.37,-35.87,
4.37,-35.87,
4.37,-35.87,
4.37,-35.87,
4.37,-35.87,
4.37,-35.87,
4.37,-35.87,
4.37,-37.74,
4.37,-37.74,
4.37,-37.74,
4.37,-37.74,
4.37,-37.74,
4.37,-37.74,
4.37,-37.74,
4.37,-37.74,
4.37,-37.74,
4.81,-38.59,
4.81,-38.59,
4.81,-38.59,
4.81,-38.59,
4.81,-38.59,
4.81,-38.59,
4.81,-38.59,
4.81,-38.59,
5.03,-39.07,
5.03,-39.07,
5.03,-39.07,
5.03,-39.07,
5.03,-39.07,
5.03,-39.07,
5.03,-39.07,
5.03,-39.07,
5.03,-39.07,
5.03,-39.07,
5.03,-39.07,
5.03,-39.07,
5.03,-39.07,
5.03,-39.07,
5.03,-39.07,
5.29,-39.32,
5.29,-39.32,
5.29,-39.32,
5.42,-39.57,
5.42,-39.57,
5.42,-39.57,
5.42,-39.57,
5.42,-39.57,
5.42,-39.57,
5.42,-39.57,
5.42,-39.57,
5.42,-39.57,
5.42,-39.57,
6.26,-39.7,
6.26,-39.7,
6.26,-39.7,
6.26,-39.7,
6.26,-39.7,
6.26,-39.7,
6.26,-39.7,
6.26,-39.7,
6.26,-39.7,
6.26,-39.7,
6.26,-39.7,
6.26,-39.7,
6.73,-40.7,
6.73,-40.7,
6.73,-40.7,
6.73,-40.7,
6.73,-40.7,
6.73,-40.7,
6.73,-40.7,
6.73,-40.7,
6.73,-40.7,
6.97,-41.29,
6.97,-41.29,
6.97,-41.29,
6.97,-41.29,
6.97,-41.29,
6.97,-41.29,
6.97,-41.29,
6.97,-41.29,
6.97,-41.29,
7.54,-41.61,
7.54,-41.61,
7.54,-41.61,
7.54,-41.61,
7.54,-41.61,
7.54,-41.61,
7.54,-41.61,
7.54,-41.61,
7.54,-41.61,
7.54,-41.61,
7.54,-41.61,
7.83,-43.63,
7.83,-43.63,
7.83,-43.63,
7.83,-43.63,
7.83,-43.63,
7.83,-43.63,
7.83,-43.63,
8.32,-44.62,
8.32,-44.62,
8.32,-44.62,
8.32,-44.62,
8.32,-44.62,
8.32,-44.62,
8.32,-44.62,
8.32,-44.62,
8.32,-44.62,
8.37,-46.36,
8.37,-46.36,
8.37,-46.36,
8.37,-46.36,
8.37,-46.36,
8.37,-46.36,
8.37,-46.36,
8.37,-46.36,
8.37,-46.36,
8.37,-46.36,
8.37,-46.36,
8.39,-47.15,
8.39,-47.15,
8.39,-47.15,
8.39,-47.15,
8.39,-47.15,
8.39,-47.15,
8.39,-47.15,
8.39,-47.15,
8.39,-47.15,
8.39,-47.15,
8.86,-47.54,
8.86,-47.54,
8.86,-47.54,
8.86,-47.54,
8.86,-47.54,
8.86,-47.54,
8.86,-47.54,
8.86,-47.54,
8.86,-47.54,
9.09,-48.82,
9.09,-48.82,
9.09,-48.82,
9.09,-48.82,
9.09,-48.82,
9.09,-48.82,
9.09,-48.82,
9.09,-48.82,
9.09,-48.82,
9.09,-48.82,
9.76,-49.46,
9.76,-49.46,
9.76,-49.46,
9.76,-49.46,
9.76,-49.46,
9.76,-49.46,
9.76,-49.46,
9.76,-49.46,
9.76,-49.46,
9.76,-49.46,
9.76,-49.46,
10.1,-48.18,
10.1,-48.18,
10.1,-48.18,
10.1,-48.18,
10.1,-48.18,
10.1,-48.18,
10.1,-48.18,
10.1,-48.18,
10.1,-48.18,
10.63,-47.53,
10.63,-47.53,
10.63,-47.53,
10.63,-47.53,
10.63,-47.53,
10.63,-47.53,
10.63,-47.53,
10.63,-47.53,
11.73,-45.79,
11.73,-45.79,
11.73,-45.79,
11.73,-45.79,
11.73,-45.79,
11.73,-45.79,
11.73,-45.79,
11.73,-45.79,
11.73,-45.79,
11.73,-45.79,
12.29,-44.86,
12.29,-44.86,
12.29,-44.86,
12.29,-44.86,
12.29,-44.86,
12.6,-44.38,
12.6,-44.38,
12.6,-44.38,
12.6,-44.38,
12.6,-44.38,
12.6,-44.38,
12.6,-44.38,
12.6,-44.38,
12.76,-42.2,
12.76,-42.2,
12.76,-42.2,
12.76,-42.2,
12.76,-42.2,
12.76,-42.2,
12.76,-42.2,
12.76,-42.2,
12.76,-42.2,
12.76,-42.2,
13.02,-41.1,
13.02,-41.1,
13.02,-41.1,
13.02,-41.1,
13.02,-41.1,
13.02,-41.1,
13.02,-41.1,
13.02,-41.1,
13.62,-39.37,
13.62,-39.37,
13.62,-39.37,
13.62,-39.37,
13.62,-39.37,
13.62,-39.37,
13.62,-39.37,
13.62,-39.37,
13.62,-39.37,
13.62,-39.37,
13.62,-39.37,
13.92,-40.05,
13.92,-40.05,
13.92,-40.05,
13.92,-40.05,
13.92,-40.05,
14.88,-40.39,
14.88,-40.39,
14.88,-40.39,
14.88,-40.39,
14.88,-40.39,
14.88,-40.39,
14.88,-40.39,
14.88,-40.39,
14.88,-40.39,
14.88,-40.39,
15.37,-39.27,
15.37,-39.27,
15.37,-39.27,
15.37,-39.27,
15.37,-39.27,
15.37,-39.27,
15.37,-39.27,
15.37,-39.27,
15.37,-39.27,
16.31,-38.73,
16.31,-38.73,
16.31,-38.73,
16.31,-38.73,
16.31,-38.73,
16.31,-38.73,
16.31,-38.73,
16.78,-37.89,
16.78,-37.89,
16.78,-37.89,
16.78,-37.89,
16.78,-37.89,
16.78,-37.89,
16.78,-37.89,
16.78,-37.89,
16.78,-37.89,
16.78,-37.89,
17.06,-37.47,
17.06,-37.47,
17.06,-37.47,
17.06,-37.47,
17.06,-37.47,
17.06,-37.47,
17.06,-37.47,
17.06,-37.47,
17.06,-37.47,
17.06,-37.47,
17.06,-35.04,
17.06,-35.04,
17.24,-35.04,
17.24,-35.04,
17.24,-35.04,
17.24,-35.04,
17.24,-35.04,
17.24,-35.04,
17.24,-35.04,
17.24,-30.18,
17.33,-30.18,
17.33,-30.18,
17.33,-30.18,
17.33,-30.18,
17.33,-30.18,
17.33,-30.18,
17.33,-30.18,
17.33,-30.18,
17.33,-30.18,
17.33,-30.18,
17.33,-27.62,
17.68,-27.62,
17.68,-27.62,
17.68,-27.62,
17.68,-27.62,
17.68,-27.62,
17.68,-27.62,
17.68,-27.62,
17.68,-27.62,
17.68,-27.62,
17.68,-27.62,
17.68,-22.91,
17.86,-22.91,
17.86,-22.91,
17.86,-22.91,
17.86,-22.91,
17.86,-22.91,
17.86,-22.91,
17.86,-22.91,
18.43,-20.57,
18.43,-20.57,
18.43,-20.57,
18.43,-20.57,
18.43,-20.57,
18.43,-20.57,
18.43,-20.57,
18.43,-20.57,
18.43,-18.04,
19.3,-18.04,
19.3,-18.04,
19.3,-18.04,
19.3,-18.04,
19.3,-18.04,
19.3,-18.04,
19.3,-18.04,
19.3,-18.04,
19.3,-18.04,
19.74,-18.11,
19.74,-18.11,
19.74,-18.11,
19.74,-18.11,
19.74,-18.11,
19.74,-18.11,
19.74,-18.11,
19.74,-18.11,
19.74,-18.11,
19.74,-18.15,
20.65,-18.15,
20.65,-18.15,
20.65,-18.15,
20.65,-18.15,
20.65,-18.15,
20.65,-18.15,
20.65,-18.4,
21.11,-18.4,
21.11,-18.4,
21.11,-18.4,
21.11,-18.4,
21.11,-18.4,
21.11,-18.4,
21.11,-18.4,
21.11,-18.4,
21.11,-18.4,
21.11,-18.4,
22.2,-18.52,
22.2,-18.52,
22.2,-18.52,
22.2,-18.52,
22.2,-18.52,
22.2,-18.52,
22.2,-18.52,
22.2,-18.52,
22.2,-18.52,
22.2,-18.52,
22.74,-17.23,
22.74,-17.23,
22.74,-17.23,
22.74,-17.23,
22.74,-17.23,
22.74,-17.23,
22.74,-17.23,
22.74,-17.23,
23.16,-16.62,
23.16,-16.62,
23.16,-16.62,
23.16,-16.62,
23.16,-16.62,
23.16,-16.62,
23.16,-16.62,
23.16,-16.62,
23.16,-16.62,
23.16,-16.62,
23.16,-16.62,
22.76,-17.02,
22.76,-17.02,
22.76,-17.02,
22.76,-17.02,
22.76,-17.02,
22.76,-17.02,
22.76,-17.02,
22.76,-17.02,
22.76,-17.02,
22.76,-17.02,
22.56,-16.62,
22.56,-16.62,
22.56,-16.62,
22.56,-16.62,
22.56,-16.62,
22.56,-16.62,
22.56,-16.62,
22.56,-16.62,
22.56,-16.62,
22.41,-16.41,
22.41,-16.41,
22.41,-16.41,
22.41,-16.41,
22.41,-16.41,
22.41,-16.41,
22.41,-16.41,
22.41,-16.41,
22.41,-13.57,
22.41,-13.57,
22.41,-13.57,
22.34,-13.57,
22.34,-13.57,
22.34,-13.57,
22.34,-13.57,
22.34,-13.57,
22.34,-13.57,
22.34,-13.57,
22.34,-13.57,
21.93,-12.1,
21.93,-12.1,
21.93,-12.1,
21.93,-12.1,
21.93,-12.1,
21.93,-12.1,
21.93,-12.1,
21.93,-12.1,
22.3,-7.26,
22.3,-7.26,
22.3,-7.26,
22.3,-7.26,
22.3,-7.26,
22.3,-7.26,
22.3,-7.26,
22.3,-7.26,
22.3,-7.26,
22.49,-3.25,
22.49,-3.25,
22.49,-3.25,
22.49,-3.25,
22.49,-3.25,
22.49,-3.25,
22.49,-3.25,
22.49,-3.25,
22.49,-3.25,
22.49,-3.25,
22.49,-3.25,
23.3,-1.23,
23.3,-1.23,
23.3,-1.23,
23.3,-1.23,
23.3,-1.23,
23.3,-1.23,
23.3,-1.23,
23.3,-1.23,
23.69,0.5,
23.69,0.5,
23.69,0.5,
23.69,0.5,
23.69,0.5,
23.69,0.5,
23.69,0.5,
23.69,0.5,
23.69,0.5,
23.69,0.5,
23.69,0.5,
24.64,1.38,
24.64,1.38,
24.64,1.38,
24.64,1.38,
24.64,1.38,
24.64,1.38,
24.64,1.38,
24.64,3.29,
25.11,3.29,
25.11,3.29,
25.11,3.29,
25.11,3.29,
25.11,3.29,
25.11,3.29,
25.11,3.29,
25.11,3.29,
25.11,3.29,
25.11,3.29,
25.11,4.26,
25.61,4.26,
25.61,4.26,
25.61,4.26,
25.61,4.26,
25.61,4.26,
25.61,4.26,
25.61,4.26,
25.61,4.26,
26.35,5.46,
26.35,5.46,
26.35,5.46,
26.35,5.46,
26.35,5.46,
26.35,5.46,
26.35,5.46,
26.35,6.69,
26.72,6.69,
26.72,6.69,
26.72,6.69,
26.72,6.69,
26.72,6.69,
26.72,6.69,
26.72,6.69,
26.72,6.69,
26.72,7.29,
26.72,7.29,
28.05,7.29,
28.05,7.29,
28.05,7.29,
28.05,7.29,
28.05,7.29,
28.05,7.29,
28.05,7.29,
28.05,7.29,
28.05,7.29,
28.05,7.29,
28.05,8.02,
28.71,8.02,
28.71,8.02,
28.71,8.02,
28.71,8.02,
28.71,8.02,
28.71,8.02,
28.71,8.02,
28.71,8.02,
28.71,8.02,
29.8,8.39,
29.8,8.39,
29.8,8.39,
29.8,8.39,
29.8,8.39,
29.8,8.39,
29.8,8.39,
29.8,8.39,
29.8,8.39,
29.8,8.25,
29.91,8.25,
29.91,8.25,
29.91,8.25,
29.91,8.25,
29.91,8.25,
29.91,8.25,
29.91,8.25,
29.91,8.25,
29.95,9.19,
29.95,9.19,
29.95,9.19,
29.95,9.19,
29.95,9.19,
29.95,9.19,
29.95,9.19,
29.95,9.19,
29.95,9.19,
29.95,9.19,
29.95,9.65,
29.66,9.65,
29.66,9.65,
29.66,9.65,
29.66,9.65,
29.66,9.65,
29.66,9.65,
29.66,9.65,
29.66,9.65,
29.66,10.41,
29.52,10.41,
29.52,10.41,
29.52,10.41,
29.52,10.41,
29.52,10.41,
29.52,10.41,
29.52,10.41,
29.52,10.79,
29.69,10.79,
29.69,10.79,
29.69,10.79,
29.69,10.79,
29.69,10.79,
29.69,10.79,
29.69,10.79,
29.69,10.79,
29.69,10.79,
29.69,11.82,
29.77,11.82,
29.77,11.82,
29.77,11.82,
29.77,11.82,
29.77,11.82,
29.77,11.82,
29.77,11.82,
29.77,11.82,
29.77,11.82,
29.77,12.34,
29.36,12.34,
29.36,12.34,
29.36,12.34,
29.36,12.34,
29.36,12.34,
29.36,12.34,
29.36,12.34,
29.36,12.34,
27.17,11.2,
27.17,11.2,
27.17,11.2,
27.17,11.2,
27.17,11.2,
27.17,11.2,
27.17,11.2,
27.17,11.2,
27.17,11.2,
27.17,11.2,
27.17,11.2,
26.05,8.51,
26.05,8.51,
26.05,8.51,
26.05,8.51,
26.05,8.51,
26.05,8.51,
26.05,8.51,
26.05,8.51,
24.11,7.16,
24.11,7.16,
24.11,7.16,
24.11,7.16,
24.11,7.16,
24.11,7.16,
24.11,7.16,
24.11,7.16,
24.11,7.16,
24.11,5.22,
23.1,5.22,
23.1,5.22,
23.1,5.22,
23.1,5.22,
23.1,5.22,
23.1,5.22,
23.1,5.22,
23.1,4.23,
23.1,4.23,
23.1,4.23,
23.1,4.23,
20.92,4.23,
20.92,4.23,
20.92,4.23,
20.92,4.23,
20.92,4.23,
20.92,4.23,
20.92,4.23,
15.18,5.58,
15.18,5.58,
15.18,5.58,
15.18,5.58,
15.18,5.58,
15.18,5.58,
15.18,5.58,
15.18,5.58,
15.18,5.58,
15.18,19.02,
12.91,19.02,
12.91,19.02,
12.91,19.02,
12.91,19.02,
12.91,19.02,
12.91,19.02,
12.91,19.02,
12.91,19.02,
12.91,23.52,
15.35,23.52,
15.35,23.52,
15.35,23.52,
15.35,23.52,
15.35,23.52,
15.35,23.52,
15.35,23.52,
15.35,23.52,
15.35,25.82,
16.56,25.82,
16.56,25.82,
16.56,25.82,
16.56,25.82,
16.56,25.82,
16.56,25.82,
16.56,25.82,
16.56,25.82,
16.56,25.82,
16.56,25.82,
16.56,27.26,
16.56,27.26,
16.56,27.26,
28.6,27.26,
28.6,27.26,
28.6,27.26,
28.6,27.26,
28.6,27.26,
28.6,27.26,
28.6,27.26,
28.6,17.63,
34.65,17.63,
34.65,17.63,
34.65,17.63,
34.65,17.63,
34.65,17.63,
34.65,17.63,
34.65,17.63,
34.65,12.47,
32.77,12.47,
32.77,12.47,
32.77,12.47,
32.77,12.47,
32.77,12.47,
32.77,12.47,
32.77,12.47,
32.77,12.47,
32.77,12.47,
23.39,18.73,
23.39,18.73,
23.39,18.73,
23.39,18.73,
23.39,18.73,
23.39,18.73,
23.39,18.73,
23.39,18.73,
23.39,18.73,
23.39,19.54,
18.32,19.54,
18.32,19.54,
18.32,19.54,
18.32,19.54,
18.32,19.54,
18.32,19.54,
18.32,19.54,
18.32,19.54,
18.32,19.54,
18.32,19.54,
18.32,19.54,
18.32,19.94,
15.21,19.94,
15.21,19.94,
15.21,19.94,
15.21,19.94,
15.21,19.94,
15.21,11.75,
13.51,11.75,
13.51,11.75,
13.51,11.75,
13.51,11.75,
13.51,11.75,
13.51,11.75,
13.51,11.75,
13.51,11.75,
13.71,7.38,
13.71,7.38,
13.71,7.38,
13.71,7.38,
13.71,7.38,
13.71,7.38,
13.71,7.38,
13.71,7.38,
13.71,7.38,
13.71,7.38,
13.71,7.38,
13.71,-2.91,
13.71,-2.91,
13.12,-2.91,
13.12,-2.91,
13.12,-2.91,
13.12,-2.91,
13.12,-2.91,
13.12,-2.91,
13.12,-2.91,
13.12,2.92,
12.81,2.92,
12.81,2.92,
12.81,2.92,
12.81,2.92,
12.81,2.92,
12.81,2.92,
12.81,2.92,
12.81,5.92,
12.81,5.92,
10.44,5.92,
10.44,5.92,
10.44,5.92,
10.44,5.92,
10.44,5.92,
10.44,5.92,
10.44,5.92,
10.44,5.92,
10.44,5.92,
10.44,8.98,
9.23,8.98,
9.23,8.98,
9.23,8.98,
9.23,8.98,
9.23,8.98,
9.23,8.98,
9.23,8.98,
9.23,8.98,
9.23,8.98,
9.23,8.98,
8.46,10.49,
8.46,10.49,
8.46,10.49,
8.46,10.49,
8.46,10.49,
8.46,10.49,
8.46,10.49,
8.46,10.49,
8.46,10.49,
8.46,10.49,
8.46,9.71,
8.07,9.71,
8.07,9.71,
8.07,9.71,
8.07,9.71,
8.07,9.71,
8.07,9.71,
8.07,9.71,
8.07,9.31,
9.43,9.31,
9.43,9.31,
9.43,9.31,
9.43,9.31,
9.43,9.31,
9.43,8.93,
9.43,8.93,
9.43,8.93,
11.32,8.93,
11.32,8.93,
11.32,8.93,
11.32,8.93,
11.32,8.93,
11.32,8.93,
11.32,8.93,
11.32,8.93,
11.32,8.93,
11.32,9.95,
12.25,9.95,
12.25,9.95,
12.25,9.95,
12.25,9.95,
12.25,9.95,
12.25,9.95,
12.25,9.95,
12.25,9.95,
12.25,10.45,
13.41,10.45,
13.41,10.45,
13.41,10.45,
13.41,10.45,
13.41,10.45,
13.41,10.45,
13.41,10.45,
13.41,10.45,
13.41,10.26,
13.98,10.26,
13.98,10.26,
13.98,10.26,
13.98,10.26,
13.98,10.26,
13.98,10.26,
13.98,10.26,
13.98,10.16,
13.98,10.16,
13.98,10.16,
14.54,10.16,
14.54,10.16,
14.54,10.16,
14.54,10.16,
14.54,10.16,
14.54,10.16,
14.54,10.16,
14.54,10.16,
14.54,10.6,
14.18,10.6,
14.18,10.6,
14.18,10.6,
14.18,10.6,
14.18,10.6,
14.18,10.6,
14.18,12.16,
14.18,12.16,
14.18,12.16,
13.99,12.16,
13.99,12.16,
13.99,12.16,
13.99,12.16,
13.99,12.16,
13.99,12.16,
13.99,12.16,
13.99,12.16,
13.99,12.93,
12.01,12.93,
12.01,12.93,
12.01,12.93,
12.01,12.93,
12.01,12.93,
12.01,12.93,
12.01,12.64,
12.01,12.64,
11.02,12.64,
11.02,12.64,
11.02,12.64,
11.02,12.64,
11.02,12.64,
11.02,12.64,
11.02,12.64,
11.02,12.64,
11.02,12.64,
11.02,12.64,
11.02,12.49,
11.02,12.49,
9.43,12.49,
9.43,12.49,
9.43,12.49,
9.43,12.49,
9.43,12.49,
9.43,9.79,
8.63,9.79,
8.63,9.79,
8.63,9.79,
8.63,9.79,
8.63,9.79,
8.63,9.79,
8.63,9.79,
8.63,9.79,
8.63,7.37,
7.44,7.37,
7.44,7.37,
7.44,7.37,
7.44,7.37,
7.44,7.37,
7.44,7.37,
7.44,7.37,
7.44,7.37,
7.44,7.37,
7.44,7.37,
7.44,6.16,
7.44,6.16,
6.84,6.16,
6.84,6.16,
6.84,6.16,
6.84,6.16,
6.84,6.16,
6.84,6.16,
6.84,5.31,
6.84,5.31,
6.54,5.31,
6.54,5.31,
6.54,5.31,
6.54,5.31,
6.54,5.31,
6.54,5.31,
6.54,5.31,
6.54,5.31,
6.54,5.31,
6.54,5.31,
6.54,5.31,
6.54,5.31,
6.54,4.88,
6.54,4.88,
6.83,4.88,
6.83,4.88,
6.83,4.88,
6.83,4.88,
6.83,4.88,
6.83,5.39,
6.97,5.39,
6.97,5.39,
6.97,5.39,
6.97,5.39,
6.97,5.39,
6.97,5.39,
6.97,5.39,
7.36,5.63,
7.36,5.63,
7.36,5.63,
7.36,5.63,
7.36,5.63,
7.36,5.63,
7.36,5.63,
7.36,5.63,
7.36,6.07,
7.57,6.07,
7.57,6.07,
7.57,6.07,
7.57,6.07,
7.57,6.07,
7.57,6.07,
7.57,6.07,
7.57,6.07,
7.57,6.07,
7.57,6.07,
7.57,5.32,
7.67,5.32,
7.67,5.32,
7.67,5.32,
7.67,5.32,
7.67,5.32,
7.67,5.32,
7.67,5.32,
7.67,4.96,
6.89,4.96,
6.89,4.96,
6.89,4.96,
6.89,4.96,
6.89,4.96,
6.89,4.96,
6.89,4.96,
6.89,4.96,
6.89,4.96,
6.89,4.96,
6.89,2.32,
6.89,2.32,
6.5,2.32,
6.5,2.32,
6.5,2.32,
6.5,2.32,
6.5,2.32,
6.5,2.32,
6.5,1.02,
6.5,1.02,
6.5,1.02,
6.5,1.02,
4.93,1.02,
4.93,1.02,
4.93,1.02,
4.93,1.02,
4.93,1.02,
4.93,1.02,
4.93,1.02,
4.93,1.02,
4.93,1.02,
4.93,-0.18,
4.93,-0.18,
4.03,-0.18,
4.03,-0.18,
4.03,-0.18,
4.03,-0.18,
4.03,-0.18,
4.03,1.58,
4.03,1.58,
4.03,1.58,
4.03,1.58,
4.03,1.58,
3.59,1.58,
3.59,1.58,
3.59,1.58,
3.59,1.58,
3.59,1.58,
3.59,2.46,
3.59,2.46,
3.59,2.46,
3.66,2.46,
3.66,2.46,
3.66,2.46,
3.66,2.46,
3.66,2.46,
3.66,2.46,
3.66,2.46,
3.66,3.82,
3.66,3.82,
3.7,3.82,
3.7,3.82,
3.7,3.82,
3.7,3.82,
3.7,3.82,
3.7,3.82,
3.7,4.5,
3.7,4.5,
3.97,4.5,
3.97,4.5,
3.97,4.5,
3.97,4.5,
3.97,4.5,
3.97,4.5,
3.97,4.5,
3.97,4.5,
3.97,4.5,
3.97,4.5,
3.97,4.43,
4.11,4.43,
4.11,4.43,
4.11,4.43,
4.11,4.43,
4.11,4.43,
4.11,4.43,
4.11,4.43,
4.11,4.43,
4.11,4.43,
4.11,4.4,
5.52,4.4,
5.52,4.4,
5.52,4.4,
5.52,4.4,
5.52,4.4,
5.52,4.4,
5.52,4.4,
5.52,4.4,
5.52,3.94,
5.52,3.94,
5.52,3.94,
5.79,3.94,
5.79,3.94,
5.79,3.94,
5.79,3.94,
5.79,3.94,
5.79,3.94,
5.79,3.94,
5.79,3.94,
5.79,3.44,
5.92,3.44,
5.92,3.44,
5.92,3.44,
5.92,3.44,
5.92,3.44,
5.92,3.44,
5.92,3.19,
5.92,3.19,
5.92,3.19,
6.53,3.19,
6.53,3.19,
6.53,3.19,
6.53,3.19,
6.53,3.19,
6.53,3.19,
6.53,3.19,
6.53,4.07,
6.53,4.07,
6.83,4.07,
6.83,4.07,
6.83,4.07,
6.83,4.07,
6.83,4.07,
6.83,4.07,
6.83,4.07,
6.83,4.07,
6.83,4.5,
6.81,4.5,
6.81,4.5,
6.81,4.5,
6.81,4.5,
6.81,4.5,
6.81,4.5,
6.81,4.5,
6.81,4.5,
6.81,4.5,
6.81,4.18,
6.81,4.18,
6.93,4.18,
6.93,4.18,
6.93,4.18,
6.93,4.18,
6.93,4.18,
6.93,4.18,
6.93,3.34,
6.93,3.34,
6.99,3.34,
6.99,3.34,
6.99,3.34,
6.99,3.34,
6.99,3.34,
6.99,3.34,
6.99,3.34,
6.99,3.34,
6.99,3.34,
6.99,2.91,
7.07,2.91,
7.07,2.91,
7.07,2.91,
7.07,2.91,
7.07,2.91,
7.07,2.91,
7.07,2.91,
7.07,3.43,
7.12,3.43,
7.12,3.43,
7.12,3.43,
7.12,3.43,
7.12,3.43,
7.12,3.43,
7.12,3.43,
7.12,3.43,
7.12,3.43,
7.12,3.43,
7.12,3.43,
7.12,3.69,
7.12,3.69,
6.57,3.69,
6.57,3.69,
6.57,3.69,
6.57,3.69,
6.57,3.69,
6.57,3.69,
6.57,3.69,
6.57,3.17,
6.29,3.17,
6.29,3.17,
6.29,3.17,
6.29,3.17,
6.29,3.17,
6.29,3.17,
6.29,3.17,
6.29,2.9,
6.29,2.9,
5.86,2.9,
5.86,2.9,
5.86,2.9,
5.86,2.9,
5.86,2.9,
5.86,2.9,
5.86,2.9,
5.86,2.9,
5.86,2.9,
5.86,3.18,
5.86,3.18,
5.52,3.18,
5.52,3.18,
5.52,3.18,
5.52,3.18,
5.52,3.18,
5.52,4.09,
5.52,4.09,
5.52,4.09,
5.36,4.09,
5.36,4.09,
5.36,4.09,
5.36,4.09,
5.36,4.09,
5.36,4.09,
5.35,4.55,
5.35,4.55,
5.35,4.55,
5.35,4.55,
5.35,4.55,
5.35,4.55,
5.35,4.55,
5.35,4.55,
5.35,4.55,
5.35,3.89,
5.35,3.89,
5.34,3.89,
5.34,3.89,
5.34,3.89,
5.34,3.89,
5.34,3.89,
5.34,3.89,
5.34,3.89,
5.34,3.89,
5.34,3.89,
5.34,3.89,
5.34,3.55,
5.71,3.55,
5.71,3.55,
5.71,3.55,
5.71,3.55,
5.71,3.55,
5.71,3.55,
5.71,3.55,
5.71,3.55,
5.71,2.92,
5.71,2.92,
5.75,2.92,
5.75,2.92,
5.75,2.92,
5.75,2.92,
5.75,2.92,
5.75,2.92,
5.75,2.92,
5.75,2.92,
5.75,2.61,
5.75,2.61,
5.78,2.61,
5.78,2.61,
5.78,2.61,
5.78,2.61,
5.78,2.61,
5.78,2.61,
5.78,2.61,
5.78,2.61,
5.78,2.93,
6.3,2.93,
6.3,2.93,
6.3,2.93,
6.3,2.93,
6.3,2.93,
6.3,2.93,
6.3,2.93,
6.3,2.93,
6.3,3.73,
6.3,3.73,
6.56,3.73,
6.56,3.73,
6.56,3.73,
6.56,3.73,
6.56,3.73,
6.56,3.73,
6.56,3.73,
6.56,3.73,
6.56,4.12,
6.56,4.12,
6.91,4.12,
6.91,4.12,
6.91,4.12,
6.91,4.12,
6.91,4.12,
6.91,4.12,
6.91,4.12,
6.91,4.24,
6.91,4.24,
6.91,4.24,
6.91,4.24,
7.09,4.24,
7.09,4.24,
7.09,4.24,
7.09,4.24,
7.09,4.24,
7.09,4.24,
7.51,4.3,
7.51,4.3,
7.51,4.3,
7.51,4.3,
7.51,4.3,
7.51,4.3,
7.51,4.3,
7.51,4.3,
7.51,4.3,
7.51,4.23,
7.33,4.23,
7.33,4.23,
7.33,4.23,
7.33,4.23,
7.33,4.23,
7.33,4.23,
7.33,4.23,
7.33,3.3,
7.33,3.3,
7.24,3.3,
7.24,3.3,
7.24,3.3,
7.24,3.3,
7.24,3.3,
7.24,3.3,
7.24,3.3,
7.24,3.3,
7.24,3.3,
7.24,3.3,
7.24,2.83,
7.24,2.83,
6.61,2.83,
6.61,2.83,
6.61,2.83,
6.61,2.83,
6.61,2.83,
6.61,2.83,
6.61,2.83,
6.61,2.83,
6.61,3.08,
6.61,3.08,
6.29,3.08,
6.29,3.08,
6.29,3.08,
6.29,3.08,
6.29,3.08,
6.29,3.2,
6.29,3.2,
6.29,3.2,
5.57,3.2,
5.57,3.2,
5.57,3.2,
5.57,3.2,
5.57,3.2,
5.57,3.2,
5.57,3.2,
5.57,3.2,
5.57,3.12,
5.57,3.12,
4.86,3.12,
4.86,3.12,
4.86,3.12,
4.86,3.12,
4.86,3.12,
4.86,3.12,
4.86,3.12,
4.86,3.12,
4.86,3.12,
4.86,3.12,
4.86,3.12,
4.86,3.12,
4.86,3.12,
4.86,3.07,
4.86,3.07,
4.86,3.07,
4.5,3.07,
4.5,3.07,
4.5,3.07,
4.5,3.07,
4.5,3.07,
4.5,2.14,
4.5,2.14,
3.9,2.14,
3.9,2.14,
3.9,2.14,
3.9,2.14,
3.9,2.14,
3.9,2.14,
3.9,0.94,
3.9,0.94,
3.61,0.94,
3.61,0.94,
3.61,0.94,
3.61,0.94,
3.61,0.94,
3.61,0.35,
3.66,0.35,
3.66,0.35,
3.66,0.35,
3.66,0.35,
3.66,0.35,
3.66,0.35,
3.66,0.35,
3.66,0.2,
3.66,0.2,
3.69,0.2,
3.69,0.2,
3.69,0.2,
3.69,0.2,
3.69,0.2,
3.69,0.2,
3.69,0.2,
3.69,0.2,
3.69,0.13,
3.69,0.13,
3.69,0.13,
3.69,0.13,
4.56,0.13,
4.56,0.13,
4.56,0.13,
4.56,0.13,
4.56,0.13,
4.56,0.13,
4.56,0.13,
4.56,1.61,
4.56,1.61,
4.95,1.61,
4.95,1.61,
4.95,1.61,
4.95,1.61,
4.95,1.61,
4.95,1.61,
4.95,2.08,
4.95,2.08,
4.95,2.08,
4.95,2.08,
4.95,2.08,
5.15,2.08,
5.15,2.08,
5.15,2.08,
5.15,2.08,
5.15,2.08,
5.15,2.08,
5.15,2.08,
5.15,2.31,
5.16,2.31,
5.16,2.31,
5.16,2.31,
5.16,2.31,
5.16,2.31,
5.16,2.31,
5.16,2.31,
5.16,1.86,
5.16,1.86,
5.16,1.86,
5.16,1.86,
5.16,1.86,
5.16,1.86,
5.16,1.86,
5.16,1.86,
5.16,1.86,
5.16,1.64,
5.16,1.64,
5.16,1.64,
4.97,1.64,
4.97,1.64,
4.97,1.64,
4.97,1.64,
4.97,1.64,
4.97,1.64,
4.97,1.64,
4.97,1.56,
4.97,1.56,
4.96,1.56,
4.96,1.56,
4.96,1.56,
4.96,1.56,
4.96,1.56,
4.96,1.56,
4.96,1.56,
4.96,1.51,
4.96,1.51,
4.95,1.51,
4.95,1.51,
4.95,1.51,
4.95,1.51,
4.95,1.51,
4.95,1.51,
4.95,1.51,
4.95,1.51,
4.95,1.51,
4.95,1.83,
4.95,1.83,
4.95,1.83,
5.01,1.83,
5.01,1.83,
5.01,1.83,
5.01,1.83,
5.01,1.83,
5.01,1.83,
5.01,1.83,
5.01,1.97,
5.01,1.97,
5.04,1.97,
5.04,1.97,
5.04,1.97,
5.04,1.97,
5.04,1.97,
5.04,1.97,
5.04,2.04,
5.04,2.04,
5.04,2.04,
5.48,2.04,
5.48,2.04,
5.48,2.04,
5.48,2.04,
5.48,2.04,
5.48,2.04,
5.48,2.04,
5.48,3.01,
5.48,3.01,
5.69,3.01,
5.69,3.01,
5.69,3.01,
5.69,3.01,
5.69,3.01,
5.69,3.01,
5.69,3.01,
5.69,3.01,
5.69,3.01,
5.9,3.5,
5.9,3.5,
5.9,3.5,
5.9,3.5,
5.9,3.5,
5.9,3.5,
5.9,3.5,
5.9,3.5,
5.9,3.13,
5.9,3.13,
5.9,3.13,
6.02,3.13,
6.02,3.13,
6.02,3.13,
6.02,3.13,
6.02,3.13,
6.02,3.13,
6.02,3.13,
6.02,2.39,
6.08,2.39,
6.08,2.39,
6.08,2.39,
6.08,2.39,
6.08,2.39,
6.08,2.39,
6.08,2.39,
6.08,2.39,
6.08,2.02,
6.3,2.02,
6.3,2.02,
6.3,2.02,
6.3,2.02,
6.3,2.02,
6.3,2.02,
6.3,2.02,
6.3,2.95,
6.3,2.95,
6.3,2.95,
6.4,2.95,
6.4,2.95,
6.4,2.95,
6.4,2.95,
6.4,2.95,
6.4,2.95,
6.4,2.95,
6.4,2.95,
6.4,3.41,
6.4,3.41,
7.06,3.41,
7.06,3.41,
7.06,3.41,
7.06,3.41,
7.06,3.41,
7.06,3.41,
7.06,3.41,
7.06,3.55,
7.41,3.55,
7.41,3.55,
7.41,3.55,
7.41,3.55,
7.41,3.55,
7.41,3.55,
7.41,3.55,
7.41,3.55,
7.41,3.55,
7.41,3.55,
7.41,3.62,
7.41,3.62,
7.41,3.62,
7.58,3.62,
7.58,3.62,
7.58,3.62,
7.58,3.62,
7.58,3.62,
7.58,3.62,
7.58,3.62,
7.58,2.42,
7.58,2.42,
7.58,2.42,
5.68,2.42,
5.68,2.42,
5.68,2.42,
5.68,2.42,
5.68,2.42,
5.68,2.42,
5.68,2.42,
5.68,-1.57,
5.68,-1.57,
4.71,-1.57,
4.71,-1.57,
4.71,-1.57,
4.71,-1.57,
4.71,-1.57,
4.71,-3.53,
4.71,-3.53,
4.71,-3.53,
4.71,-3.53,
2.09,-3.53,
2.09,-3.53,
2.09,-3.53,
2.09,-3.53,
2.09,-3.53,
2.09,-3.53,
2.09,-3.53,
2.09,-3.53,
2.09,-3.53,
2.09,-3.53,
2.09,-3.53,
2.09,-3.53,
2.09,-3.53,
2.09,-6.24,
0.8,-6.24,
0.8,-6.24,
0.8,-6.24,
0.8,-6.24,
0.8,-6.24,
0.8,-6.24,
0.8,-7.56,
0.8,-7.56,
-2.25,-7.56,
-2.25,-7.56,
-2.25,-7.56,
-2.25,-7.56,
-2.25,-9.03,
-2.25,-9.03,
-4.46,-9.03,
-4.46,-9.03,
-4.46,-9.03,
-4.46,-9.03,
-4.46,-9.03,
-4.46,-9.03,
-4.46,-7.63,
-4.46,-7.63,
-4.46,-7.63,
-5.56,-7.63,
-5.56,-7.63,
-5.56,-7.63,
-5.56,-7.63,
-5.56,-7.63,
-5.56,-7.63,
-5.56,-6.91,
-5.56,-6.91,
-5.56,-6.91,
-5.21,-6.91,
-5.21,-6.91,
-5.21,-6.91,
-5.21,-6.91,
-5.21,-6.91,
-5.21,-6.25,
-5.21,-6.25,
-5.21,-6.25,
-5.21,-6.25,
-5.21,-6.25,
-5.04,-6.25,
-5.04,-6.25,
-5.04,-6.25,
-5.04,-6.25,
-5.04,-6.25,
-5.04,-6.25,
-5.04,-6.25,
-5.04,-5.92,
-5.04,-5.92,
-2.26,-5.92,
-2.26,-5.92,
-2.26,-5.92,
-2.26,-5.92,
-2.26,-5.92,
-2.26,-5.92,
-2.26,-5.92,
-2.26,-5.27,
-2.26,-5.27,
0.15,-5.27,
0.15,-5.27,
0.15,-5.27,
0.15,-5.27,
0.15,-5.27,
0.15,-5.27,
0.15,-5.27,
0.15,-4.93,
0.15,-4.93,
1.37,-4.93,
1.37,-4.93,
1.37,-4.93,
1.37,-4.93,
1.37,-4.93,
1.37,-4.93,
1.37,-1.22,
1.37,-1.22,
2.15,-1.22,
2.15,-1.22,
2.15,-1.22,
2.15,-1.22,
2.15,-1.22,
2.15,-1.22,
2.15,-1.22,
2.15,1.57,
2.15,1.57,
2.54,1.57,
2.54,1.57,
2.54,1.57,
2.54,1.57,
2.54,1.57,
2.54,1.57,
2.54,1.57,
2.54,2.95,
2.54,2.95,
3.24,2.95,
3.24,2.95,
3.24,2.95,
3.24,2.95,
3.24,2.95,
3.24,2.95,
3.24,0.49,
3.24,0.49,
3.24,0.49,
3.59,0.49,
3.59,0.49,
3.59,0.49,
3.59,0.49,
3.59,0.49,
3.59,0.49,
3.59,0.49,
3.59,0.49,
3.59,0.49,
3.59,-0.74,
3.59,-0.74,
2.98,-0.74,
2.98,-0.74,
2.98,-0.74,
2.98,-0.74,
2.98,-0.74,
2.98,-0.74,
2.98,-0.74,
2.98,-0.95,
2.98,-0.95,
2.37,-0.95,
2.37,-0.95,
2.37,-0.95,
2.37,-0.95,
2.37,-0.95,
2.37,-0.95,
2.37,-0.95,
2.37,-0.95,
2.37,-0.26,
2.37,-0.26,
2.37,-0.26,
2.07,-0.26,
2.07,-0.26,
2.07,-0.26,
2.07,-0.26,
2.07,-0.26,
2.07,0.1,
2.07,0.1,
1.54,0.1,
1.54,0.1,
1.54,0.1,
1.54,0.1,
1.54,0.1,
1.54,0.52,
1.54,0.52,
1.54,0.52,
1.54,0.52,
1.27,0.52,
1.27,0.52,
1.27,0.52,
1.27,0.52,
1.27,0.52,
1.27,0.73,
1.27,0.73,
1.27,0.73,
0.6,0.73,
0.6,0.73,
0.6,0.73,
0.6,0.73,
0.6,0.73,
0.6,0.73,
0.6,0.73,
0.6,0.81,
0.59,0.81,
0.59,0.81,
0.59,0.81,
0.59,0.81,
0.59,0.81,
0.59,0.81,
0.59,0.86,
0.59,0.86,
0.59,0.86,
0.59,0.86,
0.59,0.86,
0.59,0.86,
0.59,0.86,
0.59,0.86,
0.59,0.86,
0.59,0.86,
0.59,1.1,
0.59,1.1,
0.59,1.1,
0.59,1.1,
1.5,1.1,
1.5,1.1,
1.5,1.1,
1.5,1.1,
1.5,1.1,
1.5,1.1,
1.5,1.1,
1.5,1.1,
1.5,1.63,
1.5,1.63,
1.95,1.63,
1.95,1.63,
1.95,1.63,
1.95,1.63,
1.95,1.63,
1.95,1.9,
1.95,1.9,
1.95,1.9,
1.95,1.9,
1.95,1.9,
1.95,1.9,
1.95,1.9,
1.95,1.9,
2.93,1.9,
2.93,1.9,
2.93,1.9,
2.93,1.9,
2.93,1.9,
2.93,1.9,
2.93,2.45,
2.93,2.45,
3.42,2.45,
3.42,2.45,
3.42,2.45,
3.42,2.45,
3.42,2.73,
3.42,2.73,
4.47,2.73,
4.47,2.73,
4.47,2.73,
4.47,2.73,
4.47,2.73,
4.47,2.73,
4.47,2.73,
4.47,2.73,
4.47,2.73,
4.47,2.73,
4.47,2.2,
4.47,2.2,
4.47,2.2,
4.17,2.2,
4.17,2.2,
4.17,2.2,
4.17,2.2,
4.17,1.64,
4.17,1.64,
4.17,1.64,
4.02,1.64,
4.02,1.64,
4.02,1.64,
4.02,1.64,
4.02,1.64,
4.02,1.64,
4.02,1.64,
4.02,1.37,
4.02,1.37,
3.18,1.37,
3.18,1.37,
3.18,1.37,
3.18,1.37,
3.18,1.37,
3.18,1.37,
3.18,1.37,
3.18,0.18,
3.18,0.18,
2.76,0.18,
2.76,0.18,
2.76,0.18,
2.76,0.18,
2.76,0.18,
2.76,0.18,
2.76,0.18,
2.76,-0.41,
1.99,-0.41,
1.99,-0.41,
1.99,-0.41,
1.99,-0.41,
1.99,-0.41,
1.99,-0.41,
1.99,-0.41,
1.99,-1.06,
1.99,-1.06,
1.32,-1.06,
1.32,-1.06,
1.32,-1.06,
1.32,-1.06,
1.32,-1.06,
1.32,-1.06,
1.32,-1.06,
1.32,-1.06,
1.32,-1.39,
1.32,-1.39,
0.98,-1.39,
0.98,-1.39,
0.98,-1.39,
0.98,-1.39,
0.98,-1.39,
0.98,-1.06,
0.98,-1.06,
0.98,-1.06,
0.78,-1.06,
0.78,-1.06,
0.78,-1.06,
0.78,-1.06,
0.78,-1.06,
0.78,-1.06,
0.78,-1.14,
0.78,-1.14,
0.78,-1.14,
0.78,-1.14,
0.68,-1.14,
0.68,-1.14,
0.68,-1.14,
0.68,-1.14,
0.68,-1.14,
0.68,-1.14,
0.87,-1.18,
0.87,-1.18,
0.87,-1.18,
0.87,-1.18,
0.87,-1.18,
0.87,-1.18,
0.87,-1.18,
0.87,-1.18,
0.87,-1.18,
0.87,-1.02,
0.96,-1.02,
0.96,-1.02,
0.96,-1.02,
0.96,-1.02,
0.96,-1.02,
0.96,-1.02,
0.96,-0.94,
0.96,-0.94,
0.96,-0.94,
0.96,-0.94,
1.34,-0.94,
1.34,-0.94,
1.34,-0.94,
1.34,-0.94,
1.34,-0.94,
1.34,-0.03,
1.34,-0.03,
1.34,-0.03,
1.34,-0.03,
1.34,-0.03,
1.34,-0.03,
1.34,-0.03,
1.95,-0.03,
1.95,-0.03,
1.95,-0.03,
1.95,-0.03,
1.95,-0.03,
1.95,-0.03,
1.95,0.0,
1.95,0.0,
2.26,0.0,
2.26,0.0,
2.26,0.0,
2.26,0.0,
2.26,0.0,
2.26,0.0,
2.26,0.0,
2.26,0.0,
2.26,0.01,
2.73,0.01,
2.73,0.01,
2.73,0.01,
2.73,0.01,
2.73,0.01,
2.73,-0.38,
2.73,-0.38,
2.96,-0.38,
2.96,-0.38,
2.96,-0.38,
2.96,-0.38,
2.96,-0.38,
2.96,-0.38,
2.96,-0.38,
2.96,-0.58,
2.96,-0.58,
2.96,-0.58,
2.96,-0.58,
2.72,-0.58,
2.72,-0.58,
2.72,-0.58,
2.72,-0.58,
2.72,-0.58,
2.72,-0.25,
2.72,-0.25,
2.72,-0.25,
2.72,-0.25,
2.52,-0.25,
2.52,-0.25,
2.52,-0.25,
2.52,-0.25,
2.52,-0.25,
2.52,-0.25,
2.52,-0.08,
2.43,-0.08,
2.43,-0.08,
2.43,-0.08,
2.43,-0.08,
2.43,-0.08,
2.43,-0.08,
2.43,0.26,
2.43,0.26,
2.43,0.26,
2.43,0.26,
2.0,0.26,
2.0,0.26,
2.0,0.26,
2.0,0.26,
2.0,0.26,
2.0,0.26,
2.0,0.26,
2.0,0.26,
2.0,0.26,
1.79,0.26,
1.79,0.26,
1.79,0.26,
1.79,0.26,
1.79,0.26,
1.79,0.26,
1.79,0.26,
1.79,0.26,
1.79,0.25,
1.38,0.25,
1.38,0.25,
1.38,0.25,
1.38,0.25,
1.38,0.25,
1.38,0.25,
1.38,0.25,
1.38,0.25,
1.38,-0.41,
1.38,-0.41,
1.17,-0.41,
1.17,-0.41,
1.17,-0.41,
1.17,-0.41,
1.17,-0.41,
1.17,-0.41,
1.17,-0.41,
1.17,-0.75,
1.17,-0.75,
1.25,-0.75,
1.25,-0.75,
1.25,-0.75,
1.25,-0.75,
1.25,-0.75,
1.25,-0.75,
1.25,-0.75,
1.25,-0.55,
1.25,-0.55,
1.25,-0.55,
1.4,-0.55,
1.4,-0.55,
1.4,-0.55,
1.4,-0.55,
1.4,-0.55,
1.4,-0.55,
1.4,-0.55,
1.4,-0.42,
1.48,-0.42,
1.48,-0.42,
1.48,-0.42,
1.48,-0.42,
1.48,-0.42,
1.48,-0.42,
1.48,-0.42,
1.48,-0.35,
1.48,-0.35,
1.48,-0.35,
1.48,-0.35,
1.79,-0.35,
1.79,-0.35,
1.79,-0.35,
1.79,-0.56,
1.79,-0.56,
1.79,-0.56,
1.79,-0.56,
1.79,-0.56,
1.94,-0.56,
1.94,-0.56,
1.94,-0.56,
1.94,-0.56,
1.94,-0.56,
1.94,-0.56,
1.94,-0.67,
1.94,-0.67,
1.94,-0.67,
2.05,-0.67,
2.05,-0.67,
2.05,-0.67,
2.05,-0.67,
2.05,-0.67,
2.05,-0.67,
2.05,-0.67,
2.05,-0.67,
2.05,-0.67,
2.05,-0.67,
2.05,-0.49,
2.05,-0.49,
2.06,-0.49,
2.06,-0.49,
2.06,-0.49,
2.06,-0.49,
2.06,-0.49,
2.06,-0.49,
2.06,-0.49,
2.06,-0.45,
2.06,-0.45,
2.06,-0.45,
2.07,-0.45,
2.07,-0.45,
2.07,-0.45,
2.07,-0.45,
2.07,-0.43,
2.07,-0.43,
2.07,-0.43,
2.09,-0.43,
2.09,-0.43,
2.09,-0.43,
2.09,-0.43,
2.09,-0.43,
2.09,-0.43,
2.09,-0.43,
2.09,-0.18,
2.09,-0.18,
2.1,-0.18,
2.1,-0.18,
2.1,-0.18,
2.1,-0.18,
2.1,-0.18,
2.1,-0.18,
2.1,-0.05,
2.1,-0.05,
2.1,-0.05,
2.1,-0.05,
2.1,-0.05,
2.1,-0.05,
1.85,-0.05,
1.85,-0.05,
1.85,-0.05,
1.85,-0.05,
1.85,-0.05,
1.85,-0.05,
1.85,-0.19,
1.85,-0.19,
1.73,-0.19,
1.73,-0.19,
1.73,-0.19,
1.73,-0.19,
1.73,-0.19,
1.73,-0.19,
1.73,-0.26,
1.73,-0.26,
1.73,-0.26,
1.73,-0.26,
1.6,-0.26,
1.6,-0.26,
