0.57,-3.51,
0.57,-3.51,
0.57,-3.51,
0.57,-3.51,
0.57,-3.51,
0.57,-3.5,
0.57,-3.5,
0.57,-3.5,
0.58,-3.5,
0.58,-3.5,
0.58,-3.5,
0.58,-3.5,
0.58,-3.5,
0.58,-3.5,
0.58,-3.5,
0.58,-3.45,
0.58,-3.45,
0.58,-3.45,
0.58,-3.45,
0.58,-3.45,
0.58,-3.45,
0.58,-3.45,
0.58,-3.45,
0.58,-3.42,
0.58,-3.42,
0.58,-3.42,
0.58,-3.42,
0.58,-3.42,
0.51,-3.42,
0.51,-3.42,
0.51,-3.42,
0.51,-3.42,
0.51,-3.42,
0.51,-3.53,
0.51,-3.53,
0.51,-3.53,
0.51,-3.53,
0.48,-3.53,
0.48,-3.53,
0.48,-3.53,
0.48,-3.53,
0.48,-3.53,
0.48,-3.53,
0.48,-3.59,
0.48,-3.59,
0.5,-3.59,
0.5,-3.59,
0.5,-3.59,
0.5,-3.59,
0.5,-3.59,
0.5,-3.59,
0.5,-3.6,
0.5,-3.6,
0.5,-3.6,
0.5,-3.6,
0.57,-3.6,
0.57,-3.6,
0.57,-3.6,
0.57,-3.6,
0.57,-3.6,
0.57,-3.6,
0.57,-3.49,
0.57,-3.49,
0.57,-3.49,
0.57,-3.49,
0.6,-3.49,
0.6,-3.49,
0.6,-3.49,
0.6,-3.49,
0.6,-3.49,
0.6,-3.44,
0.6,-3.44,
0.6,-3.44,
0.6,-3.44,
0.6,-3.44,
0.6,-3.44,
0.6,-3.44,
0.6,-3.44,
0.6,-3.44,
0.62,-3.44,
0.62,-3.44,
0.62,-3.44,
0.62,-3.44,
0.62,-3.44,
0.62,-3.51,
0.62,-3.51,
0.62,-3.51,
0.62,-3.51,
0.63,-3.51,
0.63,-3.51,
0.63,-3.51,
0.63,-3.51,
0.63,-3.51,
0.63,-3.51,
0.63,-3.51,
0.63,-3.54,
0.63,-3.54,
0.63,-3.54,
0.63,-3.54,
0.67,-3.54,
0.67,-3.54,
0.67,-3.54,
0.67,-3.54,
0.67,-3.54,
0.67,-3.48,
0.67,-3.48,
0.67,-3.48,
0.7,-3.48,
0.7,-3.48,
0.7,-3.48,
0.7,-3.48,
0.7,-3.47,
0.7,-3.47,
0.7,-3.47,
0.72,-3.47,
0.72,-3.47,
0.72,-3.47,
0.72,-3.47,
0.72,-3.47,
0.72,-3.47,
0.72,-3.47,
0.72,-3.47,
0.72,-3.47,
0.65,-3.47,
0.65,-3.47,
0.65,-3.47,
0.65,-3.47,
0.65,-3.47,
0.65,-3.47,
0.65,-3.47,
0.65,-3.5,
0.65,-3.5,
0.65,-3.5,
0.62,-3.5,
0.62,-3.5,
0.62,-3.5,
0.62,-3.5,
0.62,-3.51,
0.62,-3.51,
0.62,-3.51,
0.62,-3.51,
0.61,-3.51,
0.61,-3.51,
0.61,-3.51,
0.61,-3.51,
0.61,-3.45,
0.61,-3.45,
0.61,-3.45,
0.61,-3.45,
0.61,-3.45,
0.61,-3.45,
0.61,-3.45,
0.61,-3.45,
0.61,-3.45,
0.61,-3.45,
0.61,-3.42,
0.61,-3.42,
0.61,-3.42,
0.61,-3.42,
0.61,-3.42,
0.61,-3.42,
0.64,-3.42,
0.64,-3.42,
0.64,-3.42,
0.64,-3.5,
0.64,-3.5,
0.64,-3.5,
0.63,-3.5,
0.63,-3.5,
0.63,-3.5,
0.63,-3.5,
0.63,-3.5,
0.63,-3.5,
0.63,-3.55,
0.63,-3.55,
0.63,-3.55,
0.63,-3.55,
0.62,-3.55,
0.62,-3.55,
0.62,-3.55,
0.62,-3.55,
0.62,-3.58,
0.62,-3.58,
0.62,-3.58,
0.62,-3.58,
0.62,-3.58,
0.62,-3.58,
0.6,-3.58,
0.6,-3.58,
0.6,-3.58,
0.6,-3.51,
0.6,-3.51,
0.6,-3.51,
0.6,-3.51,
0.6,-3.51,
0.6,-3.51,
0.6,-3.51,
0.59,-3.51,
0.59,-3.51,
0.59,-3.48,
0.59,-3.48,
0.59,-3.48,
0.59,-3.48,
0.59,-3.48,
0.59,-3.48,
0.55,-3.48,
0.55,-3.48,
0.55,-3.48,
0.55,-3.48,
0.55,-3.48,
0.55,-3.49,
0.55,-3.49,
0.52,-3.49,
0.52,-3.49,
0.52,-3.49,
0.52,-3.49,
0.52,-3.49,
0.52,-3.49,
0.52,-3.49,
0.52,-3.46,
0.52,-3.46,
0.57,-3.46,
0.57,-3.46,
0.57,-3.46,
0.57,-3.46,
0.57,-3.46,
0.57,-3.46,
0.57,-3.46,
0.57,-3.45,
0.57,-3.45,
0.57,-3.45,
0.57,-3.45,
0.57,-3.45,
0.57,-3.45,
0.57,-3.45,
0.57,-3.45,
0.57,-3.52,
0.57,-3.52,
0.57,-3.52,
0.57,-3.52,
0.57,-3.52,
0.57,-3.52,
0.58,-3.52,
0.58,-3.52,
0.58,-3.52,
0.58,-3.52,
0.58,-3.55,
0.58,-3.55,
0.58,-3.55,
0.58,-3.55,
0.66,-3.55,
0.66,-3.55,
0.66,-3.55,
0.66,-3.55,
0.66,-3.55,
0.66,-3.55,
0.66,-3.55,
0.66,-3.55,
0.66,-3.55,
0.66,-3.55,
0.66,-3.47,
0.66,-3.47,
0.66,-3.47,
0.66,-3.47,
0.71,-3.47,
0.71,-3.47,
0.71,-3.47,
0.71,-3.42,
0.71,-3.42,
0.71,-3.42,
0.77,-3.42,
0.77,-3.42,
0.77,-3.42,
0.77,-3.42,
0.77,-3.35,
0.77,-3.35,
0.75,-3.35,
0.75,-3.35,
0.75,-3.35,
0.75,-3.38,
0.75,-3.38,
0.75,-3.38,
0.75,-3.38,
0.75,-3.38,
0.75,-3.38,
0.75,-3.38,
0.73,-3.38,
0.73,-3.38,
0.73,-3.38,
0.73,-3.38,
0.73,-3.38,
0.73,-3.4,
0.73,-3.4,
0.73,-3.4,
0.73,-3.4,
0.66,-3.4,
0.66,-3.4,
0.66,-3.41,
0.66,-3.41,
0.66,-3.41,
0.66,-3.41,
0.66,-3.41,
0.62,-3.41,
0.62,-3.41,
0.62,-3.41,
0.62,-3.41,
0.62,-3.42,
0.62,-3.42,
0.62,-3.42,
0.62,-3.42,
0.62,-3.42,
0.6,-3.42,
0.6,-3.42,
0.6,-3.42,
0.6,-3.42,
0.6,-3.42,
0.6,-3.42,
0.6,-3.42,
0.6,-3.46,
0.6,-3.46,
0.6,-3.46,
0.59,-3.46,
0.59,-3.46,
0.59,-3.46,
0.59,-3.46,
0.59,-3.46,
0.59,-3.46,
0.59,-3.46,
0.59,-3.59,
0.59,-3.59,
0.59,-3.59,
0.59,-3.59,
0.66,-3.59,
0.66,-3.59,
0.66,-3.59,
0.66,-3.59,
0.66,-3.59,
0.66,-3.65,
0.66,-3.65,
0.66,-3.65,
0.7,-3.65,
0.7,-3.65,
0.7,-3.65,
0.7,-3.65,
0.7,-3.64,
0.7,-3.64,
0.7,-3.64,
0.7,-3.64,
0.7,-3.64,
0.7,-3.64,
0.7,-3.64,
0.7,-3.64,
0.73,-3.64,
0.73,-3.64,
0.73,-3.64,
0.73,-3.64,
0.73,-3.64,
0.73,-3.64,
0.73,-3.64,
0.72,-3.64,
0.72,-3.64,
0.72,-3.64,
0.72,-3.66,
0.72,-3.66,
0.72,-3.66,
0.72,-3.66,
0.72,-3.66,
0.72,-3.66,
0.72,-3.66,
0.72,-3.66,
0.72,-3.66,
0.72,-3.66,
0.72,-3.66,
0.72,-3.66,
0.72,-3.67,
0.72,-3.67,
0.72,-3.67,
0.72,-3.67,
0.75,-3.67,
0.75,-3.67,
0.75,-3.67,
0.75,-3.67,
0.75,-3.61,
0.75,-3.61,
0.75,-3.61,
0.75,-3.61,
0.82,-3.61,
0.82,-3.61,
0.82,-3.61,
0.82,-3.61,
0.82,-3.61,
0.82,-3.61,
0.82,-3.61,
0.82,-3.52,
0.82,-3.52,
0.85,-3.52,
0.85,-3.52,
0.85,-3.52,
0.85,-3.52,
0.85,-3.52,
0.85,-3.52,
0.85,-3.52,
0.85,-3.48,
0.85,-3.48,
0.85,-3.48,
0.91,-3.48,
0.91,-3.48,
0.91,-3.48,
0.91,-3.48,
0.91,-3.48,
0.91,-3.38,
0.91,-3.38,
0.91,-3.38,
0.91,-3.38,
0.91,-3.38,
0.94,-3.38,
0.94,-3.38,
0.94,-3.38,
0.94,-3.38,
0.94,-3.38,
0.94,-3.38,
0.94,-3.38,
0.94,-3.38,
0.94,-3.33,
0.94,-3.33,
0.94,-3.33,
0.91,-3.33,
0.91,-3.33,
0.91,-3.3,
0.91,-3.3,
0.91,-3.3,
0.91,-3.3,
0.91,-3.3,
0.91,-3.3,
0.9,-3.3,
0.9,-3.3,
0.9,-3.3,
0.9,-3.3,
0.9,-3.47,
0.9,-3.47,
0.9,-3.47,
0.9,-3.47,
0.9,-3.47,
0.9,-3.47,
0.9,-3.47,
0.9,-3.47,
0.91,-3.47,
0.91,-3.47,
0.91,-3.47,
0.91,-3.55,
0.91,-3.55,
0.91,-3.55,
0.91,-3.55,
0.86,-3.55,
0.86,-3.55,
0.86,-3.55,
0.83,-3.54,
0.83,-3.54,
0.83,-3.54,
0.83,-3.54,
0.83,-3.54,
0.83,-3.53,
0.83,-3.53,
0.83,-3.53,
0.83,-3.53,
0.83,-3.53,
0.83,-3.53,
0.83,-3.53,
0.73,-3.53,
0.73,-3.53,
0.73,-3.53,
0.73,-3.53,
0.73,-3.53,
0.73,-3.58,
0.73,-3.58,
0.73,-3.58,
0.69,-3.58,
0.69,-3.58,
0.69,-3.58,
0.69,-3.58,
0.69,-3.58,
0.69,-3.61,
0.69,-3.61,
0.69,-3.61,
0.69,-3.61,
0.66,-3.61,
0.66,-3.61,
0.66,-3.61,
0.66,-3.61,
0.66,-3.61,
0.66,-3.61,
0.66,-3.61,
0.66,-3.61,
0.66,-3.61,
0.66,-3.61,
0.66,-3.61,
0.71,-3.61,
0.71,-3.61,
0.71,-3.61,
0.71,-3.61,
0.71,-3.59,
0.71,-3.59,
0.71,-3.59,
0.73,-3.59,
0.73,-3.59,
0.73,-3.59,
0.73,-3.59,
0.73,-3.58,
0.73,-3.58,
0.73,-3.58,
0.73,-3.58,
0.73,-3.58,
0.73,-3.58,
0.86,-3.58,
0.86,-3.58,
0.86,-3.58,
0.86,-3.58,
0.86,-3.58,
0.86,-3.58,
0.86,-3.48,
0.86,-3.48,
0.93,-3.48,
0.93,-3.48,
0.93,-3.48,
0.93,-3.48,
0.93,-3.48,
0.93,-3.48,
0.93,-3.43,
0.93,-3.43,
0.93,-3.43,
0.93,-3.43,
0.93,-3.43,
0.87,-3.43,
0.87,-3.43,
0.87,-3.43,
0.87,-3.43,
0.87,-3.43,
0.87,-3.33,
0.87,-3.33,
0.84,-3.33,
0.84,-3.33,
0.84,-3.33,
0.84,-3.33,
0.84,-3.33,
0.84,-3.33,
0.84,-3.33,
0.84,-3.16,
0.84,-3.16,
0.84,-3.16,
0.84,-3.16,
0.84,-3.16,
0.47,-3.16,
0.47,-3.16,
0.47,-3.16,
0.47,-3.07,
0.47,-3.07,
0.47,-3.07,
0.47,-3.07,
0.47,-3.07,
0.47,-3.07,
0.47,-3.07,
0.47,-3.07,
0.4,-3.07,
0.4,-3.07,
0.4,-3.07,
0.4,-3.07,
0.4,-3.07,
0.4,-3.53,
0.4,-3.53,
0.4,-3.53,
0.4,-3.53,
0.36,-3.53,
0.36,-3.53,
0.36,-3.53,
0.36,-3.53,
0.36,-3.53,
0.36,-3.77,
0.36,-3.77,
0.36,-3.77,
0.36,-3.77,
0.49,-3.77,
0.49,-3.77,
0.49,-3.77,
0.49,-3.77,
0.49,-3.77,
0.49,-4.1,
0.49,-4.1,
0.55,-4.1,
0.55,-4.1,
0.55,-4.1,
0.55,-4.1,
0.55,-4.1,
0.55,-4.1,
0.55,-4.26,
0.55,-4.26,
0.55,-4.26,
0.55,-4.26,
0.46,-4.26,
0.46,-4.26,
0.46,-4.26,
0.46,-4.26,
0.46,-4.26,
0.46,-4.26,
0.46,-4.26,
0.46,-4.14,
0.46,-4.14,
0.46,-4.14,
0.41,-4.14,
0.41,-4.14,
0.41,-4.14,
0.41,-4.14,
0.41,-4.14,
0.41,-4.12,
0.41,-4.12,
0.41,-4.12,
0.41,-4.12,
0.39,-4.12,
0.39,-4.12,
0.39,-4.12,
0.39,-4.12,
0.39,-4.12,
0.39,-4.11,
0.39,-4.11,
0.39,-4.11,
0.39,-4.11,
0.39,-4.11,
0.39,-4.11,
0.39,-4.11,
0.39,-4.11,
0.39,-4.11,
0.39,-4.11,
0.39,-4.12,
0.39,-4.12,
0.39,-4.12,
0.39,-4.12,
0.39,-4.12,
0.39,-4.12,
0.39,-4.12,
0.39,-4.12,
0.39,-4.12,
0.39,-4.12,
0.39,-4.12,
0.39,-4.12,
0.29,-4.12,
0.29,-4.12,
0.29,-4.12,
0.29,-4.12,
0.29,-4.12,
0.29,-4.27,
0.29,-4.27,
0.29,-4.27,
0.29,-4.27,
0.29,-4.27,
0.29,-4.27,
0.24,-4.27,
0.24,-4.27,
0.24,-4.27,
0.24,-4.27,
0.24,-4.18,
0.24,-4.18,
0.24,-4.18,
0.24,-4.18,
0.24,-4.18,
0.24,-4.18,
0.33,-4.18,
0.33,-4.18,
0.33,-4.18,
0.33,-4.18,
0.33,-4.18,
0.33,-4.13,
0.33,-4.13,
0.33,-4.13,
0.33,-4.13,
0.3,-4.13,
0.3,-4.13,
0.3,-4.13,
0.3,-4.04,
0.3,-4.04,
0.3,-4.04,
0.3,-4.04,
0.3,-4.04,
0.3,-4.04,
0.3,-4.04,
0.29,-4.04,
0.29,-4.04,
0.29,-4.04,
0.29,-3.99,
0.29,-3.99,
0.29,-3.99,
0.33,-3.99,
0.33,-3.99,
0.33,-3.99,
0.33,-3.99,
0.33,-3.99,
0.33,-3.99,
0.33,-3.99,
0.33,-3.89,
0.33,-3.89,
0.33,-3.89,
0.33,-3.89,
0.33,-3.89,
0.34,-3.89,
0.34,-3.89,
0.34,-3.89,
0.34,-3.89,
0.34,-3.84,
0.34,-3.84,
0.34,-3.84,
0.33,-3.84,
0.33,-3.84,
0.33,-3.84,
0.33,-3.84,
0.33,-3.84,
0.33,-3.84,
0.33,-3.84,
0.33,-3.84,
0.33,-3.84,
0.33,-3.84,
0.33,-3.64,
0.33,-3.64,
0.33,-3.64,
0.25,-3.64,
0.25,-3.64,
0.25,-3.64,
0.25,-3.64,
0.25,-3.64,
0.25,-3.64,
0.25,-3.65,
0.25,-3.65,
0.21,-3.65,
0.21,-3.65,
0.21,-3.65,
0.21,-3.65,
0.21,-3.65,
0.21,-3.65,
0.21,-3.65,
0.21,-3.65,
0.21,-3.65,
0.21,-3.65,
0.05,-3.65,
0.05,-3.65,
0.05,-3.65,
0.05,-3.65,
0.05,-3.65,
0.05,-3.5,
0.05,-3.5,
0.05,-3.5,
0.05,-3.5,
0.05,-3.5,
0.05,-3.5,
-0.03,-3.5,
-0.03,-3.5,
-0.03,-3.43,
-0.03,-3.43,
-0.03,-3.43,
-0.03,-3.43,
-0.03,-3.43,
-0.03,-3.43,
-0.03,-3.43,
-0.03,-3.43,
-0.03,-3.43,
-0.03,-3.5,
-0.03,-3.5,
-0.03,-3.5,
-0.03,-3.5,
-0.03,-3.5,
-0.03,-3.5,
-0.03,-3.5,
-0.03,-3.5,
-0.03,-3.5,
-0.03,-3.5,
-0.03,-3.6,
-0.03,-3.6,
-0.03,-3.6,
-0.03,-3.6,
-0.03,-3.6,
0.01,-3.6,
0.01,-3.6,
0.01,-3.6,
0.01,-3.6,
0.01,-3.6,
0.01,-3.66,
0.01,-3.66,
0.01,-3.66,
0.37,-3.66,
0.37,-3.66,
0.37,-3.66,
0.37,-3.66,
0.37,-3.66,
0.37,-3.66,
0.37,-3.65,
0.37,-3.65,
0.37,-3.65,
0.37,-3.65,
0.54,-3.65,
0.54,-3.65,
0.54,-3.65,
0.54,-3.65,
0.54,-3.65,
0.54,-3.65,
0.54,-3.65,
0.54,-3.65,
0.54,-3.65,
0.54,-3.65,
0.77,-3.65,
0.77,-3.65,
0.77,-3.65,
0.77,-3.65,
0.77,-3.65,
0.77,-3.65,
0.77,-3.65,
0.77,-3.65,
0.77,-3.65,
0.77,-3.65,
0.77,-3.92,
0.77,-3.92,
0.77,-3.92,
0.77,-3.92,
0.88,-3.92,
0.88,-3.92,
0.88,-3.92,
0.88,-3.92,
0.88,-3.92,
0.88,-4.05,
0.88,-4.05,
0.88,-4.05,
1.03,-4.05,
1.03,-4.05,
1.03,-4.05,
1.03,-4.05,
1.03,-3.86,
1.03,-3.86,
1.33,-3.86,
1.33,-3.86,
1.33,-3.86,
1.33,-3.86,
1.33,-3.86,
1.33,-3.35,
1.33,-3.35,
1.33,-3.35,
1.33,-3.35,
1.48,-3.35,
1.48,-3.35,
1.48,-3.35,
1.48,-3.35,
1.48,-3.35,
1.48,-3.35,
1.48,-3.35,
1.48,-3.35,
1.48,-3.1,
1.48,-3.1,
1.48,-3.1,
1.48,-3.1,
2.14,-2.57,
2.14,-2.57,
2.14,-2.57,
2.14,-2.57,
2.14,-2.57,
2.14,-2.57,
2.14,-2.57,
2.47,-2.57,
2.47,-2.57,
2.47,-2.57,
2.47,-2.57,
2.47,-2.3,
2.47,-2.3,
2.47,-2.3,
2.47,-2.3,
2.47,-2.3,
2.47,-2.3,
2.47,-2.3,
3.12,-2.3,
3.12,-2.3,
3.12,-2.3,
3.12,-2.3,
3.12,-2.3,
3.12,-2.3,
3.12,-1.61,
3.45,-1.61,
3.45,-1.61,
3.45,-1.61,
3.45,-1.61,
3.45,-1.61,
3.45,-1.61,
3.45,-0.97,
3.45,-0.97,
3.45,-0.97,
3.93,-0.97,
3.93,-0.97,
3.93,-0.97,
3.93,-0.97,
3.93,-0.97,
3.93,-0.97,
3.93,-0.65,
3.93,-0.65,
3.93,-0.65,
3.93,-0.65,
3.93,-0.65,
4.53,-0.65,
4.53,-0.65,
4.53,-0.65,
4.53,-0.54,
4.53,-0.54,
4.53,-0.54,
4.53,-0.54,
4.53,-0.54,
4.83,-0.54,
4.83,-0.54,
4.83,-0.54,
4.83,-0.54,
4.83,-0.48,
4.83,-0.48,
4.83,-0.48,
5.05,-0.48,
5.05,-0.48,
5.05,-0.48,
5.05,-0.48,
5.05,-0.48,
5.05,-0.48,
5.05,-0.48,
5.05,-0.48,
5.05,-0.48,
5.05,-0.48,
5.05,-0.48,
5.05,-0.48,
5.16,-0.48,
5.16,-0.48,
5.16,-0.48,
5.16,-0.48,
5.16,-0.48,
5.16,-0.48,
5.16,-0.48,
5.06,-0.48,
5.06,-0.48,
5.06,-0.48,
5.06,-0.48,
5.06,-0.48,
5.06,-0.24,
5.06,-0.24,
5.06,-0.24,
5.06,-0.24,
5.06,-0.24,
5.06,-0.24,
5.08,-0.24,
5.08,-0.24,
5.08,-0.24,
5.08,-0.24,
5.08,-0.34,
5.08,-0.34,
5.08,-0.34,
5.08,-0.34,
5.08,-0.34,
5.08,-0.34,
5.08,-0.34,
5.08,-0.34,
5.08,-0.34,
5.08,-0.34,
5.08,-0.34,
5.08,-0.4,
5.08,-0.4,
5.08,-0.4,
5.08,-0.4,
5.08,-0.4,
5.15,-0.4,
5.15,-0.4,
5.15,-0.4,
5.15,0.03,
5.15,0.03,
5.15,0.03,
5.15,0.03,
5.15,0.03,
5.18,0.03,
5.18,0.03,
5.18,0.03,
5.18,0.03,
5.18,0.24,
5.18,0.24,
5.18,0.24,
5.18,0.24,
5.18,0.24,
5.18,0.24,
5.18,0.24,
5.42,0.24,
5.42,0.24,
5.42,0.24,
5.42,0.24,
5.42,0.24,
5.42,0.36,
5.42,0.36,
5.42,0.36,
5.42,0.36,
5.54,0.36,
5.54,0.36,
5.54,0.36,
5.54,0.36,
5.54,0.7,
5.54,0.7,
5.54,0.7,
5.54,0.7,
5.51,0.7,
5.51,0.7,
5.51,0.7,
5.51,0.7,
5.51,0.7,
5.51,0.7,
5.51,0.87,
5.51,0.87,
5.51,0.87,
5.51,0.87,
5.51,0.87,
5.51,0.87,
5.21,0.87,
5.21,0.87,
5.21,0.87,
5.21,0.87,
5.21,0.87,
5.21,0.07,
5.21,0.07,
5.06,0.07,
5.06,0.07,
5.06,0.07,
5.06,0.07,
5.06,0.07,
5.06,-0.33,
5.06,-0.33,
5.06,-0.33,
5.06,-0.33,
5.06,-0.33,
5.06,-0.33,
4.8,-0.33,
4.8,-0.33,
4.8,-0.33,
4.8,-0.33,
4.8,-0.85,
4.8,-0.85,
4.8,-0.85,
4.8,-0.85,
4.8,-0.85,
4.67,-0.85,
4.67,-0.85,
4.67,-0.85,
4.67,-0.85,
4.67,-0.85,
4.67,-0.85,
4.67,-0.85,
4.67,-0.85,
4.67,-0.85,
4.67,-0.85,
4.67,-1.1,
4.67,-1.1,
4.67,-1.1,
3.91,-1.1,
3.91,-1.1,
3.91,-1.1,
3.91,-1.1,
3.91,-2.07,
3.91,-2.07,
3.91,-2.07,
3.91,-2.07,
3.91,-2.07,
2.95,-2.07,
2.95,-2.07,
2.95,-2.07,
2.95,-2.07,
2.95,-2.07,
2.95,-3.2,
2.95,-3.2,
2.95,-3.2,
2.47,-3.2,
2.47,-3.2,
2.47,-3.2,
2.47,-3.2,
2.47,-3.2,
2.47,-3.76,
2.47,-3.76,
2.47,-3.76,
2.47,-3.76,
2.47,-3.76,
2.06,-3.76,
2.06,-3.76,
2.06,-3.76,
2.06,-3.55,
2.06,-3.55,
2.06,-3.55,
2.06,-3.55,
2.06,-3.55,
2.06,-3.55,
2.06,-3.55,
1.85,-3.55,
1.85,-3.55,
1.85,-3.55,
1.85,-3.44,
1.85,-3.44,
1.85,-3.44,
1.85,-3.44,
1.85,-3.44,
2.21,-3.44,
2.21,-3.44,
2.21,-3.44,
2.21,-3.33,
2.21,-3.33,
2.21,-3.33,
2.21,-3.33,
2.21,-3.33,
2.38,-3.33,
2.38,-3.33,
2.38,-3.33,
2.38,-3.33,
2.38,-3.33,
2.38,-3.33,
2.38,-3.52,
2.38,-3.52,
2.38,-3.52,
2.38,-3.52,
2.38,-3.52,
2.38,-3.52,
2.38,-3.52,
2.38,-3.52,
2.38,-3.61,
2.38,-3.61,
2.38,-3.61,
2.38,-3.61,
2.38,-3.61,
1.87,-3.61,
1.87,-3.61,
1.87,-3.61,
1.87,-3.61,
1.87,-3.61,
1.87,-3.11,
1.87,-3.11,
1.87,-3.11,
1.87,-3.11,
1.87,-3.11,
1.62,-3.11,
1.62,-3.11,
1.62,-3.11,
1.62,-3.11,
1.62,-3.11,
1.62,-2.86,
1.62,-2.86,
1.62,-2.86,
1.62,-2.86,
1.3,-2.86,
1.3,-2.86,
1.3,-2.86,
1.3,-2.86,
1.3,-3.63,
1.3,-3.63,
1.3,-3.63,
1.3,-3.63,
1.3,-3.63,
1.3,-3.63,
1.14,-3.63,
1.14,-3.63,
1.14,-3.63,
1.14,-3.63,
1.14,-4.01,
1.14,-4.01,
1.14,-4.01,
1.14,-4.01,
1.38,-4.01,
1.38,-4.01,
1.38,-4.01,
1.38,-4.01,
1.38,-4.89,
1.38,-4.89,
1.38,-4.89,
1.38,-4.89,
1.91,-4.89,
1.91,-4.89,
1.91,-4.89,
1.91,-4.89,
1.91,-4.89,
1.91,-3.43,
1.91,-3.43,
1.91,-3.43,
1.91,-3.43,
1.91,-3.43,
1.91,-3.43,
1.91,-3.43,
2.17,-3.43,
2.17,-2.71,
2.17,-2.71,
2.17,-2.71,
2.17,-2.71,
2.17,-2.71,
1.9,-2.71,
1.9,-2.71,
1.9,-2.71,
1.9,-2.71,
1.9,-2.71,
1.9,-2.71,
1.9,-4.15,
1.9,-4.15,
1.9,-4.15,
1.9,-4.15,
1.77,-4.15,
1.77,-4.15,
1.77,-4.15,
1.77,-4.15,
1.77,-4.15,
1.77,-4.86,
1.77,-4.86,
1.77,-4.86,
1.77,-4.86,
1.77,-4.86,
0.65,-4.86,
0.65,-4.86,
0.65,-4.86,
0.65,-4.86,
0.65,-4.86,
0.65,-4.86,
0.65,-4.28,
0.65,-4.28,
0.65,-4.28,
0.65,-4.28,
0.65,-4.28,
0.65,-4.28,
0.09,-4.28,
0.09,-4.28,
0.09,-4.28,
0.09,-3.91,
0.09,-3.91,
0.09,-3.91,
-0.6,-3.91,
-0.6,-3.91,
-0.6,-3.91,
-0.6,-3.91,
-0.6,-3.72,
-0.6,-3.72,
-0.6,-3.72,
-0.6,-3.72,
-0.6,-3.72,
-0.82,-3.72,
-0.82,-3.72,
-0.82,-3.72,
-0.82,-3.72,
-0.82,-3.24,
-0.82,-3.24,
-0.82,-3.24,
-0.82,-3.24,
-0.82,-3.24,
-0.93,-3.24,
-0.93,-3.24,
-0.93,-3.24,
-0.93,-3.0,
-0.93,-3.0,
-0.93,-3.0,
-1.06,-3.0,
-1.06,-3.0,
-1.06,-3.0,
-1.06,-3.0,
-1.06,-3.0,
-1.06,-3.0,
-1.06,-1.69,
-1.06,-1.69,
-1.06,-1.69,
-1.13,-1.69,
-1.13,-1.69,
-1.13,-1.69,
-1.13,-1.69,
-1.13,-1.69,
-1.13,-1.03,
-1.13,-1.03,
-1.13,-1.03,
-1.13,-1.03,
-1.13,-1.03,
-1.24,-1.03,
-1.24,-1.03,
-1.24,-1.03,
-1.24,-1.03,
-1.24,-1.03,
-1.24,-1.03,
-1.24,-0.92,
-1.24,-0.92,
-1.24,-0.92,
-1.24,-0.92,
-1.34,-0.92,
-1.34,-0.92,
-1.34,-0.92,
-1.34,-0.92,
-1.34,-0.92,
-1.34,-1.43,
-1.34,-1.43,
-1.34,-1.43,
-1.34,-1.43,
-1.34,-1.43,
-1.39,-1.43,
-1.39,-1.43,
-1.39,-1.43,
-1.39,-1.43,
-1.39,-1.43,
-1.39,-1.43,
-1.39,-1.68,
-1.39,-1.68,
-1.39,-1.68,
-1.57,-1.68,
-1.57,-1.68,
-1.57,-1.68,
-1.57,-1.68,
-1.57,-1.68,
-1.57,-1.68,
-1.57,-2.99,
-1.57,-2.99,
-1.57,-2.99,
-1.57,-2.99,
-1.57,-2.99,
-1.65,-2.99,
-1.65,-2.99,
-1.65,-2.99,
-1.65,-2.99,
-1.65,-2.99,
-1.65,-3.65,
-1.65,-3.65,
-1.65,-3.65,
-1.65,-3.65,
-1.37,-3.65,
-1.37,-3.65,
-1.37,-3.65,
-1.37,-4.76,
-1.37,-4.76,
-1.37,-4.76,
-1.37,-4.76,
-1.37,-4.76,
-1.22,-4.76,
-1.22,-4.76,
-1.22,-4.76,
-1.22,-4.76,
-1.22,-6.68,
-1.22,-6.68,
-1.22,-6.68,
-1.22,-6.68,
-0.91,-6.68,
-0.91,-6.68,
-0.91,-6.68,
-0.91,-6.68,
-0.91,-6.68,
-0.91,-6.68,
-0.91,-7.62,
-0.91,-7.62,
-0.67,-7.62,
-0.67,-7.62,
-0.67,-7.62,
-0.67,-7.62,
-0.67,-7.62,
-0.67,-7.32,
-0.67,-7.32,
-0.67,-7.32,
-0.67,-7.32,
-0.67,-7.32,
-0.56,-7.32,
-0.56,-7.32,
-0.56,-7.32,
-0.56,-7.32,
-0.56,-7.32,
-0.56,-7.32,
-0.56,-7.17,
-0.56,-7.17,
-0.56,-7.17,
-0.56,-7.17,
-0.33,-7.17,
-0.33,-7.17,
-0.33,-7.17,
-0.33,-7.17,
-0.33,-7.17,
-0.33,-7.17,
-0.33,-6.13,
-0.33,-6.13,
-0.33,-6.13,
-0.33,-6.13,
-0.33,-6.13,
-0.22,-6.13,
-0.22,-6.13,
-0.22,-6.13,
-0.22,-6.13,
-0.22,-4.32,
-0.22,-4.32,
-0.22,-4.32,
-0.22,-4.32,
-0.22,-4.32,
-0.22,-4.32,
-0.22,-4.32,
-0.22,-4.32,
-0.22,-4.32,
0.87,-4.32,
0.87,-4.32,
0.87,-4.32,
0.87,-4.32,
0.87,-4.32,
0.87,-4.32,
0.87,-3.4,
0.87,-3.4,
2.24,-3.4,
2.24,-3.4,
2.24,-3.4,
2.24,-3.4,
2.24,-2.82,
2.24,-2.82,
2.24,-2.82,
2.24,-2.82,
2.93,-2.82,
2.93,-2.82,
2.93,-2.82,
2.93,-2.52,
2.93,-2.52,
2.68,-2.52,
2.68,-2.52,
2.68,-2.52,
2.68,-2.52,
2.68,-2.52,
2.68,-2.39,
2.68,-2.39,
2.68,-2.39,
2.55,-2.39,
2.55,-2.39,
2.55,-2.39,
2.55,-2.33,
2.55,-2.33,
2.55,-2.33,
2.55,-2.33,
2.55,-2.33,
1.71,-2.33,
1.71,-2.33,
1.71,-2.33,
1.71,-2.33,
1.71,-2.33,
1.71,-2.33,
1.71,-2.33,
1.71,-2.33,
1.71,-2.24,
1.71,-2.24,
1.71,-2.24,
1.71,-2.24,
1.28,-2.24,
1.28,-2.24,
1.28,-2.24,
1.28,-1.84,
1.28,-1.84,
1.28,-1.84,
1.28,-1.84,
1.28,-1.84,
1.28,-1.84,
1.28,-1.84,
1.03,-1.84,
1.03,-1.84,
1.03,-1.84,
1.03,-1.84,
1.03,-1.64,
1.03,-1.64,
1.03,-1.64,
1.03,-1.64,
1.03,-1.64,
0.87,-1.64,
0.87,-1.64,
0.87,-1.64,
0.87,-1.64,
0.87,-1.64,
0.87,-1.59,
0.87,-1.59,
0.87,-1.59,
0.79,-1.59,
0.79,-1.59,
0.79,-1.59,
0.79,-1.59,
0.79,-1.59,
0.79,-1.59,
0.79,-1.59,
0.79,-1.56,
0.79,-1.56,
0.79,-1.56,
0.79,-1.56,
0.79,-1.56,
1.17,-1.56,
1.17,-1.56,
1.17,-1.56,
1.17,-1.56,
1.17,-1.56,
1.17,-1.77,
1.17,-1.77,
1.17,-1.77,
1.17,-1.77,
1.36,-1.77,
1.36,-1.77,
1.36,-4.4,
1.36,-4.4,
1.36,-4.4,
1.36,-4.4,
1.36,-4.4,
1.36,-4.4,
1.36,-4.4,
1.36,-4.4,
1.36,-4.4,
1.36,-4.4,
1.36,-4.4,
1.36,-5.67,
1.36,-5.67,
1.36,-5.67,
1.36,-5.67,
1.36,-5.67,
0.53,-5.67,
0.53,-7.7,
0.53,-7.7,
0.53,-7.7,
0.53,-7.7,
0.53,-7.7,
0.53,-7.7,
0.53,-7.7,
0.13,-7.7,
0.13,-7.7,
0.13,-7.7,
0.13,-7.7,
0.13,-8.7,
0.13,-8.7,
0.13,-8.7,
0.13,-8.7,
-0.75,-8.7,
-0.75,-8.7,
-0.75,-8.7,
-0.75,-8.7,
-0.75,-8.7,
-0.75,-8.7,
-0.75,-8.7,
-0.75,-8.35,
-0.75,-8.35,
-0.75,-8.35,
-0.75,-8.35,
-0.75,-8.35,
-1.19,-8.35,
-1.19,-8.35,
-1.19,-8.35,
-1.19,-8.35,
-1.19,-8.18,
-1.19,-8.18,
-1.19,-8.18,
-1.19,-8.18,
-1.19,-8.18,
-1.11,-8.18,
-1.11,-8.18,
-1.11,-8.18,
-1.11,-8.18,
-1.11,-8.18,
-1.11,-6.66,
-1.11,-6.66,
-1.11,-6.66,
-1.07,-6.66,
-1.07,-6.66,
-1.07,-6.66,
-1.07,-6.66,
-1.07,-6.66,
-1.07,-6.66,
-1.07,-6.66,
-1.07,-5.27,
-1.07,-5.27,
0.24,-5.27,
0.24,-5.27,
0.24,-5.27,
0.24,-5.27,
0.24,-5.27,
0.24,-5.27,
0.24,-5.27,
0.24,-5.27,
0.24,-4.55,
0.24,-4.55,
1.35,-4.55,
1.35,-4.55,
1.35,-4.55,
1.35,-4.55,
1.35,-4.41,
1.35,-4.41,
1.35,-4.41,
1.35,-4.41,
1.35,-4.41,
1.9,-4.41,
1.9,-4.41,
1.9,-4.41,
1.9,-4.41,
1.9,-4.34,
1.9,-4.34,
1.9,-4.34,
1.9,-4.34,
1.9,-4.34,
1.9,-4.34,
1.64,-4.34,
1.64,-4.34,
1.64,-4.34,
1.64,-2.96,
1.64,-2.96,
1.64,-2.96,
1.51,-2.96,
1.51,-2.96,
1.51,-2.96,
1.51,-2.96,
1.51,-2.96,
1.51,-2.96,
1.51,-2.96,
1.51,-2.96,
1.51,-2.68,
1.51,-2.68,
1.51,-2.68,
1.21,-2.68,
1.21,-2.68,
1.21,-2.68,
1.21,-2.68,
1.21,-2.68,
1.21,-2.53,
1.21,-2.53,
1.21,-2.53,
1.21,-2.53,
1.28,-2.53,
1.28,-2.53,
1.28,-2.53,
1.28,-2.53,
1.28,-2.53,
1.28,-2.53,
1.28,-2.53,
1.28,-3.59,
1.28,-3.59,
1.28,-3.59,
1.32,-3.59,
1.32,-3.59,
1.32,-3.59,
1.32,-3.59,
1.32,-3.59,
1.32,-4.12,
1.32,-4.12,
1.32,-4.12,
1.32,-4.12,
1.32,-4.12,
1.32,-4.12,
1.32,-4.12,
1.05,-4.12,
1.05,-4.12,
1.05,-6.81,
1.05,-6.81,
1.05,-6.81,
1.05,-6.81,
1.05,-6.81,
0.92,-6.81,
0.92,-6.81,
0.92,-6.81,
0.92,-8.13,
0.92,-8.13,
0.92,-8.13,
0.92,-8.13,
0.92,-8.13,
0.92,-8.13,
-0.19,-8.13,
-0.19,-8.13,
-0.19,-8.13,
-0.19,-8.13,
-0.19,-9.09,
-0.19,-9.09,
-0.19,-9.09,
-0.19,-9.09,
-0.19,-9.09,
-0.73,-9.09,
-0.73,-9.09,
-0.73,-9.09,
-0.73,-10.5,
-0.73,-10.5,
-0.73,-10.5,
-0.73,-10.5,
-0.73,-10.5,
-1.92,-10.5,
-1.92,-10.5,
-1.92,-10.5,
-1.92,-10.5,
-1.92,-10.5,
-1.92,-10.5,
-1.92,-10.5,
-1.92,-11.19,
-1.92,-11.19,
-1.92,-11.19,
-1.92,-11.19,
-2.85,-11.19,
-2.85,-11.19,
-2.85,-11.19,
-2.85,-10.29,
-2.85,-10.29,
-2.85,-10.29,
-2.85,-10.29,
-2.85,-10.29,
-3.31,-10.29,
-3.31,-10.29,
-3.31,-10.29,
-3.31,-10.29,
-3.31,-10.29,
-3.31,-10.29,
-3.31,-9.84,
-3.31,-9.84,
-3.31,-9.84,
-2.81,-9.84,
-2.81,-9.84,
-2.81,-9.84,
-2.81,-9.84,
-2.81,-9.84,
-2.81,-9.84,
-2.81,-9.83,
-2.81,-9.83,
-2.81,-9.83,
-2.81,-9.83,
-2.57,-9.83,
-2.57,-9.83,
-2.57,-9.83,
-2.57,-9.83,
-2.57,-9.83,
-2.57,-9.83,
-2.57,-9.56,
-2.57,-9.56,
-2.57,-9.56,
-1.46,-9.56,
-1.46,-9.56,
-1.46,-9.56,
-1.46,-9.56,
-1.46,-9.56,
-1.46,-9.56,
-1.46,-9.56,
-1.46,-9.42,
-1.46,-9.42,
-1.46,-9.42,
-1.46,-9.42,
-0.75,-9.42,
-0.75,-9.42,
-0.75,-9.42,
-0.75,-9.42,
-0.75,-9.42,
-0.75,-9.42,
-0.75,-9.42,
-0.75,-9.15,
-0.75,-9.15,
-0.75,-9.15,
-0.39,-9.15,
-0.39,-9.15,
-0.39,-9.15,
-0.39,-9.15,
-0.39,-9.01,
-0.39,-9.01,
-0.94,-9.01,
-0.94,-9.01,
-0.94,-9.01,
-0.94,-9.01,
-0.94,-9.01,
-0.94,-10.35,
-0.94,-10.35,
-0.94,-10.35,
-1.22,-10.35,
-1.22,-10.35,
-1.22,-10.35,
-1.22,-10.35,
-1.22,-11.02,
-1.22,-11.02,
-1.22,-11.02,
-1.22,-11.02,
-1.68,-11.02,
-1.68,-11.02,
-1.68,-11.02,
-1.68,-11.02,
-1.68,-11.02,
-1.68,-10.46,
-1.68,-10.46,
-1.68,-10.46,
-1.68,-10.46,
-1.68,-10.46,
-1.9,-10.46,
-1.9,-10.46,
-1.9,-10.46,
-1.9,-10.46,
-1.9,-10.46,
-1.9,-10.46,
-1.9,-9.61,
-1.9,-9.61,
-1.9,-9.61,
-2.19,-9.61,
-2.19,-9.61,
-2.19,-9.61,
-2.19,-9.61,
-2.19,-9.61,
-2.19,-9.61,
-2.19,-9.61,
-2.19,-9.2,
-2.19,-9.2,
-2.19,-9.2,
-2.45,-9.2,
-2.45,-9.2,
-2.45,-9.2,
-2.45,-9.2,
-2.45,-9.2,
-2.45,-10.31,
-2.45,-10.31,
-2.45,-10.31,
-2.45,-10.31,
-2.45,-10.31,
-2.57,-10.31,
-2.57,-10.31,
-2.57,-10.31,
-2.57,-10.31,
-2.57,-10.31,
-2.57,-10.31,
-2.57,-10.31,
-2.57,-10.31,
-2.57,-10.31,
-2.57,-10.86,
-2.57,-10.86,
-2.57,-10.86,
-2.57,-10.86,
-2.32,-10.86,
-2.32,-10.86,
-2.32,-10.86,
-2.32,-9.83,
-2.32,-9.83,
-2.2,-9.83,
-2.2,-9.83,
-2.2,-9.83,
-2.2,-9.83,
-2.2,-7.5,
-2.2,-7.5,
-2.2,-7.5,
-2.2,-7.5,
-2.2,-7.5,
-2.2,-7.5,
-1.57,-7.5,
-1.57,-7.5,
-1.57,-7.5,
-1.57,-6.36,
-1.57,-6.36,
-1.57,-6.36,
-1.57,-6.36,
-0.75,-6.36,
-0.75,-6.36,
-0.75,-6.36,
-0.75,-6.36,
-0.75,-5.93,
-0.75,-5.93,
-0.75,-5.93,
-0.75,-5.93,
-0.75,-5.93,
-0.75,-5.93,
-0.75,-5.93,
-0.36,-5.93,
-0.36,-5.93,
-0.36,-5.71,
-0.36,-5.71,
-0.36,-5.71,
-0.36,-5.71,
-0.36,-5.71,
-0.36,-5.71,
-0.36,-5.71,
-1.09,-5.71,
-1.09,-5.71,
-1.09,-5.71,
-1.09,-5.71,
-1.09,-5.71,
-1.09,-8.15,
-1.09,-8.15,
-1.09,-8.15,
-1.09,-8.15,
-1.44,-8.15,
-1.44,-8.15,
-1.44,-8.15,
-1.44,-8.15,
-1.44,-9.36,
-1.44,-9.36,
-1.44,-9.36,
-1.44,-9.36,
-2.43,-9.36,
-2.43,-9.36,
-2.43,-9.36,
-2.43,-11.43,
-2.43,-11.43,
-2.43,-11.43,
-2.43,-11.43,
-2.43,-11.43,
-2.43,-11.43,
-2.43,-11.43,
-2.92,-11.43,
-2.92,-11.43,
-2.92,-12.36,
-2.92,-12.36,
-2.92,-12.36,
-2.92,-12.36,
-2.92,-12.36,
-3.11,-12.36,
-3.11,-12.36,
-3.11,-12.83,
-3.11,-12.83,
-3.11,-12.83,
-3.11,-12.83,
-2.91,-12.83,
-2.91,-12.83,
-2.91,-12.83,
-2.91,-12.83,
-2.91,-12.83,
-2.91,-12.83,
-2.91,-12.83,
-2.91,-12.83,
-2.91,-12.83,
-2.91,-12.83,
-2.91,-12.83,
-2.91,-12.83,
-2.91,-14.62,
-2.8,-14.62,
-2.8,-14.62,
-2.8,-15.53,
-2.8,-15.53,
-2.73,-15.53,
-2.73,-15.53,
-2.73,-15.53,
-2.73,-15.53,
-2.73,-15.53,
-2.73,-15.53,
-2.73,-15.53,
-2.73,-16.65,
-2.73,-16.65,
-2.69,-16.65,
-2.69,-16.65,
-2.69,-16.65,
-2.69,-16.65,
-2.69,-16.65,
-2.69,-15.69,
-2.69,-15.69,
-2.69,-15.69,
-2.69,-15.69,
-2.41,-15.69,
-2.41,-15.69,
-2.41,-15.69,
-2.41,-15.69,
-2.41,-15.69,
-2.41,-15.69,
-2.41,-15.69,
-2.41,-15.19,
-2.41,-15.19,
-2.41,-15.19,
-1.16,-15.19,
-1.16,-15.19,
-1.16,-15.19,
-1.16,-15.19,
-1.16,-15.19,
-1.16,-13.26,
-1.16,-13.26,
-1.16,-13.26,
-1.16,-13.26,
-0.52,-13.26,
-0.52,-13.26,
-0.52,-13.26,
-0.52,-13.26,
-0.52,-13.26,
-0.52,-13.26,
-0.52,-12.28,
-0.52,-12.28,
-0.52,-12.28,
-0.52,-12.28,
0.96,-12.28,
0.96,-12.28,
0.96,-12.28,
0.96,-12.28,
0.96,-12.28,
0.96,-12.28,
0.96,-12.28,
0.96,-12.28,
0.96,-11.46,
0.96,-11.46,
0.96,-11.46,
0.96,-11.46,
0.96,-11.46,
1.72,-11.46,
1.72,-11.46,
1.72,-11.46,
1.72,-11.46,
1.72,-11.05,
1.72,-11.05,
2.8,-11.05,
2.8,-11.05,
2.8,-11.05,
2.8,-11.05,
2.8,-11.05,
2.8,-11.05,
2.8,-10.66,
2.8,-10.66,
2.8,-10.66,
3.35,-10.66,
3.35,-10.66,
3.35,-10.66,
3.35,-10.66,
3.35,-10.66,
3.35,-9.22,
3.35,-9.22,
4.9,-9.22,
4.9,-9.22,
4.9,-9.22,
4.9,-9.22,
4.9,-9.22,
4.9,-8.49,
4.9,-8.49,
4.9,-8.49,
4.9,-8.49,
4.9,-8.49,
4.9,-8.49,
6.92,-8.49,
6.92,-8.49,
6.92,-8.49,
6.92,-9.86,
6.92,-9.86,
6.92,-9.86,
6.92,-9.86,
6.92,-9.86,
7.95,-9.86,
7.95,-9.86,
7.95,-9.86,
7.95,-9.86,
7.95,-9.86,
7.95,-9.86,
7.95,-10.52,
7.95,-10.52,
7.95,-10.52,
7.95,-10.52,
7.95,-10.52,
8.34,-10.52,
8.34,-10.52,
8.34,-10.52,
8.34,-10.52,
8.34,-10.52,
8.34,-8.14,
8.34,-8.14,
8.34,-8.14,
8.34,-8.14,
8.34,-8.14,
8.34,-8.14,
8.34,-8.14,
8.53,-8.14,
8.53,-8.14,
8.53,-8.14,
8.53,-8.14,
8.53,-8.14,
8.53,-5.17,
8.53,-5.17,
8.53,-5.17,
8.65,-5.17,
8.65,-5.17,
8.65,-5.17,
8.65,-3.67,
8.65,-3.67,
8.65,-3.67,
8.65,-3.67,
8.56,-3.67,
8.56,-3.67,
8.56,-3.67,
8.56,-3.67,
8.56,1.65,
8.56,1.65,
8.56,1.65,
8.56,1.65,
8.56,1.65,
8.56,1.65,
8.56,1.65,
8.56,1.65,
8.56,1.65,
8.56,1.65,
8.51,1.65,
8.51,1.65,
8.51,1.65,
8.51,1.65,
8.51,1.65,
8.51,1.65,
8.17,4.62,
8.17,4.62,
8.17,4.62,
8.17,4.62,
8.17,-0.89,
8.17,-0.89,
8.0,-0.89,
8.0,-0.89,
8.0,-0.89,
8.0,-0.89,
8.0,-0.89,
8.0,-0.89,
8.0,-0.89,
8.0,-0.89,
8.0,-3.75,
8.0,-3.75,
8.0,-3.75,
8.0,-3.75,
5.63,-3.75,
5.63,-3.75,
5.63,-3.75,
5.63,-3.75,
5.63,-3.75,
5.63,-17.62,
5.63,-17.62,
5.63,-17.62,
5.63,-17.62,
4.5,-17.62,
4.5,-17.62,
4.5,-17.62,
4.5,-17.62,
4.5,-17.62,
4.5,-17.62,
4.5,-27.91,
4.5,-27.91,
4.5,-27.91,
4.5,-27.91,
2.03,-27.91,
2.03,-27.91,
2.03,-27.91,
2.03,-27.91,
2.03,-27.91,
2.03,-32.44,
2.03,-32.44,
0.96,-32.44,
0.96,-32.44,
0.96,-32.44,
0.96,-32.44,
0.96,-32.44,
0.96,-41.42,
0.96,-41.42,
0.96,-41.42,
0.96,-41.42,
0.96,-41.42,
0.96,-41.42,
0.96,-41.42,
0.46,-41.42,
0.46,-45.43,
0.46,-45.43,
0.46,-45.43,
0.46,-45.43,
0.46,-45.43,
0.46,-45.43,
0.32,-45.43,
0.32,-45.43,
0.32,-45.43,
0.32,-45.43,
0.32,-45.43,
0.32,-43.33,
0.32,-43.33,
0.32,-43.33,
0.25,-43.33,
0.25,-43.33,
0.25,-43.33,
0.25,-43.33,
0.25,-43.33,
0.25,-43.33,
0.25,-43.33,
0.52,-37.58,
0.52,-37.58,
0.52,-37.58,
0.52,-37.58,
0.52,-37.58,
0.52,-37.58,
0.52,-37.58,
0.52,-37.58,
0.52,-33.67,
0.52,-33.67,
0.52,-33.67,
2.1,-33.67,
2.1,-33.67,
2.1,-33.67,
2.1,-33.67,
2.1,-33.67,
2.1,-33.67,
2.1,-30.36,
2.1,-30.36,
2.1,-30.36,
2.96,-30.36,
2.96,-30.36,
2.96,-30.36,
2.96,-30.36,
2.96,-30.36,
2.96,-30.36,
2.96,-30.36,
2.96,-28.67,
2.96,-28.67,
2.96,-28.67,
5.29,-28.67,
5.29,-28.67,
5.29,-28.67,
5.29,-28.67,
5.29,-28.67,
5.29,-28.67,
5.29,-28.67,
5.29,-28.67,
5.29,-30.12,
5.29,-30.12,
5.29,-30.12,
6.5,-30.12,
6.5,-30.12,
6.5,-30.12,
6.5,-30.79,
6.5,-30.79,
6.5,-30.79,
6.5,-30.79,
6.5,-30.79,
6.63,-30.79,
6.63,-30.79,
6.63,-30.79,
6.63,-30.79,
6.63,-30.79,
6.63,-30.79,
6.63,-33.47,
6.63,-33.47,
6.63,-33.47,
6.63,-33.47,
6.63,-33.47,
6.63,-33.47,
6.7,-33.47,
6.7,-33.47,
6.7,-33.47,
6.7,-33.47,
6.7,-36.6,
6.7,-36.6,
6.7,-36.6,
6.7,-36.6,
6.7,-36.6,
5.62,-36.6,
5.62,-36.6,
5.62,-36.6,
5.62,-36.6,
5.62,-38.06,
5.62,-38.06,
5.62,-38.06,
5.62,-38.06,
4.1,-38.06,
4.1,-38.06,
4.1,-38.06,
4.1,-36.56,
4.1,-36.56,
4.1,-36.56,
4.1,-36.56,
4.1,-36.56,
3.35,-36.56,
3.35,-36.56,
3.35,-36.56,
3.35,-35.85,
2.76,-35.85,
2.76,-35.85,
2.76,-35.85,
2.76,-35.85,
2.76,-35.85,
2.76,-35.85,
2.76,-35.85,
2.76,-35.85,
2.76,-34.73,
2.45,-34.73,
2.45,-34.73,
2.45,-34.73,
2.45,-34.73,
2.45,-34.73,
2.45,-34.73,
2.45,-34.73,
2.45,-34.46,
2.45,-34.46,
2.45,-34.46,
3.52,-34.46,
3.52,-34.46,
3.52,-34.46,
3.52,-34.46,
3.52,-34.33,
3.52,-34.33,
3.52,-34.33,
3.52,-34.33,
3.52,-34.33,
4.06,-34.33,
4.06,-34.33,
4.06,-32.04,
4.06,-32.04,
4.06,-32.04,
4.06,-32.04,
6.81,-32.04,
6.81,-32.04,
6.81,-32.04,
6.81,-32.04,
6.81,-32.04,
6.81,-30.89,
6.81,-30.89,
6.81,-30.89,
6.81,-30.89,
6.81,-30.89,
10.4,-30.89,
10.4,-30.89,
10.4,-30.89,
10.4,-30.89,
10.4,-30.06,
10.4,-30.06,
10.4,-30.06,
12.17,-30.06,
12.17,-30.06,
12.17,-30.06,
12.17,-30.06,
12.17,-30.06,
12.17,-30.06,
12.17,-29.65,
12.17,-29.65,
12.17,-29.65,
12.17,-29.65,
14.43,-29.65,
14.43,-29.65,
14.43,-29.65,
14.43,-29.65,
14.43,-29.65,
14.43,-29.65,
14.43,-29.37,
15.53,-29.37,
15.53,-28.43,
15.53,-28.43,
15.53,-28.43,
16.28,-28.43,
16.28,-28.43,
16.28,-28.43,
16.28,-28.43,
16.28,-28.43,
16.28,-28.43,
16.28,-27.96,
16.28,-27.96,
16.28,-27.96,
16.54,-27.96,
16.54,-27.96,
16.54,-27.96,
16.54,-27.96,
16.54,-27.96,
16.54,-27.96,
16.54,-27.96,
16.54,-27.45,
16.54,-27.45,
16.54,-27.45,
16.54,-27.45,
16.68,-27.45,
16.68,-27.45,
16.68,-27.45,
16.68,-27.45,
16.68,-27.45,
16.68,-27.45,
16.68,-27.45,
16.68,-27.19,
16.68,-27.19,
16.38,-27.19,
16.38,-27.19,
16.38,-27.19,
16.38,-27.19,
16.38,-27.19,
16.38,-27.19,
16.38,-27.19,
16.23,-25.58,
16.23,-25.58,
16.23,-25.58,
16.23,-25.58,
16.23,-23.84,
16.23,-23.84,
16.23,-23.84,
15.94,-23.84,
15.94,-23.84,
15.94,-23.84,
15.94,-23.84,
15.94,-23.84,
15.94,-23.84,
15.94,-23.84,
15.94,-23.84,
15.94,-22.96,
15.94,-22.96,
15.79,-22.96,
15.79,-22.96,
15.79,-22.96,
15.79,-22.96,
15.79,-21.13,
15.79,-21.13,
14.76,-21.13,
14.76,-21.13,
14.76,-21.13,
14.76,-21.13,
14.76,-21.13,
14.76,-20.21,
14.76,-20.21,
15.23,-20.21,
15.23,-20.21,
15.23,-20.21,
15.23,-20.21,
15.23,-18.65,
15.23,-18.65,
15.23,-18.65,
15.47,-18.65,
15.47,-18.65,
15.47,-18.65,
15.47,-18.65,
15.47,-18.65,
15.47,-18.65,
15.47,-16.27,
15.47,-16.27,
15.47,-16.27,
16.07,-16.27,
16.07,-16.27,
16.07,-16.27,
16.07,-16.27,
16.07,-16.27,
16.07,-16.27,
16.07,-15.07,
16.07,-15.07,
16.36,-15.07,
16.36,-15.07,
16.36,-15.07,
16.36,-15.07,
16.36,-15.07,
16.36,-15.07,
16.36,-15.07,
16.36,-15.07,
16.36,-9.09,
16.36,-9.09,
16.36,-9.09,
16.36,-9.09,
16.99,-9.09,
16.99,-9.09,
16.99,-9.09,
16.99,-9.09,
16.99,-9.09,
16.99,-6.08,
16.99,-6.08,
16.99,-6.08,
18.94,-6.08,
18.94,-6.08,
18.94,-6.08,
18.94,-6.08,
18.94,-6.08,
18.94,-6.08,
18.94,-2.76,
19.88,-2.76,
19.88,-2.76,
19.88,-2.76,
19.88,-2.76,
19.88,-2.76,
19.88,-1.07,
19.88,-1.07,
19.88,-1.07,
19.88,-1.07,
19.88,-1.07,
19.88,-1.07,
21.86,-1.07,
21.86,-1.07,
21.86,-1.07,
21.86,-1.07,
21.86,-1.07,
22.83,0.1,
22.83,0.1,
22.83,0.1,
22.83,0.1,
22.83,0.1,
22.83,0.1,
22.83,0.1,
22.83,0.1,
22.83,0.1,
22.83,1.52,
22.83,1.52,
23.85,1.52,
23.85,1.52,
23.85,1.52,
23.85,1.52,
23.85,1.52,
23.85,2.23,
23.85,2.23,
23.85,2.23,
23.85,2.23,
23.85,2.23,
24.69,2.23,
24.69,2.23,
24.69,2.23,
24.69,2.23,
24.69,2.23,
24.69,2.23,
24.69,2.23,
24.69,2.49,
24.69,2.49,
24.69,2.49,
25.1,2.49,
25.1,2.49,
25.1,2.49,
25.1,2.49,
25.1,2.49,
25.1,2.63,
25.1,2.63,
25.1,2.63,
24.66,2.63,
24.66,2.63,
24.66,2.63,
24.66,2.63,
24.66,2.63,
24.66,2.63,
24.66,2.63,
24.66,2.63,
24.66,3.27,
24.66,3.27,
24.66,3.27,
24.66,3.27,
24.45,3.27,
24.45,3.27,
24.45,3.27,
24.45,3.27,
24.45,3.27,
24.45,3.27,
24.45,5.24,
24.45,5.24,
23.6,5.24,
23.6,5.24,
23.6,5.24,
23.6,5.24,
23.6,5.24,
23.6,5.24,
23.6,6.24,
23.16,6.24,
23.16,6.24,
23.16,6.24,
23.16,6.24,
23.16,6.24,
23.16,6.24,
23.16,6.24,
23.16,9.6,
23.16,9.6,
23.16,9.6,
23.16,9.6,
22.36,9.6,
22.36,9.6,
22.36,9.6,
22.36,9.6,
22.36,9.6,
22.36,9.6,
22.36,11.26,
22.36,11.26,
22.36,11.26,
22.36,11.26,
22.91,11.26,
22.91,11.26,
22.91,11.26,
22.91,11.26,
22.91,9.89,
22.91,9.89,
22.91,9.89,
22.91,9.89,
22.91,9.89,
23.19,9.89,
23.19,9.89,
23.19,9.89,
23.19,9.89,
23.19,9.89,
23.19,9.89,
23.19,9.2,
23.19,9.2,
23.19,9.2,
24.78,9.2,
24.78,9.2,
24.78,9.2,
24.78,9.2,
24.78,9.2,
24.78,9.2,
24.78,7.4,
24.78,7.4,
24.78,7.4,
25.57,7.4,
25.57,7.4,
25.57,7.4,
25.57,7.4,
25.57,7.4,
25.57,9.23,
25.57,9.23,
25.57,9.23,
25.57,9.23,
25.57,9.23,
25.95,9.23,
25.95,9.23,
25.95,9.23,
25.95,9.23,
25.95,9.23,
25.95,9.23,
25.95,10.15,
25.95,10.15,
25.95,10.15,
25.95,10.15,
24.87,10.15,
24.87,10.15,
24.87,10.15,
24.87,10.15,
24.87,10.15,
24.87,10.15,
24.87,8.95,
24.87,8.95,
24.87,8.95,
24.87,8.95,
24.87,8.95,
24.87,8.95,
24.33,8.95,
24.33,8.95,
24.33,8.95,
24.33,8.95,
24.33,8.35,
24.33,8.35,
24.33,8.35,
24.33,8.35,
22.86,8.35,
22.86,8.35,
22.86,8.35,
22.86,8.35,
22.86,8.35,
22.86,8.35,
22.86,6.6,
22.86,6.6,
22.86,6.6,
22.86,6.6,
22.86,6.6,
22.12,6.6,
22.12,6.6,
22.12,6.94,
22.12,6.94,
22.12,6.94,
22.12,6.94,
22.12,6.94,
21.74,6.94,
21.74,6.94,
21.74,6.94,
21.74,6.94,
21.74,7.1,
21.74,7.1,
21.74,7.1,
21.74,7.1,
21.74,7.1,
21.55,7.1,
21.55,7.1,
21.55,7.1,
21.55,7.1,
21.55,5.47,
21.55,5.47,
21.55,5.47,
21.55,5.47,
21.55,5.47,
20.92,5.47,
20.92,5.47,
20.92,5.47,
20.92,4.65,
20.92,4.65,
20.92,4.65,
20.92,4.65,
20.92,4.65,
20.92,4.65,
20.92,4.65,
20.92,4.65,
20.92,4.65,
20.92,4.65,
20.92,4.65,
20.92,4.65,
14.99,4.65,
14.99,4.65,
14.99,4.65,
14.99,4.65,
14.99,-0.37,
14.99,-0.37,
12.53,-0.37,
12.53,-0.37,
12.53,-0.37,
12.53,-0.37,
12.53,-0.37,
12.53,-0.37,
12.53,-2.46,
12.53,-2.46,
12.53,-2.46,
11.24,-2.46,
11.24,-2.46,
11.24,-2.46,
11.24,-2.46,
11.24,-2.46,
11.24,14.26,
11.24,14.26,
10.61,14.26,
10.61,14.26,
10.61,14.26,
10.61,14.26,
10.61,14.26,
10.61,11.17,
10.61,11.17,
10.61,11.17,
14.47,11.17,
14.47,11.17,
14.47,11.17,
14.47,11.17,
14.47,9.8,
14.47,9.8,
14.47,9.8,
14.47,9.8,
14.47,9.8,
18.15,9.8,
18.15,9.8,
18.15,9.8,
18.15,9.8,
18.15,4.45,
18.15,4.45,
18.15,4.45,
19.98,4.45,
19.98,4.45,
19.98,4.45,
19.98,4.45,
19.98,4.45,
19.98,1.16,
19.98,1.16,
19.98,1.16,
19.98,1.16,
15.56,1.16,
15.56,1.16,
15.56,1.16,
15.56,1.16,
15.56,1.16,
15.56,1.16,
15.56,7.76,
15.56,7.76,
15.56,7.76,
15.56,7.76,
12.44,7.76,
12.44,7.76,
12.44,7.76,
12.44,7.76,
12.44,7.76,
12.44,7.76,
12.44,7.76,
12.44,5.21,
12.44,5.21,
3.14,5.21,
3.14,5.21,
3.14,5.21,
3.14,5.21,
3.14,3.85,
3.14,3.85,
3.14,3.85,
-2.28,3.85,
-2.28,3.85,
-2.28,3.85,
-2.28,3.85,
-2.28,3.85,
-2.28,3.85,
-2.28,3.85,
-2.28,3.85,
-2.28,3.85,
-2.28,3.85,
-2.28,3.85,
-2.28,-8.17,
-2.28,-8.17,
-2.28,-8.17,
-2.26,-8.17,
-2.26,-8.17,
-2.26,-8.17,
-2.26,-8.17,
-2.26,-14.25,
5.38,-14.25,
5.38,-14.25,
5.38,-14.25,
5.38,-14.25,
5.38,-14.25,
5.38,-7.05,
5.38,-7.05,
5.38,-7.05,
5.38,-7.05,
5.38,-7.05,
5.38,-7.05,
8.87,-7.05,
8.87,-7.05,
8.87,-7.05,
8.87,-7.05,
8.87,-7.05,
10.74,-3.45,
10.74,-3.45,
10.74,-3.45,
10.74,-3.45,
10.74,-3.45,
10.74,-3.45,
10.74,-3.45,
10.74,-3.45,
10.74,-3.45,
10.74,10.9,
10.74,10.9,
10.74,10.9,
10.74,10.9,
11.6,10.9,
11.6,10.9,
11.6,10.9,
11.6,10.9,
11.6,10.9,
11.6,17.07,
11.6,17.07,
11.6,17.07,
11.6,17.07,
13.25,17.07,
13.25,17.07,
13.25,17.07,
13.25,17.07,
13.25,17.07,
13.25,17.07,
13.25,20.06,
13.25,20.06,
13.25,20.06,
13.25,20.06,
15.57,20.06,
15.57,20.06,
15.57,20.06,
15.57,20.06,
15.57,20.06,
15.57,20.06,
15.57,14.12,
15.57,14.12,
15.57,14.12,
16.77,14.12,
16.77,14.12,
16.77,14.12,
16.77,14.12,
16.77,14.12,
16.77,10.88,
16.77,10.88,
16.77,10.88,
16.77,10.88,
14.54,10.88,
14.54,10.88,
14.54,10.88,
14.54,10.88,
14.54,10.88,
14.54,10.88,
14.54,8.39,
14.54,8.39,
14.54,8.39,
14.54,8.39,
13.38,8.39,
13.38,8.39,
13.38,8.39,
13.38,8.39,
13.38,11.41,
13.38,11.41,
13.38,11.41,
13.38,11.41,
9.54,11.41,
9.54,11.41,
9.54,11.41,
9.54,11.41,
9.54,11.41,
9.54,11.41,
9.54,11.41,
9.54,11.41,
9.54,11.41,
9.54,11.41,
9.54,12.83,
9.54,12.83,
9.54,12.83,
7.66,12.83,
7.66,12.83,
7.66,12.83,
7.66,12.02,
7.66,12.02,
6.63,12.02,
6.63,12.02,
6.63,12.02,
6.63,12.02,
6.63,12.02,
6.63,12.02,
6.63,11.61,
6.63,11.61,
6.76,11.61,
6.76,11.61,
6.76,11.61,
6.76,11.61,
6.76,11.61,
6.76,11.61,
6.76,3.18,
6.76,3.18,
6.76,3.18,
6.82,3.18,
6.82,3.18,
6.82,3.18,
6.82,3.18,
6.82,3.18,
6.82,-1.1,
6.82,-1.1,
6.82,-1.1,
6.82,-1.1,
6.82,-1.1,
5.03,-1.1,
5.03,-1.1,
5.03,-1.1,
5.03,-1.1,
5.03,-2.79,
5.03,-2.79,
5.03,-2.79,
5.03,-2.79,
5.03,-2.79,
4.13,-2.79,
4.13,-2.79,
4.13,-2.79,
4.13,-2.79,
4.13,-2.79,
4.13,-2.79,
4.13,-3.9,
4.13,-3.9,
4.13,-3.9,
1.98,-3.9,
1.98,-3.9,
1.98,-3.9,
1.98,-3.9,
1.98,-4.43,
1.98,-4.43,
1.98,-4.43,
1.2,-4.43,
1.2,-4.43,
1.2,-4.43,
1.2,-4.43,
1.2,-4.43,
1.2,-4.94,
1.2,-4.94,
1.2,-4.94,
0.82,-4.94,
0.82,-4.94,
0.82,-4.94,
0.82,-4.94,
0.82,-4.94,
0.82,-5.2,
0.82,-5.2,
0.82,-5.2,
0.82,-5.2,
0.82,-5.2,
0.82,-5.2,
1.44,-5.2,
1.44,-5.2,
1.44,-3.87,
1.44,-3.87,
1.44,-3.87,
1.75,-3.87,
1.75,-3.87,
1.75,-3.87,
1.75,-1.72,
1.75,-1.72,
1.75,-1.72,
1.75,-1.72,
2.07,-1.72,
2.07,-1.72,
2.07,-1.72,
2.07,-1.72,
2.07,-1.72,
2.07,-1.72,
2.07,-0.66,
2.07,-0.66,
2.07,-0.66,
2.07,-0.66,
2.23,-0.66,
2.23,-0.66,
2.23,-0.66,
2.23,-0.66,
2.23,-0.66,
2.23,-0.66,
2.23,-0.66,
2.23,0.52,
2.23,0.52,
2.23,0.52,
2.23,0.52,
2.23,0.52,
2.05,0.52,
2.05,0.52,
2.05,0.52,
2.05,0.52,
2.05,0.52,
2.05,1.11,
2.05,1.11,
2.05,1.11,
2.05,1.11,
1.53,1.11,
1.53,1.11,
1.53,1.11,
1.53,1.11,
1.53,1.11,
1.53,1.23,
1.53,1.23,
1.53,1.23,
1.53,1.23,
1.53,1.23,
1.53,1.23,
1.26,1.23,
1.26,1.23,
1.26,1.23,
1.26,1.23,
1.26,1.23,
1.26,1.23,
1.26,1.29,
1.26,1.29,
1.26,1.29,
2.04,1.29,
2.04,1.29,
2.04,1.77,
2.04,1.77,
2.04,1.77,
2.04,1.77,
2.04,1.77,
2.44,1.77,
2.44,1.77,
2.44,1.77,
2.44,1.77,
2.44,1.77,
2.44,1.77,
2.44,1.77,
2.44,1.77,
2.44,0.73,
2.44,0.73,
2.44,0.73,
3.03,0.73,
3.03,0.73,
3.03,0.73,
3.03,0.73,
3.03,0.2,
3.03,0.2,
3.03,0.2,
3.03,0.2,
3.03,0.2,
3.53,0.2,
3.53,0.2,
3.53,0.2,
3.53,0.2,
3.53,0.49,
3.53,0.49,
3.53,0.49,
3.78,0.49,
3.78,0.49,
3.78,0.49,
3.78,0.49,
3.78,0.49,
3.78,0.49,
3.78,0.49,
3.78,0.49,
3.78,0.49,
3.78,0.49,
3.78,0.49,
3.78,0.49,
3.78,0.64,
3.78,0.64,
3.78,0.64,
3.78,0.64,
4.02,0.64,
4.02,0.64,
4.02,0.64,
4.02,0.64,
4.02,0.64,
4.02,0.56,
4.02,0.56,
4.14,0.56,
4.14,0.56,
4.14,0.56,
4.14,0.56,
4.14,0.31,
4.1,0.31,
4.1,0.31,
4.1,0.31,
4.1,0.31,
4.1,0.31,
4.1,0.31,
4.1,0.31,
4.1,0.18,
4.1,0.18,
4.1,0.18,
4.1,0.18,
4.08,0.18,
4.08,0.18,
4.08,0.18,
4.08,0.18,
4.08,0.18,
4.08,2.03,
4.08,2.03,
4.08,2.03,
4.08,2.03,
4.08,2.03,
4.11,2.03,
4.11,2.03,
4.11,2.03,
4.11,2.03,
4.11,2.03,
4.11,2.03,
4.11,2.97,
5.34,2.97,
5.34,2.97,
5.34,2.97,
5.34,2.97,
5.34,2.97,
5.34,2.97,
5.34,2.97,
5.34,2.97,
5.34,2.97,
5.34,2.97,
5.34,2.72,
5.96,2.72,
5.96,2.72,
5.96,2.72,
5.96,2.72,
5.96,2.72,
5.96,2.6,
5.96,2.6,
5.96,2.6,
5.96,2.6,
5.96,2.6,
5.91,2.6,
5.91,2.6,
5.91,2.6,
5.91,0.11,
5.91,0.11,
5.91,0.11,
5.91,0.11,
5.89,0.11,
5.89,0.11,
5.89,0.11,
5.89,0.11,
5.89,0.11,
5.89,-2.81,
5.89,-2.81,
5.89,-2.81,
5.89,-2.81,
5.89,-2.81,
5.62,-2.81,
5.62,-2.81,
5.62,-2.81,
5.62,-2.81,
5.62,-4.24,
5.62,-4.24,
5.62,-4.24,
5.62,-4.24,
5.62,-4.24,
5.62,-4.24,
5.49,-4.24,
5.49,-4.24,
5.49,-4.24,
5.49,-4.24,
5.49,-4.24,
5.49,-5.84,
5.49,-5.84,
5.49,-5.84,
5.73,-5.84,
5.73,-5.84,
5.73,-5.84,
5.73,-5.84,
5.73,-5.84,
5.73,-5.84,
5.73,-6.66,
5.73,-6.66,
5.73,-6.66,
5.73,-6.66,
6.31,-6.66,
6.31,-6.66,
6.31,-6.66,
6.31,-6.66,
6.31,-6.66,
6.31,-5.01,
6.6,-5.01,
6.6,-5.01,
6.6,-5.01,
6.6,-5.01,
6.6,-5.01,
6.6,-5.01,
6.6,-3.09,
6.6,-3.09,
6.6,-3.09,
6.45,-3.09,
6.45,-3.09,
6.45,-3.09,
6.45,-3.09,
6.45,-3.09,
6.45,-3.09,
6.45,-3.09,
6.45,-2.12,
6.45,-2.12,
6.45,-2.12,
6.38,-2.12,
6.38,-2.12,
6.38,-2.12,
6.38,-2.12,
6.38,-2.12,
6.38,-2.45,
6.38,-2.45,
6.14,-2.45,
6.14,-2.45,
6.14,-2.45,
6.14,-2.45,
6.14,-2.45,
6.14,-2.45,
6.14,-2.45,
6.14,-2.45,
6.14,-2.45,
6.14,-2.62,
6.14,-2.62,
6.14,-2.62,
5.8,-2.62,
5.8,-2.62,
5.8,-2.62,
5.8,0.47,
5.8,0.47,
5.8,0.47,
5.8,0.47,
5.8,0.47,
5.63,0.47,
5.63,0.47,
5.63,0.47,
5.63,0.47,
5.63,0.47,
5.63,0.47,
5.63,2.04,
5.63,2.04,
5.63,2.04,
5.63,2.04,
5.63,2.04,
6.76,2.04,
6.76,2.04,
6.76,2.04,
6.76,2.04,
6.76,2.04,
6.76,4.69,
6.76,4.69,
6.76,4.69,
6.76,4.69,
6.76,4.69,
7.33,4.69,
7.33,4.69,
7.33,4.69,
7.33,4.69,
7.33,4.69,
7.33,4.69,
7.33,5.85,
7.33,5.85,
7.33,5.85,
7.33,5.85,
8.48,5.85,
8.48,5.85,
8.48,5.85,
8.48,6.38,
8.48,6.38,
8.48,6.38,
9.04,6.38,
9.04,6.38,
9.04,6.38,
9.04,6.38,
9.04,6.38,
9.04,6.38,
9.04,6.38,
9.04,6.38,
9.04,0.59,
9.04,0.59,
9.04,0.59,
9.04,0.59,
7.89,0.59,
7.89,0.59,
7.89,0.59,
7.89,0.59,
7.89,0.59,
7.89,-2.32,
7.89,-2.32,
7.89,-2.32,
5.6,-2.32,
5.6,-2.32,
5.6,-2.32,
5.6,-2.32,
5.6,-2.32,
5.6,-7.45,
5.6,-7.45,
5.6,-7.45,
5.6,-7.45,
5.6,-7.45,
4.44,-7.45,
4.44,-7.45,
4.44,-7.45,
4.44,-7.45,
4.44,-7.45,
4.44,-7.45,
4.44,-11.94,
4.44,-11.94,
4.44,-11.94,
4.44,-11.94,
2.23,-11.94,
2.23,-11.94,
2.23,-11.94,
2.23,-11.94,
2.23,-11.94,
2.23,-11.94,
2.23,-14.11,
2.23,-14.11,
2.23,-14.11,
2.23,-14.11,
2.23,-14.11,
1.13,-14.11,
1.13,-14.11,
1.13,-14.11,
1.13,-14.11,
1.13,-14.11,
1.13,-12.12,
1.13,-12.12,
1.13,-12.12,
1.13,-12.12,
-0.04,-12.12,
-0.04,-12.12,
-0.04,-12.12,
-0.04,-12.12,
-0.04,-12.12,
-0.04,-11.08,
-0.04,-11.08,
-0.04,-11.08,
-0.04,-11.08,
0.57,-11.08,
0.57,-11.08,
0.57,-11.08,
0.57,-11.08,
0.57,-11.08,
0.57,-11.08,
0.57,-6.6,
0.57,-6.6,
0.57,-6.6,
0.57,-6.6,
0.88,-6.6,
0.88,-6.6,
0.88,-6.6,
0.88,-6.6,
0.88,-6.6,
0.88,-4.33,
0.88,-4.33,
0.88,-4.33,
1.38,-4.33,
1.38,-4.33,
1.38,-4.33,
1.38,-4.33,
1.38,-4.33,
1.38,-3.93,
1.38,-3.93,
1.38,-3.93,
1.38,-3.93,
1.63,-3.93,
1.63,-3.93,
1.63,-3.93,
1.63,-3.93,
1.63,-4.35,
1.63,-4.35,
1.63,-4.35,
1.63,-4.35,
0.78,-4.35,
0.78,-4.35,
0.78,-4.35,
0.78,-4.35,
0.78,-4.35,
0.78,-4.35,
0.78,-4.55,
0.78,-4.55,
0.78,-4.55,
0.78,-4.55,
0.78,-4.55,
0.35,-4.55,
0.35,-4.55,
0.35,-4.55,
0.35,-4.55,
0.35,-4.55,
0.35,-1.17,
0.35,-1.17,
0.35,-1.17,
0.35,-1.17,
0.35,-1.17,
0.35,-1.17,
0.35,-1.17,
-0.85,-1.17,
-0.85,-1.17,
-0.85,-1.17,
-0.85,0.54,
-0.85,0.54,
-0.85,0.54,
-0.85,0.54,
-1.41,0.54,
-1.41,0.54,
-1.41,0.54,
-1.41,0.54,
-1.41,0.54,
-1.41,0.54,
-1.41,0.54,
-1.41,0.54,
-1.41,0.54,
-1.41,0.54,
-1.41,-2.84,
-1.41,-2.84,
-1.41,-2.84,
-1.41,-2.84,
-1.69,-2.84,
-1.69,-2.84,
-1.69,-2.84,
-1.69,-2.84,
-1.69,-2.84,
-1.69,-5.2,
-1.69,-5.2,
-1.69,-5.2,
-1.69,-5.2,
-1.72,-5.2,
-1.72,-5.2,
-1.72,-5.2,
-1.72,-5.2,
-1.72,-5.2,
-1.72,-6.38,
-1.72,-6.38,
-1.73,-6.38,
-1.73,-6.38,
-1.73,-6.38,
-1.73,-6.38,
-1.73,-2.82,
-1.73,-2.82,
-1.73,-2.82,
-1.73,-2.82,
-0.92,-2.82,
-0.92,-2.82,
-0.92,-2.82,
-0.92,-2.82,
-0.92,-2.82,
-0.92,-2.82,
-0.92,-1.03,
-0.92,-1.03,
-0.92,-1.03,
-0.92,-1.03,
-0.92,-1.03,
-0.92,-1.03,
-0.92,-1.03,
-0.92,-1.03,
-0.62,-1.03,
-0.62,-2.65,
-0.62,-2.65,
-0.62,-2.65,
-0.47,-2.65,
-0.47,-2.65,
-0.47,-2.65,
-0.47,-2.65,
-0.47,-2.65,
-0.47,-2.65,
-0.47,-2.65,
-0.47,-3.44,
-0.47,-3.44,
-0.47,-3.44,
-0.47,-3.44,
-0.47,-3.44,
-0.47,-3.44,
-0.13,-3.44,
-0.13,-3.44,
-0.13,-3.44,
-0.13,-3.44,
-0.13,-3.44,
-0.13,-4.39,
-0.13,-4.39,
-0.13,-4.39,
-0.13,-4.39,
-0.13,-4.39,
0.03,-4.39,
0.03,-4.39,
0.03,-4.39,
0.03,-3.25,
0.03,-3.25,
0.76,-3.25,
0.76,-3.25,
0.76,-3.25,
0.76,-3.25,
0.76,-2.68,
0.76,-2.68,
0.76,-2.68,
0.76,-2.68,
0.76,-2.68,
1.12,-2.68,
1.12,-2.68,
1.12,-2.68,
1.12,-2.68,
1.12,-2.68,
1.12,-2.68,
1.12,-2.68,
1.12,-2.68,
1.12,-2.68,
1.12,-3.07,
1.12,-3.07,
1.12,-3.07,
2.06,-3.07,
2.06,-3.07,
2.06,-3.07,
2.06,-3.07,
2.06,-3.07,
2.06,-3.27,
2.06,-3.27,
2.06,-3.27,
2.35,-3.27,
2.35,-3.27,
2.35,-3.27,
2.35,-3.27,
2.35,-3.27,
2.35,-3.84,
2.35,-3.84,
2.35,-3.84,
2.35,-3.84,
2.49,-3.84,
2.49,-3.84,
2.49,-3.84,
2.49,-3.84,
2.49,-3.84,
2.49,-3.84,
2.49,-3.84,
2.49,-3.84,
2.49,-4.44,
2.06,-4.44,
2.06,-4.44,
2.06,-4.44,
2.06,-4.44,
2.06,-4.44,
2.06,-4.74,
2.06,-4.74,
2.06,-4.74,
2.06,-4.74,
1.84,-4.74,
1.84,-4.74,
1.84,-4.74,
1.84,-4.74,
1.84,-4.74,
1.84,-5.01,
1.84,-5.01,
1.84,-5.01,
1.84,-5.01,
1.84,-5.01,
1.08,-5.01,
1.08,-5.01,
1.08,-5.01,
1.08,-5.01,
1.08,-5.01,
1.08,-5.14,
1.08,-5.14,
1.08,-5.14,
0.41,-5.14,
0.41,-5.14,
0.41,-5.14,
0.41,-5.14,
0.41,-5.14,
0.41,-5.14,
0.41,-6.45,
0.41,-6.45,
0.41,-6.45,
0.41,-6.45,
0.41,-6.45,
0.08,-6.45,
0.08,-6.45,
0.08,-6.45,
0.08,-6.45,
0.08,-6.45,
0.08,-7.1,
0.08,-7.1,
0.08,-7.1,
0.08,-7.1,
0.08,-7.1,
-0.24,-7.1,
-0.24,-7.1,
-0.24,-7.1,
-0.24,-7.1,
-0.24,-7.1,
-0.24,-7.1,
-0.24,-7.45,
-0.24,-7.45,
-0.4,-7.45,
-0.4,-7.45,
-0.4,-7.45,
-0.4,-7.45,
-0.4,-7.45,
-0.4,-7.45,
-0.4,-7.45,
-0.4,-7.45,
-0.4,-7.45,
-0.4,-7.45,
-0.24,-7.07,
-0.24,-7.07,
-0.24,-7.07,
-0.24,-7.07,
-0.24,-7.07,
-0.24,-7.07,
-0.24,-6.88,
-0.24,-6.88,
-0.24,-6.88,
-0.16,-6.88,
-0.16,-6.88,
-0.16,-6.88,
-0.16,-6.88,
-0.16,-6.88,
-0.16,-6.88,
-0.16,-6.88,
-0.16,-6.88,
0.09,-6.76,
0.09,-6.76,
0.09,-6.76,
0.09,-6.76,
0.09,-6.76,
0.09,-6.76,
0.09,-6.76,
0.09,-6.76,
0.09,-6.71,
0.09,-6.71,
-0.11,-6.71,
-0.11,-6.71,
-0.11,-6.71,
-0.11,-6.71,
-0.11,-6.71,
