-0.64,0.51,
-0.64,0.51,
-0.64,0.55,
-0.64,0.55,
-0.64,0.55,
-0.64,0.55,
-0.64,0.55,
-0.64,0.55,
-0.64,0.55,
-0.64,0.55,
-0.62,0.55,
-0.62,0.55,
-0.62,0.65,
-0.62,0.65,
-0.62,0.65,
-0.62,0.65,
-0.62,0.65,
-0.62,0.65,
-0.62,0.65,
-0.55,0.65,
-0.55,0.77,
-0.55,0.77,
-0.55,0.77,
-0.55,0.77,
-0.55,0.77,
-0.55,0.77,
-0.55,0.77,
-0.55,0.77,
-0.4,0.83,
-0.4,0.83,
-0.4,0.83,
-0.4,0.83,
-0.4,0.83,
-0.4,0.83,
-0.4,0.83,
-0.4,0.83,
-0.32,0.83,
-0.32,0.83,
-0.32,0.83,
-0.32,0.83,
-0.32,0.83,
-0.32,0.83,
-0.32,0.8,
-0.32,0.8,
-0.33,0.8,
-0.33,0.8,
-0.33,0.8,
-0.33,0.79,
-0.33,0.79,
-0.33,0.79,
-0.33,0.79,
-0.33,0.79,
-0.33,0.79,
-0.33,0.79,
-0.33,0.79,
-0.33,0.79,
-0.33,0.79,
-0.33,0.79,
-0.33,0.79,
-0.33,0.74,
-0.33,0.74,
-0.33,0.74,
-0.33,0.74,
-0.33,0.74,
-0.33,0.74,
-0.35,0.74,
-0.35,0.74,
-0.35,0.74,
-0.35,0.81,
-0.35,0.81,
-0.35,0.81,
-0.35,0.81,
-0.35,0.81,
-0.35,0.81,
-0.35,0.81,
-0.35,0.81,
-0.35,0.85,
-0.35,0.85,
-0.35,0.85,
-0.35,0.85,
-0.35,0.85,
-0.35,0.85,
-0.35,0.85,
-0.35,0.85,
-0.47,0.85,
-0.47,0.85,
-0.47,0.76,
-0.47,0.76,
-0.47,0.76,
-0.47,0.76,
-0.47,0.76,
-0.47,0.76,
-0.47,0.76,
-0.5,0.76,
-0.5,0.76,
-0.5,0.76,
-0.5,0.71,
-0.5,0.71,
-0.5,0.71,
-0.5,0.71,
-0.51,0.71,
-0.51,0.71,
-0.51,0.63,
-0.51,0.63,
-0.51,0.63,
-0.51,0.63,
-0.51,0.63,
-0.51,0.63,
-0.6,0.63,
-0.6,0.63,
-0.6,0.63,
-0.6,0.59,
-0.6,0.59,
-0.6,0.59,
-0.6,0.59,
-0.6,0.59,
-0.6,0.59,
-0.6,0.59,
-0.65,0.59,
-0.65,0.59,
-0.65,0.52,
-0.65,0.52,
-0.65,0.52,
-0.65,0.52,
-0.65,0.52,
-0.65,0.52,
-0.65,0.52,
-0.73,0.52,
-0.73,0.47,
-0.73,0.47,
-0.73,0.47,
-0.73,0.47,
-0.73,0.47,
-0.73,0.47,
-0.73,0.47,
-0.73,0.47,
-0.7,0.47,
-0.7,0.44,
-0.7,0.44,
-0.7,0.44,
-0.7,0.44,
-0.7,0.44,
-0.7,0.44,
-0.7,0.44,
-0.7,0.44,
-0.68,0.44,
-0.68,0.46,
-0.68,0.46,
-0.68,0.46,
-0.68,0.46,
-0.68,0.46,
-0.68,0.46,
-0.68,0.46,
-0.68,0.46,
-0.68,0.46,
-0.65,0.46,
-0.65,0.46,
-0.65,0.46,
-0.65,0.46,
-0.65,0.46,
-0.65,0.46,
-0.65,0.46,
-0.65,0.46,
-0.65,0.46,
-0.65,0.46,
-0.65,0.46,
-0.63,0.46,
-0.63,0.54,
-0.63,0.54,
-0.63,0.54,
-0.63,0.54,
-0.63,0.54,
-0.63,0.54,
-0.58,0.54,
-0.58,0.54,
-0.58,0.7,
-0.58,0.7,
-0.58,0.7,
-0.58,0.7,
-0.58,0.7,
-0.58,0.7,
-0.58,0.7,
-0.55,0.7,
-0.55,0.7,
-0.55,0.78,
-0.55,0.78,
-0.55,0.78,
-0.55,0.78,
-0.55,0.78,
-0.58,0.78,
-0.58,0.78,
-0.58,0.78,
-0.58,0.72,
-0.58,0.72,
-0.58,0.72,
-0.58,0.72,
-0.58,0.72,
-0.58,0.72,
-0.58,0.72,
-0.61,0.69,
-0.61,0.69,
-0.61,0.69,
-0.61,0.69,
-0.61,0.69,
-0.61,0.69,
-0.61,0.69,
-0.61,0.69,
-0.61,0.69,
-0.62,0.69,
-0.62,0.69,
-0.62,0.61,
-0.62,0.61,
-0.62,0.61,
-0.62,0.61,
-0.62,0.61,
-0.62,0.61,
-0.62,0.61,
-0.7,0.61,
-0.7,0.61,
-0.7,0.57,
-0.7,0.57,
-0.7,0.57,
-0.7,0.57,
-0.7,0.57,
-0.7,0.57,
-0.7,0.57,
-0.7,0.57,
-0.74,0.57,
-0.74,0.57,
-0.74,0.46,
-0.74,0.46,
-0.74,0.46,
-0.74,0.46,
-0.74,0.46,
-0.74,0.46,
-0.78,0.46,
-0.78,0.46,
-0.78,0.46,
-0.78,0.46,
-0.78,0.38,
-0.78,0.38,
-0.78,0.38,
-0.78,0.38,
-0.78,0.38,
-0.78,0.38,
-0.78,0.38,
-0.83,0.38,
-0.83,0.38,
-0.83,0.38,
-0.83,0.38,
-0.83,0.34,
-0.83,0.34,
-0.83,0.34,
-0.83,0.34,
-0.83,0.34,
-0.83,0.34,
-0.86,0.34,
-0.86,0.34,
-0.86,0.34,
-0.86,0.31,
-0.86,0.31,
-0.86,0.31,
-0.86,0.31,
-0.86,0.31,
-0.86,0.31,
-0.86,0.31,
-0.86,0.31,
-0.86,0.29,
-0.86,0.29,
-0.86,0.29,
-0.86,0.29,
-0.86,0.29,
-0.86,0.29,
-0.86,0.29,
-0.86,0.29,
-0.86,0.29,
-0.86,0.29,
-0.86,0.55,
-0.86,0.55,
-0.86,0.55,
-0.86,0.55,
-0.86,0.55,
-0.86,0.55,
-0.86,0.55,
-0.86,0.55,
-0.86,0.55,
-0.86,0.49,
-0.86,0.49,
-0.86,0.49,
-0.86,0.49,
-0.86,0.49,
-0.86,0.49,
-0.86,0.49,
-0.86,0.49,
-0.86,0.49,
-0.86,0.49,
-0.86,0.47,
-0.86,0.47,
-0.86,0.47,
-0.86,0.47,
-0.86,0.47,
-0.86,0.47,
-0.72,0.47,
-0.72,0.47,
-0.72,0.51,
-0.72,0.51,
-0.72,0.51,
-0.72,0.51,
-0.72,0.51,
-0.72,0.51,
-0.72,0.51,
-0.72,0.51,
-0.65,0.51,
-0.65,0.53,
-0.65,0.53,
-0.65,0.53,
-0.65,0.53,
-0.65,0.53,
-0.65,0.53,
-0.65,0.53,
-0.62,0.53,
-0.62,0.53,
-0.62,0.51,
-0.62,0.51,
-0.62,0.51,
-0.62,0.51,
-0.62,0.51,
-0.62,0.51,
-0.62,0.51,
-0.62,0.51,
-0.63,0.51,
-0.63,0.51,
-0.63,0.51,
-0.63,0.51,
-0.63,0.51,
-0.63,0.51,
-0.63,0.51,
-0.63,0.51,
-0.63,0.51,
-0.63,0.61,
-0.63,0.61,
-0.63,0.61,
-0.63,0.61,
-0.63,0.61,
-0.63,0.61,
-0.63,0.61,
-0.5,0.61,
-0.5,0.61,
-0.5,0.65,
-0.5,0.65,
-0.5,0.65,
-0.5,0.65,
-0.5,0.65,
-0.5,0.65,
-0.5,0.65,
-0.5,0.65,
-0.44,0.65,
-0.44,0.65,
-0.44,0.65,
-0.44,0.67,
-0.44,0.67,
-0.44,0.67,
-0.44,0.67,
-0.44,0.67,
-0.44,0.67,
-0.42,0.67,
-0.42,0.67,
-0.42,0.78,
-0.42,0.78,
-0.42,0.78,
-0.42,0.78,
-0.42,0.78,
-0.42,0.78,
-0.42,0.78,
-0.42,0.78,
-0.42,0.78,
-0.42,0.78,
-0.44,0.78,
-0.44,0.78,
-0.44,0.78,
-0.44,0.83,
-0.44,0.83,
-0.44,0.83,
-0.44,0.83,
-0.46,0.83,
-0.46,0.83,
-0.46,0.83,
-0.46,0.83,
-0.46,0.83,
-0.46,0.83,
-0.46,0.83,
-0.46,0.83,
-0.44,0.83,
-0.44,0.83,
-0.44,0.83,
-0.44,0.83,
-0.44,0.83,
-0.44,0.83,
-0.44,0.75,
-0.44,0.75,
-0.44,0.75,
-0.44,0.75,
-0.44,0.75,
-0.44,0.75,
-0.43,0.75,
-0.43,0.75,
-0.43,0.75,
-0.43,0.7,
-0.43,0.7,
-0.43,0.7,
-0.43,0.7,
-0.43,0.7,
-0.43,0.7,
-0.43,0.7,
-0.43,0.7,
-0.38,0.7,
-0.38,0.7,
-0.38,0.7,
-0.38,0.71,
-0.38,0.71,
-0.38,0.71,
-0.38,0.71,
-0.44,0.71,
-0.44,0.71,
-0.44,0.71,
-0.44,0.72,
-0.44,0.72,
-0.44,0.72,
-0.44,0.72,
-0.44,0.72,
-0.44,0.72,
-0.47,0.72,
-0.47,0.72,
-0.47,0.72,
-0.47,0.79,
-0.47,0.79,
-0.47,0.79,
-0.47,0.79,
-0.47,0.79,
-0.47,0.79,
-0.47,0.79,
-0.47,0.79,
-0.47,0.79,
-0.53,0.79,
-0.53,0.79,
-0.53,0.82,
-0.53,0.82,
-0.53,0.82,
-0.53,0.82,
-0.55,0.82,
-0.55,0.82,
-0.55,0.82,
-0.55,0.83,
-0.55,0.83,
-0.55,0.83,
-0.55,0.83,
-0.55,0.83,
-0.55,0.83,
-0.55,0.83,
-0.41,0.83,
-0.41,0.83,
-0.41,0.83,
-0.41,0.83,
-0.41,0.83,
-0.41,0.83,
-0.41,0.83,
-0.41,0.83,
-0.41,0.83,
-0.41,0.83,
-0.24,0.83,
-0.24,0.83,
-0.24,0.83,
-0.24,0.83,
-0.24,0.83,
-0.24,0.83,
-0.24,0.83,
-0.24,0.83,
-0.24,0.83,
-0.15,0.83,
-0.15,0.83,
-0.15,0.9,
-0.15,0.9,
-0.15,0.9,
-0.15,0.9,
-0.15,0.9,
-0.15,0.9,
-0.15,0.9,
-0.15,0.9,
-0.02,0.9,
-0.02,0.9,
-0.02,0.9,
-0.02,0.93,
-0.02,0.93,
-0.02,0.93,
-0.02,0.93,
-0.02,0.93,
-0.02,0.93,
-0.02,0.93,
-0.02,0.93,
0.05,0.93,
0.05,0.93,
0.05,1.1,
0.05,1.1,
0.05,1.1,
0.05,1.1,
0.05,1.1,
0.05,1.1,
0.05,1.58,
0.05,1.58,
0.05,1.58,
0.05,1.58,
0.05,1.58,
0.05,1.58,
0.05,1.58,
0.05,1.58,
0.05,1.58,
0.05,1.58,
0.05,1.82,
0.05,1.82,
0.05,1.82,
0.05,1.82,
0.05,1.82,
0.05,1.82,
0.15,1.82,
0.15,1.82,
0.15,1.82,
0.15,2.06,
0.15,2.06,
0.15,2.06,
0.15,2.06,
0.15,2.06,
0.15,2.06,
0.15,2.06,
0.17,2.06,
0.17,2.06,
0.17,2.06,
0.17,2.19,
0.17,2.19,
0.17,2.19,
0.17,2.19,
0.17,2.19,
0.17,2.19,
0.18,2.19,
0.18,2.19,
0.18,2.19,
0.18,2.19,
0.18,2.19,
0.18,2.02,
0.18,2.02,
0.18,2.02,
0.18,2.02,
-0.02,2.02,
-0.02,2.02,
-0.02,2.02,
-0.02,2.02,
-0.02,2.02,
-0.02,1.94,
-0.02,1.94,
-0.02,1.94,
-0.02,1.94,
-0.02,1.94,
-0.12,1.94,
-0.12,1.94,
-0.12,1.38,
-0.12,1.38,
-0.12,1.38,
-0.12,1.38,
-0.12,1.38,
-0.12,1.38,
-0.12,1.38,
-0.12,1.38,
-0.21,1.38,
-0.21,1.38,
-0.21,0.66,
-0.21,0.66,
-0.21,0.66,
-0.21,0.66,
-0.21,0.66,
-0.21,0.66,
-0.21,0.66,
-0.21,0.66,
-0.25,0.66,
-0.25,0.66,
-0.25,0.3,
-0.25,0.3,
-0.25,0.3,
-0.25,0.3,
-0.25,0.3,
-0.25,0.3,
-0.25,0.3,
-0.25,0.3,
-0.26,0.3,
-0.26,0.3,
-0.26,0.3,
-0.26,-0.1,
-0.26,-0.1,
-0.26,-0.1,
-0.26,-0.1,
-0.26,-0.1,
-0.24,-0.1,
-0.24,-0.1,
-0.24,-0.3,
-0.24,-0.3,
-0.24,-0.3,
-0.24,-0.3,
-0.24,-0.3,
-0.24,-0.3,
-0.23,-0.3,
-0.23,-0.3,
-0.23,-0.3,
-0.23,-0.3,
-0.23,-0.44,
-0.23,-0.44,
-0.23,-0.44,
-0.23,-0.44,
-0.23,-0.44,
-0.23,-0.44,
-0.27,-0.44,
-0.27,-0.44,
-0.27,-0.56,
-0.27,-0.56,
-0.27,-0.56,
-0.27,-0.56,
-0.27,-0.56,
-0.27,-0.56,
-0.27,-0.56,
-0.27,-0.56,
-0.27,-0.56,
-0.29,-0.56,
-0.29,-0.56,
-0.29,-0.63,
-0.29,-0.63,
-0.29,-0.63,
-0.29,-0.63,
-0.29,-0.63,
-0.29,-0.63,
-0.37,-0.63,
-0.37,-0.63,
-0.37,-0.63,
-0.37,-0.63,
-0.37,-0.77,
-0.37,-0.77,
-0.37,-0.77,
-0.37,-0.77,
-0.37,-0.77,
-0.37,-0.77,
-0.37,-0.77,
-0.39,-0.77,
-0.39,-0.77,
-0.39,-0.77,
-0.39,-0.84,
-0.39,-0.84,
-0.39,-0.84,
-0.39,-0.84,
-0.4,-0.84,
-0.4,-0.84,
-0.4,-0.84,
-0.4,-0.84,
-0.4,-0.84,
-0.4,-0.84,
-0.4,-0.72,
-0.4,-0.72,
-0.4,-0.72,
-0.4,-0.72,
-0.4,-0.72,
-0.4,-0.72,
-0.45,-0.72,
-0.45,-0.72,
-0.45,-0.72,
-0.45,-0.66,
-0.45,-0.66,
-0.45,-0.66,
-0.45,-0.66,
-0.45,-0.66,
-0.47,-0.66,
-0.47,-0.66,
-0.47,-0.66,
-0.47,-0.32,
-0.47,-0.32,
-0.47,-0.32,
-0.47,-0.32,
-0.47,-0.32,
-0.47,-0.32,
-0.47,-0.32,
-0.49,-0.32,
-0.49,-0.32,
-0.49,-0.32,
-0.49,0.1,
-0.49,0.1,
-0.49,0.1,
-0.49,0.1,
-0.49,0.1,
-0.49,0.1,
-0.49,0.1,
-0.42,0.31,
-0.42,0.31,
-0.42,0.31,
-0.42,0.31,
-0.42,0.31,
-0.42,0.31,
-0.42,0.31,
-0.39,0.31,
-0.39,0.31,
-0.39,0.31,
-0.39,0.53,
-0.39,0.53,
-0.39,0.53,
-0.39,0.53,
-0.39,0.53,
-0.39,0.53,
-0.39,0.53,
-0.39,0.53,
-0.27,0.53,
-0.27,0.53,
-0.27,0.53,
-0.27,0.53,
-0.27,0.64,
-0.27,0.64,
-0.27,0.64,
-0.27,0.64,
-0.27,0.64,
-0.27,0.64,
-0.2,0.64,
-0.2,0.64,
-0.2,0.64,
-0.2,0.61,
-0.2,0.61,
-0.2,0.61,
-0.2,0.61,
-0.2,0.61,
-0.2,0.61,
-0.2,0.61,
-0.16,0.61,
-0.16,0.89,
-0.16,0.89,
-0.16,0.89,
-0.16,0.89,
-0.16,0.89,
-0.16,0.89,
-0.16,0.89,
-0.16,0.89,
-0.16,0.89,
-0.16,0.89,
-0.13,1.03,
-0.13,1.03,
-0.13,1.03,
-0.13,1.03,
-0.13,1.03,
-0.13,1.03,
-0.03,1.03,
-0.03,1.03,
-0.03,1.03,
-0.03,1.03,
-0.03,1.03,
-0.03,1.03,
-0.03,1.03,
-0.03,1.03,
-0.03,1.03,
-0.03,1.03,
-0.03,1.03,
-0.03,1.03,
0.08,1.03,
0.08,1.03,
0.08,1.03,
0.08,1.03,
0.08,1.03,
0.08,1.03,
0.14,1.03,
0.14,1.03,
0.14,1.03,
0.14,0.67,
0.14,0.67,
0.14,0.67,
0.14,0.67,
0.14,0.67,
0.06,0.67,
0.06,0.67,
0.06,0.48,
0.06,0.48,
0.06,0.48,
0.06,0.48,
0.06,0.48,
0.06,0.48,
0.01,0.48,
0.01,0.48,
0.01,0.33,
0.01,0.33,
0.01,0.33,
0.01,0.33,
0.01,0.33,
0.01,0.33,
0.01,0.33,
0.01,0.33,
0.01,0.33,
0.01,0.33,
0.01,0.33,
0.01,0.41,
0.01,0.41,
0.01,0.41,
0.01,0.41,
0.01,0.41,
0.01,0.41,
0.1,0.41,
0.1,0.41,
0.1,0.41,
0.1,0.46,
0.1,0.46,
0.1,0.46,
0.1,0.46,
0.1,0.46,
0.1,0.46,
0.1,0.46,
0.15,0.46,
0.15,0.46,
0.15,0.77,
0.15,0.77,
0.15,0.77,
0.15,0.77,
0.15,0.77,
0.15,0.77,
0.15,0.77,
0.15,0.77,
0.23,0.77,
0.23,0.77,
0.23,0.77,
0.23,0.93,
0.23,0.93,
0.23,0.93,
0.23,0.93,
0.23,0.93,
0.27,0.93,
0.27,0.93,
0.27,0.93,
0.27,0.92,
0.27,0.92,
0.27,0.92,
0.27,0.92,
0.27,0.92,
0.27,0.92,
0.27,0.92,
0.29,0.92,
0.29,0.92,
0.29,0.92,
0.29,0.79,
0.29,0.79,
0.29,0.79,
0.29,0.79,
0.29,0.79,
0.29,0.79,
0.3,0.79,
0.3,0.79,
0.3,0.73,
0.3,0.73,
0.3,0.73,
0.3,0.73,
0.3,0.73,
0.3,0.73,
0.33,0.73,
0.33,0.73,
0.33,0.73,
0.33,0.73,
0.33,0.63,
0.33,0.63,
0.33,0.63,
0.33,0.63,
0.33,0.63,
0.33,0.63,
0.32,0.63,
0.32,0.63,
0.32,0.63,
0.32,0.58,
0.32,0.58,
0.32,0.58,
0.32,0.58,
0.32,0.58,
0.32,0.58,
0.32,0.58,
0.32,0.58,
0.31,0.58,
0.31,0.58,
0.31,0.58,
0.31,0.59,
0.31,0.59,
0.31,0.59,
0.31,0.59,
0.31,0.59,
0.31,0.59,
0.32,0.59,
0.32,0.59,
0.32,0.59,
0.32,0.6,
0.32,0.6,
0.32,0.6,
0.32,0.6,
0.32,0.6,
0.32,0.6,
0.33,0.6,
0.33,0.6,
0.33,0.6,
0.33,0.6,
0.33,0.6,
0.33,0.6,
0.33,0.51,
0.33,0.51,
0.33,0.51,
0.33,0.51,
0.33,0.51,
0.33,0.51,
0.22,0.51,
0.22,0.51,
0.22,0.51,
0.22,0.38,
0.22,0.38,
0.22,0.38,
0.22,0.38,
0.22,0.38,
0.22,0.38,
0.1,0.38,
0.1,0.38,
0.1,0.31,
0.1,0.31,
0.1,0.31,
0.1,0.31,
0.1,0.31,
0.1,0.31,
0.1,0.31,
0.1,0.31,
0.03,0.31,
0.03,0.31,
0.03,0.07,
0.03,0.07,
0.03,0.07,
0.03,0.07,
0.03,0.07,
0.03,0.07,
-0.02,0.07,
-0.02,0.07,
-0.02,-0.05,
-0.02,-0.05,
-0.02,-0.05,
-0.02,-0.05,
-0.02,-0.05,
-0.02,-0.05,
-0.05,-0.05,
-0.05,-0.05,
-0.05,-0.05,
-0.05,-0.11,
-0.05,-0.11,
-0.05,-0.11,
-0.05,-0.11,
-0.05,-0.11,
-0.05,-0.11,
-0.05,-0.11,
-0.07,-0.11,
-0.07,-0.11,
-0.07,-0.07,
-0.07,-0.07,
-0.07,-0.07,
-0.07,-0.07,
-0.07,-0.07,
-0.07,-0.07,
-0.08,-0.07,
-0.08,-0.07,
-0.08,-0.07,
-0.08,-0.05,
-0.08,-0.05,
-0.08,-0.05,
-0.08,-0.05,
-0.08,-0.05,
0.03,-0.05,
0.03,-0.05,
0.03,-0.05,
0.03,-0.34,
0.03,-0.34,
0.03,-0.34,
0.03,-0.34,
0.03,-0.34,
0.03,-0.34,
0.03,-0.34,
0.06,-0.34,
0.06,-0.49,
0.06,-0.49,
0.06,-0.49,
0.06,-0.49,
0.06,-0.49,
0.06,-0.49,
0.06,-0.49,
0.06,-0.49,
0.06,-0.49,
0.07,-0.49,
0.07,-0.49,
0.07,-0.49,
0.07,-0.65,
0.07,-0.65,
0.07,-0.65,
0.07,-0.65,
0.07,-0.65,
0.07,-0.65,
-0.01,-0.65,
-0.01,-0.65,
-0.01,-0.65,
-0.01,-0.65,
-0.01,-0.73,
-0.01,-0.73,
-0.01,-0.73,
-0.01,-0.73,
-0.01,-0.73,
-0.01,-0.73,
-0.04,-0.73,
-0.04,-0.73,
-0.04,-0.73,
-0.04,-0.75,
-0.04,-0.75,
-0.04,-0.75,
-0.04,-0.75,
-0.04,-0.75,
-0.24,-0.75,
-0.24,-0.75,
-0.24,-0.56,
-0.24,-0.56,
-0.24,-0.56,
-0.24,-0.56,
-0.24,-0.56,
-0.24,-0.56,
-0.24,-0.56,
-0.23,-0.56,
-0.23,-0.56,
-0.23,-0.46,
-0.23,-0.46,
-0.23,-0.46,
-0.23,-0.46,
-0.23,-0.46,
-0.23,-0.46,
-0.23,-0.46,
-0.23,-0.46,
-0.23,-0.46,
-0.23,-0.46,
-0.23,-0.46,
-0.23,-0.4,
-0.23,-0.4,
-0.23,-0.4,
-0.23,-0.4,
-0.06,-0.4,
-0.06,-0.4,
-0.06,-0.4,
-0.06,-0.4,
-0.06,-0.4,
-0.06,-0.4,
-0.06,-0.36,
-0.06,-0.36,
-0.06,-0.36,
-0.06,-0.36,
-0.06,-0.36,
0.03,-0.36,
0.03,-0.36,
0.03,-0.36,
0.03,-0.21,
0.03,-0.21,
0.03,-0.21,
0.03,-0.21,
0.03,-0.21,
0.03,-0.21,
0.11,-0.21,
0.11,-0.21,
0.11,0.9,
0.11,0.9,
0.11,0.9,
0.11,0.9,
0.11,0.9,
0.11,0.9,
0.15,0.9,
0.15,0.9,
0.15,0.9,
0.15,0.9,
0.15,0.9,
0.15,1.46,
0.15,1.46,
0.15,1.46,
0.15,1.46,
0.15,1.46,
0.15,1.46,
0.22,1.46,
0.22,1.46,
0.22,1.46,
0.22,2.0,
0.22,2.0,
0.22,2.0,
0.22,2.0,
0.22,2.0,
0.22,2.0,
-0.16,2.0,
-0.16,2.0,
-0.16,2.28,
-0.16,2.28,
-0.16,2.28,
-0.16,2.28,
-0.16,2.28,
-0.16,2.28,
-0.34,2.28,
-0.34,1.73,
-0.34,1.73,
-0.34,1.73,
-0.34,1.73,
-0.34,1.73,
-0.34,1.73,
-0.34,1.73,
-0.35,1.73,
-0.35,1.73,
-0.35,1.46,
-0.35,1.46,
-0.35,1.46,
-0.35,1.46,
-0.35,1.46,
-0.35,1.46,
-0.36,1.46,
-0.36,1.46,
-0.36,1.46,
-0.36,1.46,
-0.36,1.46,
-0.36,0.41,
-0.36,0.41,
-0.36,0.41,
-0.36,0.41,
-0.36,0.41,
-0.36,0.41,
-0.36,0.41,
-0.36,0.41,
0.21,0.41,
0.21,-0.55,
0.21,-0.55,
0.21,-0.55,
0.21,-0.55,
0.21,-0.55,
0.21,-0.55,
0.21,-0.55,
0.9,-0.55,
0.9,-0.55,
0.9,-0.55,
0.9,-0.55,
0.9,-1.02,
0.9,-1.02,
0.9,-1.02,
0.9,-1.02,
1.25,-1.02,
1.25,-1.02,
1.25,-1.02,
1.25,-1.02,
1.25,-1.02,
1.25,-1.19,
1.25,-1.19,
1.25,-1.19,
1.25,-1.19,
1.25,-1.19,
1.67,-1.19,
1.67,-1.19,
1.67,-1.19,
1.67,-1.19,
1.67,-1.19,
1.67,-1.28,
1.67,-1.28,
1.67,-1.28,
1.67,-1.28,
1.67,-1.28,
1.67,-1.28,
1.67,-1.28,
1.88,-1.28,
1.88,-1.28,
1.88,-1.28,
1.88,-1.28,
1.88,-1.37,
1.88,-1.37,
1.88,-1.37,
1.88,-1.37,
2.02,-1.37,
2.02,-1.37,
2.02,-1.37,
2.02,-1.26,
2.02,-1.26,
2.02,-1.26,
2.02,-1.26,
2.02,-1.26,
2.09,-1.26,
2.09,-1.26,
2.09,-1.26,
2.09,-1.21,
2.09,-1.21,
2.09,-1.21,
2.09,-1.21,
2.09,-1.21,
1.14,-1.21,
1.14,-1.21,
1.14,-1.21,
1.14,-1.21,
1.14,-1.21,
1.14,-1.21,
1.14,-1.21,
1.14,-1.92,
1.14,-1.92,
1.14,-1.92,
1.14,-1.92,
1.14,-1.92,
-0.18,-1.92,
-0.18,-1.92,
-0.18,-2.27,
-0.18,-2.27,
-0.18,-2.27,
-0.18,-2.27,
-0.18,-2.27,
-0.18,-2.27,
-0.83,-2.27,
-0.83,-2.27,
-0.83,-2.27,
-0.83,-2.99,
-0.83,-2.99,
-0.83,-2.99,
-0.83,-2.99,
-0.83,-2.99,
-1.38,-2.99,
-1.38,-2.99,
-1.38,-2.99,
-1.38,-2.99,
-1.38,-2.99,
-1.38,-2.99,
-1.38,-3.35,
-1.38,-3.35,
-1.38,-3.35,
-1.38,-3.35,
-1.38,-3.35,
-1.65,-3.35,
-1.65,-3.35,
-1.65,-3.35,
-1.65,-3.74,
-1.65,-3.74,
-1.65,-3.74,
-1.65,-3.74,
-1.65,-3.74,
-1.65,-3.74,
-1.65,-3.74,
-1.63,-3.74,
-1.63,-3.74,
-1.63,-3.74,
-1.63,-3.74,
-1.63,-4.63,
-1.63,-4.63,
-1.63,-4.63,
-1.63,-4.63,
-1.63,-4.63,
-1.63,-4.63,
-1.62,-4.63,
-1.62,-4.63,
-1.62,-4.63,
-1.62,-4.63,
-1.62,-5.07,
-1.62,-5.07,
-1.62,-5.07,
-1.62,-5.07,
-1.62,-5.07,
-1.62,-5.07,
-1.42,-5.57,
-1.42,-5.57,
-1.42,-5.57,
-1.42,-5.57,
-1.42,-5.57,
-1.42,-5.57,
-1.59,-5.57,
-1.59,-5.57,
-1.59,-5.57,
-1.59,-5.82,
-1.59,-5.82,
-1.59,-5.82,
-1.59,-5.82,
-1.59,-5.82,
-1.59,-5.82,
-1.59,-5.82,
-1.68,-5.82,
-1.68,-5.82,
-1.68,-5.82,
-1.68,-5.52,
-1.68,-5.52,
-1.68,-5.52,
-1.68,-5.52,
-1.68,-5.52,
-1.68,-5.52,
-1.68,-5.52,
-1.63,-5.52,
-1.63,-5.52,
-1.63,-5.52,
-1.63,-4.49,
-1.63,-4.49,
-1.63,-4.49,
-1.63,-4.49,
-1.63,-4.49,
-1.63,-4.49,
-1.63,-4.49,
-1.6,-4.49,
-1.6,-3.97,
-1.6,-3.97,
-1.6,-3.97,
-1.6,-3.97,
-1.6,-3.97,
-1.6,-3.97,
-1.6,-3.97,
-1.15,-3.97,
-1.15,-3.97,
-1.15,-3.97,
-1.15,-3.32,
-1.15,-3.32,
-1.15,-3.32,
-1.15,-3.32,
-0.56,-3.32,
-0.56,-3.32,
-0.56,-2.99,
-0.56,-2.99,
-0.56,-2.99,
-0.56,-2.99,
-0.56,-2.99,
-0.27,-2.99,
-0.27,-2.99,
-0.27,-2.99,
-0.27,-2.99,
-0.27,-2.47,
-0.27,-2.47,
-0.27,-2.47,
-0.27,-2.47,
-0.27,-2.47,
0.43,-2.47,
0.43,-2.47,
0.43,-2.47,
0.43,-2.2,
0.43,-2.2,
0.43,-2.2,
0.43,-2.2,
0.43,-2.2,
0.78,-2.2,
0.78,-0.81,
0.78,-0.81,
0.78,-0.81,
0.78,-0.81,
0.78,-0.81,
1.55,-0.81,
1.55,-0.81,
1.55,-0.81,
1.55,-0.81,
1.55,-0.81,
1.55,-0.81,
1.55,-0.23,
1.55,-0.23,
1.55,-0.23,
1.94,-0.23,
1.94,-0.23,
1.94,-0.23,
1.94,0.07,
1.94,0.07,
1.94,0.07,
1.94,0.07,
1.94,0.07,
2.12,0.07,
2.12,0.07,
2.12,-0.16,
2.12,-0.16,
2.12,-0.16,
2.12,-0.16,
2.12,-0.16,
1.67,-0.16,
1.67,-0.16,
1.67,-0.16,
1.67,-0.16,
1.67,-0.28,
1.67,-0.28,
1.67,-0.28,
1.67,-0.28,
1.67,-0.28,
1.45,-0.28,
1.45,-0.28,
1.45,-0.28,
1.45,-0.28,
1.45,-0.28,
1.45,-0.39,
1.45,-0.39,
1.45,-0.39,
1.45,-0.39,
1.45,-0.39,
1.45,-0.39,
1.28,-0.39,
1.28,-0.39,
1.28,0.3,
1.28,0.3,
1.28,0.3,
1.28,0.3,
1.28,0.3,
1.28,0.3,
1.2,0.3,
1.2,0.3,
1.2,0.3,
1.2,0.64,
1.2,0.64,
1.2,0.64,
1.2,0.64,
1.2,0.64,
1.2,0.64,
1.2,0.64,
1.2,0.64,
1.2,0.64,
1.54,0.64,
1.54,0.64,
1.54,1.21,
1.54,1.21,
1.54,1.21,
1.54,1.21,
1.54,1.21,
1.54,1.21,
1.54,1.21,
2.04,1.21,
2.04,1.21,
2.04,1.21,
2.04,1.5,
2.04,1.5,
2.04,1.5,
2.04,1.5,
2.04,1.5,
2.3,1.5,
2.3,1.5,
2.3,1.5,
2.3,1.5,
2.3,1.2,
2.3,1.2,
2.3,1.2,
2.3,1.2,
2.3,1.2,
2.3,1.2,
2.27,1.2,
2.27,1.2,
2.27,1.06,
2.27,1.06,
2.27,1.06,
2.27,1.06,
2.27,1.06,
2.27,1.06,
2.27,1.06,
2.26,1.06,
2.26,1.06,
2.26,1.06,
2.26,1.06,
2.26,1.06,
2.26,0.06,
2.26,0.06,
2.26,0.06,
2.26,0.06,
2.26,0.06,
2.26,0.06,
2.26,0.06,
1.77,0.06,
1.77,0.06,
1.77,-1.25,
1.77,-1.25,
1.77,-1.25,
1.77,-1.25,
1.77,-1.25,
1.77,-1.25,
1.53,-1.25,
1.53,-1.25,
1.53,-1.25,
1.53,-1.25,
1.53,-1.25,
1.53,-1.9,
1.53,-1.9,
1.53,-1.9,
1.53,-1.9,
1.53,-1.9,
1.53,-1.9,
1.02,-1.9,
1.02,-1.9,
1.02,-1.68,
1.02,-1.68,
1.02,-1.68,
1.02,-1.68,
1.02,-1.68,
1.02,-1.68,
1.02,-1.68,
0.84,-1.68,
0.84,-1.68,
0.84,-1.68,
0.84,-1.68,
0.84,-1.68,
0.84,-1.68,
0.84,-1.57,
0.84,-1.57,
0.84,-1.57,
0.84,-1.57,
0.84,-1.57,
0.84,-1.57,
0.75,-1.57,
0.75,-1.57,
0.75,-1.57,
0.75,-1.57,
0.75,-1.41,
0.75,-1.41,
0.75,-1.41,
0.75,-1.41,
0.75,-1.41,
0.75,-1.41,
0.75,-1.41,
0.75,-1.47,
0.75,-1.47,
0.75,-1.47,
0.75,-1.47,
0.75,-1.47,
0.75,-1.47,
0.75,-1.47,
0.75,-1.47,
0.75,-1.47,
0.75,-1.5,
0.75,-1.5,
0.75,-1.5,
0.75,-1.5,
0.75,-1.5,
0.75,-1.5,
0.75,-1.5,
0.75,-1.5,
0.54,-1.5,
0.54,-2.56,
0.54,-2.56,
0.54,-2.56,
0.54,-2.56,
0.54,-2.56,
0.54,-2.56,
0.54,-2.56,
0.54,-2.56,
-0.17,-2.56,
-0.17,-2.56,
-0.17,-2.56,
-0.17,-3.08,
-0.17,-3.08,
-0.17,-3.08,
-0.17,-3.08,
-0.17,-3.08,
-0.52,-3.08,
-0.52,-3.08,
-0.52,-3.08,
-0.52,-3.08,
-0.52,-4.44,
-0.52,-4.44,
-0.52,-4.44,
-0.52,-4.44,
-0.52,-4.44,
-0.52,-4.44,
-0.72,-4.44,
-0.72,-4.44,
-0.72,-5.11,
-0.72,-5.11,
-0.72,-5.11,
-0.72,-5.11,
-0.72,-5.11,
-0.72,-5.11,
-0.72,-5.11,
-0.72,-5.11,
-0.72,-5.11,
-0.72,-5.11,
-0.83,-5.11,
-0.83,-5.11,
-0.83,-5.11,
-0.83,-5.11,
-0.83,-4.51,
-0.83,-4.51,
-0.83,-4.51,
-0.83,-4.51,
-0.83,-4.51,
-0.27,-4.51,
-0.27,-4.51,
-0.27,-4.51,
-0.27,-3.6,
-0.27,-3.6,
-0.27,-3.6,
-0.27,-3.6,
-0.27,-3.6,
0.02,-3.6,
0.02,-3.6,
0.02,-3.6,
0.02,-3.14,
0.02,-3.14,
0.02,-3.14,
0.02,-3.14,
0.02,-3.14,
0.61,-3.14,
0.61,-3.14,
0.61,-3.14,
0.61,-3.14,
0.61,-2.49,
0.61,-2.49,
0.61,-2.49,
0.61,-2.49,
0.61,-2.49,
0.61,-2.49,
0.61,-2.49,
1.37,-2.49,
1.37,-2.49,
1.37,-2.49,
1.37,-2.17,
1.37,-2.17,
1.37,-2.17,
1.37,-2.17,
1.37,-2.17,
1.37,-2.17,
1.37,-2.17,
1.75,-2.17,
1.75,-2.17,
1.75,-2.17,
1.75,-1.44,
1.75,-1.44,
1.75,-1.44,
1.75,-1.44,
1.75,-1.44,
2.22,-1.44,
2.22,-1.44,
2.22,-1.44,
2.22,-1.87,
2.22,-1.87,
2.22,-1.87,
2.22,-1.87,
2.22,-1.87,
2.46,-1.87,
2.46,-1.87,
2.46,-1.87,
2.46,-1.87,
2.46,-1.87,
2.46,-1.87,
2.46,-2.09,
2.46,-2.09,
2.46,-2.09,
2.46,-2.09,
2.46,-2.09,
2.46,-2.09,
1.99,-2.09,
1.99,-2.09,
1.99,-2.09,
1.99,-3.03,
1.99,-3.03,
1.99,-3.03,
1.99,-3.03,
1.99,-3.03,
1.99,-3.03,
1.56,-3.03,
1.56,-3.03,
1.56,-3.5,
1.56,-3.5,
1.56,-3.5,
1.56,-3.5,
1.56,-3.5,
1.56,-3.5,
1.56,-3.5,
1.56,-3.5,
1.35,-3.5,
1.35,-3.5,
1.35,-3.5,
1.35,-4.83,
1.35,-4.83,
1.35,-4.83,
1.35,-4.83,
1.35,-4.83,
1.35,-4.83,
0.93,-4.83,
0.93,-4.83,
0.93,-5.47,
0.93,-5.47,
0.93,-5.47,
0.93,-5.47,
0.93,-5.47,
0.93,-5.47,
0.73,-5.47,
0.73,-5.47,
0.73,-5.47,
0.73,-5.47,
0.73,-5.78,
0.73,-5.78,
0.73,-5.78,
0.73,-5.78,
0.73,-5.78,
0.73,-5.78,
0.73,-5.78,
0.01,-6.78,
0.01,-6.78,
0.01,-6.78,
0.01,-6.78,
0.01,-6.78,
0.01,-6.78,
0.01,-6.78,
-0.35,-6.78,
-0.35,-6.78,
-0.35,-6.78,
-0.35,-6.78,
-0.35,-6.78,
-0.35,-6.78,
-0.35,-6.78,
-0.35,-7.28,
-0.35,-7.28,
-0.35,-7.28,
-0.35,-7.28,
-0.35,-7.28,
-0.59,-7.28,
-0.59,-7.28,
-0.59,-7.28,
-0.59,-7.28,
-0.59,-7.45,
-0.59,-7.45,
-0.59,-7.45,
-0.59,-7.45,
-0.59,-7.45,
-0.59,-7.45,
-0.52,-7.45,
-0.52,-7.54,
-0.52,-7.54,
-0.52,-7.54,
-0.52,-7.54,
-0.52,-7.54,
-0.52,-7.54,
-0.52,-7.54,
-0.48,-7.54,
-0.48,-7.54,
-0.48,-7.54,
-0.48,-7.54,
-0.48,-6.0,
-0.48,-6.0,
-0.48,-6.0,
-0.48,-6.0,
-0.48,-6.0,
-0.48,-6.0,
-0.12,-6.0,
-0.12,-6.0,
-0.12,-5.25,
-0.12,-5.25,
-0.12,-5.25,
-0.12,-5.25,
-0.12,-5.25,
-0.12,-5.25,
0.07,-5.25,
0.07,-5.25,
0.07,-5.25,
0.07,-5.25,
0.07,-4.87,
0.07,-4.87,
0.07,-4.87,
0.07,-4.87,
0.07,-4.87,
0.07,-4.87,
0.07,-4.87,
0.4,-5.53,
0.4,-5.53,
0.4,-5.53,
0.4,-5.53,
0.4,-5.53,
0.4,-5.53,
0.4,-5.53,
0.4,-5.53,
0.4,-5.53,
0.4,-5.53,
-0.4,-5.53,
-0.4,-5.53,
-0.4,-5.53,
-0.4,-5.53,
-0.4,-5.86,
-0.4,-5.86,
-0.4,-5.86,
-0.4,-5.86,
-0.8,-5.86,
-0.8,-5.86,
-0.8,-5.86,
-0.8,-5.86,
-0.8,-7.45,
-0.8,-7.45,
-0.8,-7.45,
-0.8,-7.45,
-1.76,-7.45,
-1.76,-7.45,
-1.76,-7.45,
-1.76,-7.45,
-1.76,-7.45,
-1.76,-8.86,
-1.76,-8.86,
-1.76,-8.86,
-1.76,-8.86,
-1.76,-8.86,
-2.24,-8.86,
-2.24,-8.86,
-2.24,-8.86,
-2.24,-8.86,
-2.24,-9.55,
-2.24,-9.55,
-2.24,-9.55,
-2.24,-9.55,
-2.68,-9.55,
-2.68,-9.55,
-2.68,-9.55,
-2.68,-9.47,
-2.68,-9.47,
-2.68,-9.47,
-2.68,-9.47,
-2.68,-9.47,
-2.68,-9.47,
-2.68,-9.47,
-2.68,-9.47,
-2.68,-9.47,
-2.9,-9.47,
-2.9,-9.47,
-2.9,-9.47,
-2.9,-9.43,
-2.9,-9.43,
-2.9,-9.43,
-2.9,-9.43,
-2.9,-9.43,
-2.9,-9.43,
-2.9,-9.43,
-2.9,-9.43,
-2.07,-9.43,
-2.07,-9.43,
-2.07,-9.43,
-2.07,-8.41,
-2.07,-8.41,
-2.07,-8.41,
-2.07,-8.41,
-1.51,-8.41,
-1.51,-8.41,
-1.51,-8.41,
-1.51,-8.41,
-1.51,-8.41,
-1.51,-7.89,
-1.51,-7.89,
-1.51,-7.89,
-1.51,-7.89,
-1.51,-7.89,
-1.23,-7.89,
-1.23,-7.89,
-1.23,-8.64,
-1.23,-8.64,
-1.23,-8.64,
-1.23,-8.64,
-1.23,-8.64,
-1.23,-8.64,
-1.23,-8.64,
-1.57,-8.64,
-1.57,-8.64,
-1.57,-9.37,
-1.57,-9.37,
-1.57,-9.37,
-1.57,-9.37,
-1.57,-9.37,
-1.57,-9.37,
-1.57,-9.37,
-1.74,-9.37,
-1.74,-9.37,
-1.74,-9.37,
-1.74,-9.37,
-1.74,-9.73,
-1.74,-9.73,
-1.74,-9.73,
-1.74,-9.73,
-1.74,-9.73,
-1.74,-9.73,
-2.06,-9.73,
-2.06,-9.73,
-2.06,-9.73,
-2.06,-9.63,
-2.06,-9.63,
-2.06,-9.63,
-2.06,-9.63,
-2.06,-9.63,
-2.46,-9.63,
-2.46,-9.63,
-2.46,-9.63,
-2.46,-9.63,
-2.46,-9.58,
-2.46,-9.58,
-2.46,-9.58,
-2.46,-9.58,
-2.46,-9.58,
-2.46,-9.58,
-2.66,-9.58,
-2.66,-9.58,
-2.66,-9.58,
-2.66,-8.94,
-2.66,-8.94,
-2.66,-8.94,
-2.66,-8.94,
-2.66,-8.94,
-2.66,-8.94,
-2.66,-8.94,
-2.65,-8.94,
-2.65,-9.19,
-2.65,-9.19,
-2.65,-9.19,
-2.65,-9.19,
-2.65,-9.19,
-2.65,-9.19,
-2.64,-9.19,
-2.64,-9.19,
-2.64,-9.19,
-2.64,-9.19,
-2.64,-9.19,
-2.64,-9.3,
-2.64,-9.3,
-2.64,-9.3,
-2.64,-9.3,
-2.64,-9.3,
-2.64,-9.3,
-3.25,-9.3,
-3.25,-9.3,
-3.25,-9.8,
-3.25,-9.8,
-3.25,-9.8,
-3.25,-9.8,
-3.55,-9.8,
-3.55,-9.8,
-3.55,-9.8,
-3.55,-9.8,
-3.55,-9.8,
-3.55,-10.04,
-3.55,-10.04,
-3.55,-10.04,
-3.55,-10.04,
-3.55,-10.04,
-3.94,-10.04,
-3.94,-10.04,
-3.94,-10.04,
-3.94,-10.5,
-3.94,-10.5,
-3.94,-10.5,
-3.94,-10.5,
-3.94,-10.5,
-3.94,-10.5,
-3.94,-10.5,
-5.41,-10.5,
-5.41,-10.5,
-5.41,-10.5,
-5.41,-10.73,
-5.41,-10.73,
-5.41,-10.73,
-5.41,-10.73,
-5.41,-10.73,
-5.41,-10.73,
-5.41,-10.73,
-5.41,-10.73,
-6.14,-10.73,
-6.14,-10.73,
-6.14,-10.73,
-6.14,-12.13,
-6.14,-12.13,
-6.14,-12.13,
-6.14,-12.13,
-6.14,-12.13,
-6.14,-12.13,
-8.06,-12.13,
-8.06,-12.13,
-8.06,-12.13,
-8.06,-12.13,
-8.06,-13.37,
-8.06,-13.37,
-8.06,-13.37,
-8.06,-13.37,
-8.99,-13.37,
-8.99,-13.37,
-8.99,-13.37,
-8.99,-13.37,
-8.99,-13.97,
-8.99,-13.97,
-8.99,-13.97,
-8.99,-13.97,
-8.99,-13.97,
-10.32,-13.97,
-10.32,-13.97,
-10.32,-13.97,
-10.32,-13.97,
-10.32,-13.97,
-10.32,-14.11,
-10.32,-14.11,
-10.32,-14.11,
-10.41,-14.11,
-10.41,-14.11,
-10.41,-14.11,
-10.41,-14.11,
-10.41,-14.18,
-10.41,-14.18,
-10.41,-14.18,
-10.41,-14.18,
-10.45,-14.18,
-10.45,-14.18,
-10.45,-14.18,
-10.45,-14.18,
-10.45,-14.18,
-10.45,-14.18,
-8.59,-13.03,
-8.59,-13.03,
-8.59,-13.03,
-8.59,-10.4,
-8.59,-10.4,
-8.59,-10.4,
-8.59,-10.4,
-8.59,-10.4,
-7.63,-10.4,
-7.63,-9.01,
-7.63,-9.01,
-7.63,-9.01,
-7.63,-9.01,
-7.63,-9.01,
-5.66,-9.01,
-5.66,-9.01,
-5.66,-9.01,
-5.66,-9.8,
-5.66,-9.8,
-5.66,-9.8,
-4.62,-10.21,
-4.62,-10.21,
-4.62,-10.21,
-4.62,-10.21,
-4.61,-10.21,
-4.61,-10.21,
-4.61,-11.64,
-4.61,-11.64,
-4.61,-11.64,
-4.61,-11.64,
-5.13,-11.64,
-5.13,-11.64,
-5.13,-12.36,
-5.13,-12.36,
-5.39,-12.36,
-5.39,-12.36,
-5.39,-12.36,
-5.39,-12.42,
-5.39,-12.42,
-5.39,-12.42,
-5.39,-12.42,
-5.22,-12.42,
-5.22,-12.42,
-5.22,-12.42,
-5.22,-12.42,
-5.22,-10.37,
-5.22,-10.37,
-5.22,-10.37,
-5.22,-10.37,
-5.14,-10.37,
-5.14,-9.32,
-5.14,-9.32,
-5.14,-9.32,
-5.14,-9.32,
-5.14,-9.32,
-3.96,-9.32,
-3.96,-8.34,
-3.96,-8.34,
-3.96,-8.34,
-3.96,-8.34,
-3.19,-8.34,
-3.19,-8.34,
-3.19,-8.34,
-3.19,-7.84,
-3.19,-7.84,
-3.19,-7.84,
-3.19,-7.84,
-3.19,-7.84,
-3.19,-7.84,
-2.8,-7.84,
-2.8,-7.84,
-2.8,-7.84,
-2.8,-7.53,
-2.8,-7.53,
-2.8,-7.53,
-2.8,-7.53,
-2.8,-7.53,
-2.87,-7.53,
-2.87,-7.53,
-2.87,-8.84,
-2.87,-8.84,
-2.87,-8.84,
-2.87,-8.84,
-2.87,-8.84,
-2.87,-8.84,
-2.87,-8.84,
-2.9,-8.84,
-2.9,-8.84,
-2.9,-8.84,
-2.9,-8.84,
-2.9,-8.84,
-2.9,-8.84,
-2.9,-9.49,
-2.9,-9.49,
-2.9,-9.49,
-2.9,-9.49,
-2.9,-9.49,
-3.94,-9.49,
-3.94,-9.49,
-3.94,-9.49,
-3.94,-9.49,
-3.94,-12.25,
-3.94,-12.25,
-3.94,-12.25,
-3.94,-12.25,
-3.94,-12.25,
-4.45,-12.25,
-4.45,-12.25,
-4.45,-12.25,
-4.45,-12.25,
-4.45,-13.6,
-4.45,-13.6,
-4.45,-13.6,
-4.45,-13.6,
-4.45,-13.6,
-4.45,-13.6,
-4.45,-13.6,
-6.06,-13.6,
-6.06,-13.6,
-6.06,-13.6,
-6.06,-13.6,
-6.06,-14.98,
-6.06,-14.98,
-6.06,-14.98,
-6.06,-14.98,
-6.06,-14.98,
-6.82,-15.65,
-6.82,-15.65,
-6.82,-15.65,
-6.82,-15.65,
-6.82,-15.65,
-6.82,-15.65,
-7.19,-15.65,
-7.19,-15.65,
-7.19,-15.65,
-7.19,-15.65,
-7.19,-15.65,
-7.19,-15.26,
-7.19,-15.26,
-7.19,-15.26,
-7.19,-15.26,
-7.19,-15.26,
-6.74,-15.26,
-6.74,-15.26,
-6.74,-15.26,
-6.74,-15.0,
-6.74,-15.0,
-6.74,-15.0,
-6.74,-15.0,
-6.74,-15.0,
-6.51,-15.0,
-6.51,-15.0,
-6.51,-15.0,
-6.51,-14.86,
-6.51,-14.86,
-6.51,-14.86,
-6.51,-14.86,
-6.51,-14.86,
-6.51,-14.86,
-6.51,-14.86,
-6.51,-14.86,
-6.68,-14.86,
-6.68,-14.86,
-6.68,-14.86,
-6.68,-15.1,
-6.68,-15.1,
-6.68,-15.1,
-6.68,-15.1,
-6.68,-15.1,
-6.68,-15.1,
-7.19,-15.1,
-7.19,-15.1,
-7.19,-15.1,
-7.19,-15.1,
-7.19,-15.23,
-7.19,-15.23,
-7.19,-15.23,
-7.19,-15.23,
-7.19,-15.23,
-7.19,-15.23,
-7.45,-15.23,
-7.45,-15.23,
-7.45,-15.23,
-7.45,-15.23,
-7.45,-15.23,
-7.45,-15.52,
-7.45,-15.52,
-7.5,-15.52,
-7.5,-15.52,
-7.5,-15.52,
-7.5,-15.52,
-7.5,-15.52,
-7.5,-15.52,
-7.5,-15.99,
-7.5,-15.99,
-7.5,-15.99,
-7.5,-15.99,
-7.5,-15.99,
-7.5,-15.99,
-7.53,-15.99,
-7.53,-15.99,
-7.53,-15.99,
-7.53,-15.99,
-7.53,-16.22,
-7.53,-16.22,
-7.71,-16.22,
-7.71,-16.22,
-7.71,-16.22,
-7.71,-16.22,
-7.71,-16.22,
-7.71,-16.45,
-7.71,-16.45,
-7.71,-16.45,
-7.71,-16.45,
-7.71,-16.45,
-7.8,-16.45,
-7.8,-16.45,
-7.8,-16.45,
-7.8,-16.57,
-7.8,-16.57,
-7.8,-16.57,
-7.8,-16.57,
-7.8,-16.57,
-7.8,-16.57,
-7.8,-16.57,
-7.37,-16.57,
-7.37,-16.57,
-7.37,-16.57,
-7.37,-16.57,
-7.37,-16.52,
-7.37,-16.52,
-7.37,-16.52,
-7.37,-16.52,
-7.37,-16.52,
-7.37,-16.52,
-7.53,-16.52,
-7.53,-16.52,
-7.53,-16.52,
-7.53,-16.52,
-7.53,-16.5,
-7.53,-16.5,
-7.53,-16.5,
-7.53,-16.5,
-7.53,-16.5,
-7.6,-16.5,
-7.6,-16.5,
-7.6,-16.5,
-7.6,-16.5,
-7.6,-16.5,
-7.6,-15.58,
-7.6,-15.58,
-7.6,-15.58,
-7.6,-15.58,
-7.6,-15.58,
-7.85,-15.58,
-7.85,-15.58,
-7.85,-15.58,
-7.85,-15.58,
-7.85,-14.01,
-7.85,-14.01,
-7.85,-14.01,
-7.85,-14.01,
-7.85,-14.01,
-7.97,-14.01,
-7.97,-14.01,
-7.97,-14.01,
-7.97,-14.01,
-7.97,-14.01,
-7.97,-13.21,
-7.97,-13.21,
-7.97,-13.21,
-7.97,-13.21,
-7.97,-13.21,
-7.97,-13.21,
-7.26,-13.21,
-7.26,-13.21,
-7.26,-13.21,
-7.26,-10.46,
-7.26,-10.46,
-7.26,-10.46,
-7.26,-10.46,
-7.26,-10.46,
-7.26,-10.46,
-7.26,-10.46,
-6.11,-10.46,
-6.11,-10.46,
-6.11,-10.46,
-6.11,-10.46,
-6.11,-9.04,
-5.51,-9.04,
-5.51,-9.04,
-5.51,-9.04,
-5.51,-9.04,
-5.51,-9.04,
-5.51,-9.04,
-5.51,-9.04,
-5.51,-8.13,
-5.51,-8.13,
-5.51,-8.13,
-5.39,-8.13,
-5.39,-8.13,
-5.39,-8.13,
-5.39,-11.39,
-5.39,-11.39,
-5.39,-11.39,
-5.39,-11.39,
-5.39,-11.39,
-5.39,-11.39,
-5.39,-11.39,
-5.39,-11.39,
-5.33,-11.39,
-5.33,-11.39,
-5.33,-11.39,
-5.33,-13.01,
-5.33,-13.01,
-5.33,-13.01,
-5.33,-13.01,
-5.33,-13.01,
-5.33,-13.01,
-6.82,-13.01,
-6.82,-13.01,
-6.82,-13.01,
-6.82,-13.01,
-6.82,-17.88,
-6.82,-17.88,
-6.82,-17.88,
-6.82,-17.88,
-6.82,-17.88,
-6.82,-17.88,
-7.55,-17.88,
-7.55,-17.88,
-7.55,-20.24,
-7.55,-20.24,
-7.55,-20.24,
-7.55,-20.24,
-7.55,-20.24,
-7.55,-20.24,
-9.43,-20.24,
-9.43,-20.24,
-9.43,-20.24,
-9.43,-20.24,
-9.43,-20.24,
-9.43,-23.38,
-9.43,-23.38,
-9.43,-23.38,
-9.43,-23.38,
-9.43,-23.38,
-9.43,-23.38,
-10.89,-23.38,
-10.89,-23.38,
-10.89,-23.38,
-10.89,-23.38,
-10.89,-23.42,
-10.89,-23.42,
-10.89,-23.42,
-10.89,-23.42,
-10.89,-23.42,
-10.89,-23.42,
-11.6,-23.42,
-11.6,-23.42,
-11.6,-23.42,
-11.6,-23.44,
-11.6,-23.44,
-11.6,-23.44,
-11.6,-23.44,
-11.6,-23.44,
-11.26,-23.44,
-11.26,-23.44,
-11.26,-21.47,
-11.26,-21.47,
-11.26,-21.47,
-11.26,-21.47,
-11.26,-21.47,
-11.08,-21.47,
-11.08,-21.47,
-11.08,-21.47,
-11.08,-21.47,
-11.08,-21.47,
-11.08,-21.47,
-11.08,-21.47,
-11.08,-20.45,
-11.08,-20.45,
-11.08,-20.45,
-11.08,-20.45,
-11.08,-20.45,
-9.79,-20.45,
-9.79,-20.45,
-9.79,-20.45,
-9.79,-20.45,
-9.79,-19.02,
-9.79,-19.02,
-9.79,-19.02,
-9.79,-19.02,
-9.79,-19.02,
-8.34,-19.02,
-8.34,-19.02,
-8.34,-18.28,
-8.34,-18.28,
-8.34,-18.28,
-8.34,-18.28,
-8.34,-18.28,
-8.34,-18.28,
-8.34,-18.28,
-7.58,-18.28,
-7.58,-18.28,
-7.58,-18.28,
-7.58,-15.83,
-7.58,-15.83,
-7.58,-15.83,
-7.58,-15.83,
-7.58,-15.83,
-6.08,-15.83,
-6.08,-15.83,
-6.08,-15.83,
-6.08,-15.83,
-6.08,-15.83,
-6.08,-15.83,
-6.08,-15.83,
-6.08,-11.5,
-6.08,-11.5,
-6.08,-11.5,
-6.08,-11.5,
-5.31,-11.5,
-5.31,-11.5,
-5.31,-9.33,
-5.31,-9.33,
-5.31,-9.33,
-5.31,-9.33,
-5.31,-9.33,
-5.31,-9.33,
-5.31,-9.33,
-5.31,-9.33,
-4.17,-9.33,
-4.17,-9.33,
-4.17,-9.33,
-4.17,-5.64,
-4.17,-5.64,
-4.17,-5.64,
-4.17,-5.64,
-4.17,-5.64,
-3.6,-5.64,
-3.6,-5.64,
-3.6,-5.64,
-3.6,-3.85,
-3.6,-3.85,
-3.6,-3.85,
-3.6,-3.85,
-3.6,-3.85,
-3.6,-3.85,
-2.55,-3.85,
-2.55,-3.91,
-2.55,-3.91,
-2.55,-3.91,
-2.55,-3.91,
-2.55,-3.91,
-2.55,-3.91,
-2.55,-3.91,
-2.55,-3.91,
-1.56,-3.91,
-1.56,-3.91,
-1.56,-3.91,
-1.56,-3.91,
-1.56,-5.85,
-1.56,-5.85,
-1.56,-5.85,
-1.56,-5.85,
-1.07,-5.85,
-1.07,-5.85,
-1.07,-5.85,
-1.07,-6.78,
-1.07,-6.78,
-1.07,-6.78,
-1.07,-6.78,
-1.07,-6.78,
-0.88,-6.78,
-0.88,-6.78,
-0.88,-6.78,
-0.88,-6.78,
-0.88,-6.78,
-0.88,-6.78,
-0.88,-11.23,
-0.88,-11.23,
-0.88,-11.23,
-0.88,-11.23,
-0.88,-11.23,
-0.78,-11.23,
-0.78,-11.23,
-0.78,-11.23,
-0.78,-11.23,
-0.78,-11.23,
-0.78,-13.38,
-0.78,-13.38,
-0.78,-13.38,
-0.78,-13.38,
-0.6,-13.38,
-0.6,-13.38,
-0.6,-13.38,
-0.6,-13.38,
-0.6,-13.38,
-0.6,-13.38,
-0.6,-19.09,
-0.6,-19.09,
-0.6,-19.09,
-1.11,-19.09,
-1.11,-19.09,
-1.11,-19.09,
-1.11,-19.09,
-1.11,-19.09,
-1.11,-21.97,
-1.11,-21.97,
-1.11,-21.97,
-1.11,-21.97,
-1.11,-21.97,
-1.36,-21.97,
-1.36,-21.97,
-1.36,-21.97,
-1.36,-21.97,
-1.36,-27.73,
-1.36,-27.73,
-1.36,-27.73,
-1.36,-27.73,
-1.36,-27.73,
-1.85,-27.73,
-1.85,-27.73,
-1.85,-27.73,
-1.85,-36.76,
-1.85,-36.76,
-1.85,-36.76,
-1.85,-36.76,
-2.08,-36.76,
-2.08,-36.76,
-2.08,-36.76,
-2.08,-40.85,
-2.08,-40.85,
-2.08,-40.85,
-2.08,-40.85,
-2.08,-40.85,
-2.08,-40.85,
-2.08,-40.85,
-2.08,-40.85,
-2.08,-40.85,
-3.99,-40.85,
-3.99,-40.85,
-3.99,-40.85,
-3.99,-40.85,
-3.99,-43.11,
-3.99,-43.11,
-3.99,-43.11,
-3.99,-43.11,
-4.88,-43.11,
-4.88,-43.11,
-4.88,-43.11,
-4.88,-44.18,
-4.88,-44.18,
-4.88,-44.18,
-4.88,-44.18,
-4.88,-44.18,
-4.88,-44.18,
-4.88,-44.18,
-5.2,-44.18,
-5.2,-44.18,
-5.2,-39.65,
-5.2,-39.65,
-5.2,-39.65,
-5.2,-39.65,
-5.2,-39.65,
-5.2,-39.65,
-3.13,-39.65,
-3.13,-39.65,
-3.13,-39.65,
-3.13,-36.58,
-3.13,-36.58,
-3.13,-36.58,
-3.13,-36.58,
-3.13,-36.58,
-3.13,-36.58,
-3.13,-36.58,
-2.09,-36.58,
-2.09,-36.58,
-2.09,-36.58,
-2.09,-34.49,
-2.09,-34.49,
-2.09,-34.49,
-2.09,-34.49,
-1.31,-34.49,
-1.31,-34.49,
-1.31,-34.49,
-1.31,-34.49,
-1.31,-34.49,
-1.31,-36.35,
-1.31,-36.35,
-1.31,-36.35,
-1.31,-36.35,
-1.31,-36.35,
-1.31,-36.35,
-0.9,-36.35,
-0.9,-36.35,
-0.9,-36.35,
-0.9,-36.35,
-0.9,-36.35,
-0.9,-37.3,
-0.9,-37.3,
-1.05,-37.3,
-1.05,-37.3,
-1.05,-37.3,
-1.05,-37.3,
-1.05,-38.87,
-1.05,-38.87,
-1.05,-38.87,
-1.74,-38.87,
-1.74,-38.87,
-1.74,-38.87,
-1.74,-38.87,
-1.74,-38.87,
-1.74,-38.87,
-1.74,-38.87,
-1.74,-39.59,
-1.74,-39.59,
-1.74,-39.59,
-1.74,-39.59,
-1.74,-39.59,
-2.09,-39.59,
-2.09,-39.59,
-2.09,-40.62,
-2.09,-40.62,
-2.09,-40.62,
-2.09,-40.62,
-3.67,-40.62,
-3.67,-40.62,
-3.67,-40.62,
-3.67,-40.62,
-3.67,-40.62,
-3.67,-40.18,
-3.67,-40.18,
-3.67,-40.18,
-3.67,-40.18,
-3.67,-40.18,
-3.67,-40.18,
-4.45,-40.18,
-4.45,-40.18,
-4.45,-40.18,
-4.45,-40.18,
-4.45,-40.18,
-4.45,-40.18,
-4.45,-39.95,
-4.45,-39.95,
-4.45,-39.95,
-4.45,-39.95,
-6.01,-39.95,
-6.01,-39.95,
-6.01,-39.95,
-6.01,-39.95,
-6.01,-37.64,
-6.01,-37.64,
-6.01,-37.64,
-6.01,-37.64,
-6.79,-37.64,
-6.79,-37.64,
-6.79,-37.64,
-6.79,-37.64,
-6.79,-37.64,
-6.79,-37.64,
-6.79,-36.47,
-6.79,-36.47,
-6.79,-36.47,
-6.79,-36.47,
-7.04,-36.47,
-7.04,-36.47,
-7.04,-36.47,
-7.04,-36.47,
-7.04,-36.47,
-7.04,-36.47,
-7.04,-33.91,
-7.04,-33.91,
-7.04,-33.91,
-7.04,-33.91,
-7.04,-33.91,
-5.54,-33.91,
-5.54,-33.91,
-5.54,-33.91,
-5.54,-33.91,
-5.54,-30.27,
-5.54,-30.27,
-5.54,-30.27,
-5.54,-30.27,
-5.54,-30.27,
-5.54,-30.27,
-4.76,-30.27,
-4.76,-30.27,
-4.76,-30.27,
-4.76,-28.49,
-4.76,-28.49,
-2.06,-28.49,
-2.06,-28.49,
-2.06,-28.49,
-2.06,-28.49,
-2.06,-23.71,
-2.06,-23.71,
-2.06,-23.71,
-2.06,-23.71,
-2.06,-23.71,
-2.06,-23.71,
-2.06,-23.71,
-2.06,-23.71,
-0.68,-23.71,
-0.68,-23.71,
-0.68,-23.71,
-0.68,-23.71,
-0.68,-21.27,
-0.68,-21.27,
-0.68,-21.27,
-0.68,-21.27,
1.39,-21.27,
1.39,-21.27,
1.39,-21.27,
1.39,-21.27,
1.39,-17.97,
1.39,-17.97,
1.39,-17.97,
1.39,-17.97,
1.39,-17.97,
1.39,-17.97,
3.55,-17.97,
3.55,-17.97,
3.55,-17.97,
3.55,-17.97,
3.55,-16.27,
3.55,-16.27,
3.55,-16.27,
3.55,-16.27,
3.55,-16.27,
3.55,-16.27,
3.55,-16.27,
3.55,-16.27,
3.55,-16.27,
3.55,-16.27,
3.55,-16.27,
3.55,-16.27,
3.55,-16.27,
3.55,-16.27,
3.55,-16.27,
3.55,-16.27,
3.55,-16.27,
3.55,-16.27,
4.62,-16.27,
4.62,-16.27,
4.62,-16.27,
4.62,-16.27,
4.62,-16.27,
4.62,-16.27,
4.62,-16.27,
4.62,-16.27,
4.62,-16.27,
4.62,-16.27,
4.62,-16.27,
4.62,-16.27,
4.62,-16.27,
4.62,-16.27,
4.62,-16.27,
4.62,-16.27,
4.62,-16.27,
4.62,-16.27,
4.62,-16.27,
4.62,-16.27,
4.62,-13.83,
4.62,-13.83,
4.62,-13.83,
4.62,-13.83,
4.62,-13.83,
4.62,-13.83,
4.62,-13.83,
4.62,-13.83,
4.62,-13.83,
4.62,-13.83,
4.62,-13.83,
4.62,-13.83,
4.62,-13.83,
4.62,-13.83,
4.62,-13.83,
4.62,-13.83,
4.62,-13.83,
4.62,-13.83,
4.62,-13.83,
4.62,-13.83,
4.62,-13.83,
4.62,-13.83,
5.56,-13.83,
5.56,-13.83,
5.56,-13.83,
5.56,-13.83,
5.56,-13.83,
5.56,-13.83,
5.56,-13.83,
5.56,-13.83,
5.56,-13.83,
5.56,-13.83,
5.56,-13.83,
5.56,-13.83,
5.56,-13.83,
5.56,-13.83,
5.56,-13.83,
5.56,-11.62,
5.56,-11.62,
5.56,-11.62,
5.56,-11.62,
5.56,-11.62,
6.01,-11.62,
6.01,-11.62,
6.01,-11.62,
6.01,-11.62,
6.01,-11.62,
6.01,-10.61,
6.01,-10.61,
6.01,-10.61,
6.01,-10.61,
6.57,-10.61,
6.57,-10.61,
6.57,-10.61,
6.57,-10.61,
6.57,-7.82,
6.57,-7.82,
6.57,-7.82,
6.57,-7.82,
6.84,-7.82,
7.79,-6.49,
7.79,-6.49,
7.79,-3.89,
7.79,-3.89,
7.79,-3.89,
7.79,-3.89,
9.13,-3.89,
9.13,-3.89,
9.13,-3.89,
9.13,-1.02,
9.13,-1.02,
9.13,-1.02,
9.79,-1.02,
9.79,0.49,
10.63,0.49,
10.63,0.49,
10.63,0.49,
10.63,2.18,
10.63,2.18,
10.63,2.18,
10.63,2.18,
10.63,2.18,
11.05,2.18,
11.05,2.18,
11.05,2.18,
11.05,2.18,
11.05,3.07,
11.05,3.07,
11.05,3.07,
11.05,3.07,
11.05,3.07,
11.05,3.07,
11.95,3.07,
11.95,3.07,
11.95,3.07,
11.95,7.54,
11.95,7.54,
11.95,7.54,
11.95,7.54,
11.95,7.54,
13.6,7.54,
13.6,7.54,
13.6,7.54,
13.6,9.75,
13.6,9.75,
13.6,9.75,
14.41,9.75,
14.41,9.75,
14.41,9.75,
14.41,12.92,
14.41,12.92,
14.41,12.92,
14.41,12.92,
14.5,12.92,
14.5,12.92,
14.5,16.68,
14.5,16.68,
14.5,16.68,
14.54,16.68,
14.54,16.68,
14.54,16.68,
14.54,18.51,
14.54,18.51,
14.54,18.51,
14.36,18.51,
14.36,18.51,
14.36,18.51,
14.36,18.51,
14.36,18.51,
14.36,18.51,
14.36,19.91,
14.36,19.91,
14.26,19.91,
14.26,19.91,
14.26,20.63,
14.26,20.63,
14.26,20.63,
14.26,20.63,
14.05,20.63,
14.05,20.63,
14.05,20.63,
14.05,17.87,
14.05,17.87,
14.05,17.87,
13.12,17.87,
13.12,17.87,
13.12,17.87,
13.12,17.87,
13.12,13.71,
13.12,13.71,
13.12,13.71,
12.63,13.71,
12.63,13.71,
12.63,13.71,
12.63,13.71,
12.63,11.57,
12.63,11.57,
12.63,11.57,
12.63,11.57,
12.63,11.57,
11.2,11.57,
11.2,11.57,
11.2,11.57,
11.2,11.57,
11.2,10.97,
11.2,10.97,
11.2,10.97,
10.48,10.97,
10.48,10.97,
10.48,10.97,
10.48,10.67,
9.15,12.48,
9.15,12.48,
9.15,12.48,
9.15,12.48,
9.15,12.48,
9.15,13.37,
9.15,13.37,
9.15,13.37,
9.15,13.37,
8.99,13.37,
8.99,13.37,
8.99,13.37,
8.99,13.37,
8.99,14.29,
8.99,14.29,
8.99,14.29,
8.99,14.29,
8.99,14.29,
8.76,14.29,
8.76,14.29,
8.76,14.29,
8.76,14.29,
8.76,14.59,
8.76,14.59,
8.76,14.59,
8.76,14.59,
8.76,14.59,
8.76,14.59,
8.76,14.59,
8.63,14.59,
8.63,14.59,
8.63,14.59,
8.63,14.59,
8.63,14.59,
8.63,14.74,
8.63,14.74,
8.63,14.74,
8.67,14.74,
8.67,14.74,
8.67,14.74,
8.67,14.74,
8.67,14.74,
8.67,14.74,
8.67,13.02,
8.67,13.02,
8.67,13.02,
8.67,13.02,
8.67,13.02,
8.68,13.02,
8.68,13.02,
8.68,13.02,
8.68,13.02,
8.68,12.15,
8.68,12.15,
8.68,12.15,
8.68,12.15,
8.68,12.15,
8.68,12.15,
8.62,12.15,
8.62,12.15,
8.62,12.69,
8.62,12.69,
8.62,12.69,
8.62,12.69,
8.62,12.69,
8.62,12.69,
8.73,12.69,
8.73,12.69,
8.73,12.69,
8.73,12.69,
8.73,12.69,
8.73,13.35,
8.73,13.35,
8.73,13.35,
8.73,13.35,
8.73,13.35,
8.78,13.35,
8.78,13.35,
8.78,13.35,
8.78,13.68,
8.78,13.68,
8.78,13.68,
8.78,13.68,
8.78,13.68,
8.58,13.68,
8.58,13.68,
8.58,13.68,
8.58,13.68,
8.58,12.85,
8.58,12.85,
8.58,12.85,
8.58,12.85,
8.58,12.85,
8.58,12.85,
8.58,12.85,
8.48,12.85,
8.48,12.85,
8.48,12.85,
8.48,12.43,
8.48,12.43,
8.48,12.43,
8.48,12.43,
8.23,12.43,
8.23,12.43,
8.23,12.43,
8.23,12.43,
8.23,12.43,
8.23,12.43,
8.23,12.21,
8.23,12.21,
8.23,12.21,
8.23,12.21,
8.59,12.21,
8.59,12.21,
8.59,12.21,
8.59,12.21,
8.59,12.1,
8.59,12.1,
8.59,12.1,
8.59,12.1,
8.77,12.1,
8.77,12.1,
8.77,12.1,
8.77,12.1,
8.77,12.1,
8.77,12.1,
8.77,13.17,
8.77,13.17,
8.77,13.17,
8.77,13.17,
8.77,13.17,
9.31,13.17,
9.31,13.17,
9.31,13.17,
9.31,13.17,
9.31,13.17,
9.31,13.66,
9.31,13.66,
9.31,13.66,
9.31,13.66,
9.31,13.66,
9.58,13.66,
9.58,13.66,
9.58,13.66,
9.58,13.66,
9.58,13.66,
9.58,13.89,
9.58,13.89,
9.58,13.89,
9.58,13.89,
9.08,13.89,
9.08,13.89,
9.08,13.89,
9.08,13.89,
9.08,13.89,
9.08,13.89,
9.08,13.89,
9.08,13.89,
9.08,13.89,
8.84,17.25,
8.84,17.25,
8.84,17.25,
8.84,17.25,
8.84,17.25,
8.84,18.82,
8.84,18.82,
8.84,18.82,
8.84,18.82,
8.84,18.82,
9.33,18.82,
9.33,18.82,
9.33,18.82,
9.33,18.82,
9.33,18.82,
9.33,18.82,
9.33,25.95,
9.33,25.95,
9.33,25.95,
9.33,25.95,
10.3,25.95,
10.3,25.95,
10.3,25.95,
10.3,25.95,
10.3,28.64,
10.3,28.64,
10.3,28.64,
10.3,28.64,
10.3,28.64,
10.74,28.64,
10.74,28.64,
10.74,28.64,
10.74,28.64,
10.74,29.96,
10.74,29.96,
10.74,29.96,
10.74,29.96,
10.74,29.96,
10.74,29.96,
10.74,29.96,
10.37,29.96,
10.37,29.96,
10.37,29.96,
10.37,28.35,
10.37,28.35,
10.37,28.35,
10.37,28.35,
10.37,28.35,
10.37,28.35,
10.37,28.35,
10.37,28.35,
10.37,28.35,
10.18,28.35,
10.18,28.35,
10.18,27.46,
10.18,27.46,
10.18,27.46,
10.18,27.46,
10.18,27.46,
9.34,27.46,
9.34,27.46,
9.34,27.46,
9.34,27.46,
9.34,27.46,
9.34,27.46,
9.34,22.59,
9.34,22.59,
9.34,22.59,
9.34,22.59,
8.85,22.59,
8.85,22.59,
8.85,22.59,
8.85,22.59,
8.85,17.44,
8.85,17.44,
8.85,17.44,
8.85,17.44,
8.85,17.44,
8.85,17.44,
8.85,17.44,
8.85,17.44,
8.57,17.44,
8.57,17.44,
8.57,14.61,
8.57,14.61,
8.57,14.61,
8.57,14.61,
8.13,14.61,
8.13,14.61,
8.13,14.61,
8.13,14.61,
8.13,14.61,
8.13,14.61,
8.13,15.49,
8.13,15.49,
8.13,15.49,
8.13,15.49,
8.13,15.49,
7.91,15.49,
7.91,15.49,
7.91,15.49,
7.91,15.49,
7.91,15.93,
7.91,15.93,
7.91,15.93,
7.91,15.93,
7.91,15.93,
7.91,15.93,
8.23,15.93,
8.23,15.93,
8.23,15.93,
8.23,15.93,
8.23,17.81,
8.23,17.81,
8.23,17.81,
8.23,17.81,
8.23,17.81,
8.38,17.81,
8.38,17.81,
8.38,17.81,
8.38,17.81,
8.38,18.72,
8.38,18.72,
8.38,18.72,
8.38,18.72,
8.38,18.72,
8.38,18.72,
8.58,18.72,
8.58,18.72,
8.58,18.72,
8.58,18.72,
8.58,18.72,
8.58,18.72,
8.58,18.72,
8.58,18.72,
8.58,18.72,
7.99,18.72,
7.99,18.72,
7.99,18.72,
7.99,18.72,
7.99,18.72,
7.99,18.72,
7.99,18.06,
7.99,18.06,
7.99,18.06,
7.69,18.06,
7.69,18.06,
7.69,18.06,
7.69,18.06,
7.69,18.06,
7.69,18.06,
7.69,18.06,
7.69,17.72,
7.69,17.72,
7.69,17.72,
7.69,17.72,
7.69,17.72,
7.01,17.72,
7.01,17.72,
7.01,17.72,
7.01,15.76,
7.01,15.76,
7.01,15.76,
7.01,15.76,
7.01,15.76,
7.01,15.76,
6.66,15.76,
6.66,14.76,
6.66,14.76,
6.66,14.76,
6.66,14.76,
6.66,14.76,
6.57,14.76,
6.57,14.76,
6.57,14.76,
6.57,14.76,
6.57,14.76,
6.57,11.63,
6.57,11.63,
6.57,11.63,
6.57,11.63,
6.57,11.63,
6.57,11.63,
6.57,11.63,
6.57,11.63,
7.34,11.63,
7.34,11.63,
7.34,10.33,
7.34,10.33,
7.34,10.33,
7.34,10.33,
7.34,10.33,
7.71,10.33,
7.71,10.33,
7.71,10.33,
7.71,10.33,
7.71,10.33,
7.71,9.68,
7.71,9.68,
7.71,9.68,
7.71,9.68,
7.71,9.68,
7.71,9.68,
8.63,9.68,
8.63,9.68,
8.63,9.68,
8.63,9.68,
8.63,10.97,
8.63,10.97,
8.63,10.97,
9.08,10.97,
9.08,10.97,
9.08,10.97,
9.08,10.97,
9.08,10.97,
9.08,11.61,
9.08,11.61,
9.08,11.61,
9.08,11.61,
9.89,11.61,
9.89,11.61,
9.89,11.61,
9.89,11.61,
9.89,11.61,
9.89,11.06,
9.89,11.06,
9.89,11.06,
9.89,11.06,
9.89,11.06,
9.89,11.06,
10.29,11.06,
10.29,11.06,
10.29,11.06,
10.29,11.06,
10.29,10.78,
10.29,10.78,
10.29,10.78,
10.29,10.78,
10.29,10.78,
9.78,10.78,
9.78,10.78,
9.78,10.78,
9.78,10.78,
9.78,9.71,
9.78,9.71,
8.64,9.71,
8.64,9.71,
8.64,9.71,
8.64,9.71,
8.64,9.71,
8.64,8.63,
8.64,8.63,
8.64,8.63,
8.64,8.63,
8.64,8.63,
8.64,8.63,
8.06,8.63,
8.06,8.63,
8.06,8.63,
8.06,8.63,
8.06,8.63,
8.06,8.09,
8.06,8.09,
8.06,8.09,
8.06,8.09,
8.06,8.09,
6.72,8.09,
6.72,8.09,
6.72,8.09,
6.72,8.09,
6.72,6.67,
6.72,6.67,
6.72,6.67,
6.72,6.67,
6.72,6.67,
6.72,6.67,
6.06,6.67,
6.06,6.67,
6.06,6.67,
6.06,6.67,
6.06,5.96,
6.06,5.96,
6.06,5.96,
6.06,5.96,
6.06,5.96,
6.06,5.96,
4.6,5.96,
4.6,5.96,
4.6,5.96,
4.6,5.84,
4.6,5.84,
4.6,5.84,
4.6,5.84,
4.6,5.84,
3.7,5.84,
3.7,5.84,
3.7,5.84,
3.7,6.2,
3.7,6.2,
3.7,6.2,
3.7,6.2,
3.7,6.2,
3.7,6.2,
3.25,6.2,
3.25,6.2,
3.25,6.2,
3.25,6.2,
3.25,6.37,
3.25,6.37,
3.25,6.37,
3.25,6.37,
3.25,6.37,
3.16,6.37,
3.16,6.37,
3.16,6.37,
3.16,6.37,
3.16,6.37,
3.16,6.37,
3.16,6.37,
3.16,5.75,
3.16,5.75,
3.16,5.75,
3.16,5.75,
3.16,5.75,
3.11,5.75,
3.11,5.75,
3.11,5.75,
3.11,5.45,
3.11,5.45,
3.11,5.45,
3.11,5.45,
3.11,5.45,
3.11,5.45,
2.84,5.45,
2.84,5.45,
2.84,5.45,
2.84,5.45,
2.84,4.74,
2.84,4.74,
2.72,4.74,
2.72,4.74,
2.72,4.74,
2.72,4.74,
2.72,4.74,
2.72,4.74,
2.72,4.74,
2.72,4.39,
2.72,4.39,
2.72,4.39,
2.72,4.39,
2.72,4.39,
2.72,4.39,
2.51,4.39,
2.51,4.39,
2.51,4.39,
2.51,3.37,
2.51,3.37,
2.51,3.37,
2.51,3.37,
2.51,3.37,
1.95,3.37,
1.95,3.37,
1.95,3.37,
1.95,2.25,
1.95,2.25,
1.95,2.25,
1.95,2.25,
1.95,2.25,
1.95,2.25,
1.95,2.25,
1.95,2.25,
1.67,2.25,
1.67,2.25,
1.67,2.25,
1.67,2.25,
1.67,1.69,
1.67,1.69,
1.67,1.69,
0.66,1.69,
0.66,1.69,
0.66,1.69,
0.66,1.69,
0.66,3.36,
0.66,3.36,
0.66,3.36,
0.66,3.36,
0.66,3.36,
0.15,3.36,
0.15,3.36,
0.15,3.36,
0.15,3.36,
0.15,3.36,
0.15,3.36,
0.15,4.23,
0.15,4.23,
0.15,4.23,
0.15,4.23,
0.15,4.23,
-0.45,4.23,
-0.45,4.23,
-0.45,4.23,
-0.45,4.23,
-0.45,4.23,
-0.45,4.74,
-0.45,4.74,
-0.45,4.74,
-0.45,4.74,
-0.45,4.74,
-1.15,4.74,
-1.15,4.74,
-1.15,5.12,
-1.15,5.12,
-1.15,5.12,
-1.15,5.12,
-1.15,5.12,
-1.15,5.12,
-1.15,5.12,
-1.15,5.12,
-1.5,5.12,
-1.5,5.12,
-1.5,5.12,
-1.5,5.12,
-1.5,5.31,
-1.5,5.31,
-1.5,5.31,
-1.29,5.31,
-1.29,5.31,
-1.29,5.31,
-1.29,5.31,
-1.29,5.31,
-1.29,5.31,
-1.29,5.95,
-1.29,5.95,
-1.29,5.95,
-1.29,5.95,
-1.29,5.95,
-1.29,5.95,
-1.19,5.95,
-1.19,5.95,
-1.19,5.95,
-1.19,6.28,
-1.19,6.28,
-1.19,6.28,
-1.19,6.28,
-1.19,6.28,
-1.19,6.28,
-1.19,6.28,
-1.19,6.28,
-1.07,6.28,
-1.07,6.28,
-1.07,6.28,
-1.07,5.42,
-1.07,5.42,
-1.07,5.42,
-1.07,5.42,
-1.07,5.42,
-1.02,5.42,
-1.02,5.42,
-1.02,5.42,
-1.02,5.42,
-1.02,5.42,
-1.02,5.42,
-1.02,5.42,
-1.02,4.99,
-1.02,4.99,
-1.02,4.99,
-1.39,4.99,
-1.39,4.99,
-1.39,4.99,
-1.39,4.99,
-1.39,4.45,
-1.39,4.45,
-1.39,4.45,
-1.42,4.45,
-1.42,4.45,
-1.42,4.45,
-1.42,4.45,
-1.42,4.45,
-1.42,4.45,
-1.42,4.45,
-1.42,4.45,
-1.42,3.71,
-1.42,3.71,
-1.42,3.71,
-1.42,3.71,
-1.44,3.71,
-1.44,3.71,
-1.44,3.71,
-1.44,3.35,
-1.44,3.35,
-1.44,3.35,
-1.44,3.35,
-1.44,3.35,
-1.44,3.35,
-1.44,3.35,
-1.44,3.35,
-1.44,3.35,
-1.2,2.83,
-1.2,2.83,
-1.08,2.83,
-1.08,2.83,
-1.08,2.83,
-1.08,2.83,
-1.08,2.83,
-1.08,2.58,
-1.08,2.58,
-1.08,2.58,
-1.08,2.58,
-0.95,2.58,
-0.95,2.58,
-0.95,2.1,
-0.95,2.1,
-0.95,2.1,
-0.95,2.1,
-0.95,2.1,
-1.01,2.1,
-1.01,2.1,
-1.01,2.1,
-1.01,2.1,
-1.01,2.1,
-1.01,2.1,
-1.01,1.15,
-1.01,1.15,
-1.01,1.15,
-1.01,1.15,
-1.01,1.15,
-1.04,1.15,
-1.04,1.15,
-1.04,1.15,
-1.04,0.68,
-1.04,0.68,
-1.04,0.68,
-1.04,0.68,
-1.04,0.68,
-1.04,0.68,
-1.04,0.68,
-1.38,0.68,
-1.38,0.68,
-1.38,0.68,
-1.38,0.68,
-1.38,0.48,
-1.38,0.48,
-1.38,0.48,
-1.38,0.48,
-1.56,0.48,
-1.56,0.48,
-1.56,0.48,
-1.56,0.48,
-1.56,0.48,
-1.56,0.48,
-1.56,0.38,
-1.56,0.38,
-1.56,0.38,
-1.49,0.38,
-1.49,0.38,
-1.49,0.38,
-1.49,0.38,
-1.49,0.38,
-1.49,0.38,
-1.49,0.38,
-1.49,1.46,
-1.49,1.46,
-1.49,1.46,
-1.49,1.46,
-1.46,1.46,
-1.46,1.46,
-1.46,1.46,
-1.46,1.46,
-1.46,2.01,
-1.46,2.01,
-1.46,2.01,
-1.46,2.01,
-1.46,2.01,
-0.77,2.01,
-0.77,2.01,
-0.77,2.01,
-0.77,3.81,
-0.77,3.81,
-0.77,3.81,
-0.77,3.81,
-0.77,3.81,
-0.77,3.81,
-0.77,3.81,
0.03,3.81,
0.03,3.81,
0.03,3.81,
0.03,4.74,
0.03,4.74,
0.03,4.74,
0.03,4.74,
0.03,4.74,
0.43,4.74,
0.43,4.74,
0.43,4.74,
0.43,4.74,
0.43,4.74,
0.43,5.21,
0.43,5.21,
0.43,5.21,
0.43,5.21,
0.43,5.21,
0.93,5.21,
0.93,5.21,
0.93,5.21,
0.93,5.21,
0.93,5.56,
0.93,5.56,
0.93,5.56,
1.18,5.56,
1.18,5.56,
1.18,5.56,
1.18,5.73,
1.18,5.73,
1.18,5.73,
1.18,5.73,
1.18,5.73,
1.38,5.73,
1.38,5.73,
1.38,5.73,
1.38,5.73,
1.38,5.96,
1.38,5.96,
1.38,5.96,
1.38,5.96,
2.01,5.96,
2.01,5.96,
2.01,5.96,
2.01,5.96,
2.01,6.29,
2.01,6.29,
2.01,6.29,
2.01,6.29,
2.32,6.29,
2.32,6.29,
2.32,6.29,
2.32,6.29,
2.32,6.29,
2.32,6.29,
2.32,6.46,
2.32,6.46,
2.32,6.46,
2.32,6.46,
2.32,6.46,
2.32,6.46,
2.99,6.46,
2.99,6.46,
2.99,6.46,
2.99,6.46,
2.99,6.66,
2.99,6.66,
3.32,6.66,
3.32,6.66,
3.32,6.66,
3.32,6.66,
3.32,6.66,
3.32,6.66,
3.32,6.76,
3.32,6.76,
3.32,6.76,
3.32,6.76,
3.32,6.76,
3.32,6.76,
3.07,6.76,
3.07,6.76,
3.07,6.76,
3.07,6.7,
3.07,6.7,
3.07,6.7,
3.07,6.7,
3.07,6.7,
3.07,6.7,
2.94,6.7,
2.94,6.7,
2.94,6.7,
2.94,6.7,
2.94,6.66,
2.94,6.66,
2.94,6.66,
2.94,6.66,
2.94,6.66,
2.94,6.66,
2.26,6.66,
2.26,6.66,
2.26,5.79,
2.26,5.79,
2.26,5.79,
2.26,5.79,
2.26,5.79,
2.26,5.79,
2.26,5.79,
2.26,5.79,
1.46,5.79,
1.46,5.08,
1.46,5.08,
1.46,5.08,
1.46,5.08,
1.46,5.08,
1.46,5.08,
1.06,5.08,
1.06,5.08,
1.06,5.08,
1.06,5.08,
1.06,4.72,
1.06,4.72,
1.06,4.72,
1.06,4.72,
1.06,4.72,
1.05,4.72,
1.05,4.72,
1.05,4.72,
1.05,4.72,
1.05,4.72,
1.05,5.04,
1.05,5.04,
1.05,5.04,
1.05,5.04,
1.05,5.04,
1.05,5.04,
1.05,5.04,
1.05,5.04,
1.05,5.04,
1.05,5.2,
1.05,5.2,
1.05,5.2,
1.05,5.2,
1.07,5.2,
1.07,5.2,
1.07,5.2,
1.07,6.28,
1.07,6.28,
1.07,6.28,
1.07,6.28,
1.07,6.28,
0.22,6.28,
0.22,6.28,
0.22,6.28,
0.22,5.25,
0.22,5.25,
0.22,5.25,
0.22,5.25,
0.22,5.25,
0.22,5.25,
0.22,5.25,
0.22,5.25,
-0.21,5.25,
-0.21,5.25,
-0.21,5.25,
-0.21,5.25,
-0.21,4.73,
-0.21,4.73,
-0.21,4.73,
-0.21,4.73,
-1.31,4.73,
-1.31,4.73,
-1.31,4.73,
-1.31,4.73,
-1.31,2.77,
-1.31,2.77,
-1.31,2.77,
-1.31,2.77,
-1.31,2.77,
-1.87,2.77,
-1.87,2.77,
-1.87,2.77,
-1.87,2.77,
-1.87,2.77,
-1.87,2.77,
-1.87,2.77,
-1.87,1.79,
-1.87,1.79,
-1.87,1.79,
-2.05,1.79,
-2.05,1.79,
-2.05,1.79,
-2.05,1.79,
-2.05,1.03,
-2.05,1.03,
-2.05,1.03,
-2.05,1.03,
-2.05,1.03,
-2.05,1.03,
-2.05,1.03,
-2.15,1.03,
-2.15,1.03,
-2.15,1.03,
-2.15,0.65,
-2.15,0.65,
-2.15,0.65,
-2.15,0.65,
-2.15,0.65,
-1.03,0.65,
-1.03,0.65,
-1.03,0.65,
-1.03,0.65,
-1.03,0.65,
-1.03,0.39,
-1.03,0.39,
-1.03,0.39,
-1.03,0.39,
-1.03,0.39,
-1.03,0.39,
0.45,0.39,
0.45,0.39,
0.45,0.39,
0.45,0.39,
0.45,0.39,
0.45,1.12,
0.45,1.12,
1.18,1.12,
1.18,1.12,
1.18,1.12,
1.18,1.12,
1.18,1.48,
1.18,1.48,
1.18,1.48,
1.18,1.48,
1.92,1.48,
1.92,1.48,
1.92,1.48,
1.92,1.48,
1.92,1.48,
1.92,1.48,
1.92,2.3,
1.92,2.3,
1.92,2.3,
1.92,2.3,
1.92,2.3,
2.29,2.3,
2.29,2.3,
2.29,2.3,
2.29,2.7,
2.29,2.7,
2.29,2.7,
2.29,2.7,
2.29,2.7,
2.27,2.7,
2.27,2.7,
2.27,2.7,
2.27,2.7,
2.27,2.7,
2.27,2.7,
2.27,2.72,
2.27,2.72,
2.27,2.72,
2.27,2.72,
1.62,2.72,
1.62,2.72,
1.62,2.72,
1.62,2.72,
1.62,3.24,
1.62,3.24,
1.62,3.24,
1.62,3.24,
1.62,3.24,
1.62,3.24,
1.62,3.24,
1.3,3.24,
1.3,3.24,
1.3,3.24,
1.3,3.24,
1.3,3.51,
1.3,3.51,
1.3,3.51,
1.3,3.51,
1.3,3.51,
0.57,3.51,
0.57,3.51,
0.57,3.51,
0.57,3.87,
0.57,3.87,
0.57,3.87,
0.57,3.87,
0.57,3.87,
0.57,3.87,
0.2,3.87,
0.2,3.87,
0.2,3.87,
0.2,3.87,
0.2,4.05,
0.2,4.05,
0.2,4.05,
0.2,4.05,
-0.08,4.05,
-0.08,4.05,
-0.08,4.05,
-0.08,4.05,
-0.08,4.05,
-0.08,4.05,
-0.08,4.04,
-0.08,4.04,
-0.08,4.04,
-0.08,4.04,
-0.08,4.04,
-0.22,4.04,
-0.22,4.04,
-0.22,4.04,
-0.22,4.04,
-0.22,4.04,
-0.22,4.04,
-0.22,4.04,
-0.08,4.04,
-0.08,4.04,
-0.08,4.04,
-0.08,4.49,
-0.08,4.49,
-0.08,4.49,
-0.08,4.49,
-0.08,4.49,
-0.08,4.49,
0.2,4.49,
0.2,4.49,
0.2,4.49,
0.2,4.49,
0.2,4.49,
0.2,4.49,
0.2,4.58,
0.2,4.58,
0.2,4.58,
0.2,4.58,
0.33,4.58,
0.33,4.58,
0.33,4.58,
0.33,4.58,
0.33,4.62,
0.33,4.62,
0.33,4.62,
0.33,4.62,
0.33,4.62,
-0.22,4.62,
-0.22,4.62,
-0.22,4.62,
-0.22,4.62,
-0.22,4.62,
-0.22,2.35,
-0.22,2.35,
-0.22,2.35,
-0.22,2.35,
-0.22,2.35,
-0.22,2.35,
-0.5,2.35,
-0.5,2.35,
-0.5,1.22,
-0.5,1.22,
-0.5,1.22,
-0.5,1.22,
-0.5,1.22,
-1.61,1.22,
-1.61,1.22,
-1.61,1.22,
-1.61,1.22,
-1.61,-1.49,
-1.61,-1.49,
-1.61,-1.49,
-1.61,-1.49,
-1.61,-1.49,
-1.61,-1.49,
-1.61,-1.49,
-2.48,-1.49,
-2.48,-1.49,
-2.48,-2.46,
-2.48,-2.46,
-2.48,-2.46,
-2.48,-2.46,
-2.48,-2.46,
-2.48,-2.46,
-2.92,-2.46,
-2.92,-2.46,
-2.92,-2.46,
-2.92,-2.46,
-2.92,-2.46,
-2.92,-2.95,
-2.92,-2.95,
-2.92,-2.95,
-2.35,-2.95,
-2.35,-2.95,
-2.35,-2.95,
-2.35,-2.95,
-2.35,-2.95,
-2.35,-1.48,
-2.35,-1.48,
-2.35,-1.48,
-2.35,-1.48,
-2.35,-1.48,
-2.07,-1.48,
-2.07,-1.48,
-2.07,-1.48,
-2.07,-1.48,
-2.07,-0.74,
-2.07,-0.74,
-2.07,-0.74,
-2.07,-0.74,
-2.07,-0.74,
-2.07,-0.74,
-1.38,-0.74,
-1.38,-0.74,
-1.38,-0.74,
-1.38,-0.74,
-1.38,-0.74,
-1.38,-0.74,
-1.38,0.66,
-1.38,0.66,
-1.38,0.66,
-1.38,0.66,
-1.38,0.66,
-1.04,0.66,
-1.04,0.66,
-1.04,0.66,
-1.04,1.38,
-1.04,1.38,
-1.04,1.38,
-1.04,1.38,
-1.04,1.38,
-0.58,1.38,
-0.58,1.38,
-0.58,1.38,
-0.58,1.38,
-0.58,1.92,
-0.58,1.92,
-0.58,1.92,
-0.58,1.92,
-0.58,1.92,
-0.64,1.92,
-0.64,1.92,
-0.64,1.92,
-0.64,1.71,
-0.64,1.71,
-0.64,1.71,
-0.64,1.71,
-0.64,1.71,
-0.64,1.71,
-0.67,1.71,
-0.67,1.71,
-0.67,1.71,
-0.67,1.71,
-0.67,1.61,
-0.67,1.61,
-0.67,1.61,
-0.67,1.61,
-0.67,1.61,
-0.99,1.61,
-0.99,1.61,
-0.99,1.61,
-0.99,1.61,
-0.99,1.61,
-0.99,1.61,
-0.99,1.39,
-0.99,1.39,
-1.15,1.39,
-1.15,1.39,
-1.15,1.39,
-1.15,1.39,
-1.15,1.28,
-1.15,1.28,
-1.15,1.28,
-1.15,1.28,
-1.15,1.28,
-1.15,1.28,
-1.15,1.28,
-0.85,1.28,
-0.85,1.28,
-0.85,1.93,
-0.85,1.93,
-0.34,1.93,
-0.34,1.93,
-0.34,1.93,
-0.34,1.93,
-0.34,2.76,
-0.34,2.76,
-0.34,2.76,
-0.34,2.76,
-0.34,2.76,
-0.34,2.76,
-0.34,2.76,
-0.34,2.76,
-0.34,2.76,
-0.34,2.76,
-0.34,2.76,
-0.34,2.76,
-0.09,2.76,
-0.09,3.17,
-0.09,3.17,
-0.09,3.17,
0.14,3.17,
0.14,3.17,
0.14,3.17,
0.14,3.17,
0.14,3.17,
0.14,3.55,
0.14,3.55,
0.14,3.55,
0.14,3.55,
0.14,3.55,
0.14,3.55,
0.25,3.55,
0.25,3.55,
0.25,3.55,
0.25,3.73,
0.25,3.73,
0.25,3.73,
0.25,3.73,
0.25,3.73,
0.26,3.73,
0.26,3.73,
0.26,3.73,
0.26,3.43,
0.26,3.43,
0.26,3.43,
0.26,3.43,
0.26,3.43,
0.27,3.43,
0.27,3.43,
0.27,3.43,
0.27,3.28,
0.27,3.28,
0.27,3.28,
0.27,3.28,
0.27,3.28,
0.04,3.28,
0.04,3.28,
0.04,3.28,
0.04,3.28,
0.04,3.28,
0.04,3.28,
0.04,2.03,
0.04,2.03,
0.04,2.03,
0.04,2.03,
-0.44,2.03,
-0.44,2.03,
-0.44,2.03,
-0.44,2.03,
-0.44,2.03,
-0.44,0.25,
-0.44,0.25,
-0.44,0.25,
-0.44,0.25,
-0.44,0.25,
-0.68,0.25,
-0.68,0.25,
-0.68,0.25,
-0.68,0.25,
-0.68,-0.63,
-0.68,-0.63,
-0.68,-0.63,
-0.68,-0.63,
-1.13,-0.63,
-1.13,-0.63,
-1.13,-0.63,
-1.13,-0.63,
-1.13,-0.63,
-1.13,-1.56,
-1.13,-1.56,
-1.13,-1.56,
-1.35,-1.56,
-1.35,-1.56,
-1.35,-1.56,
-1.35,-1.56,
-1.35,-1.56,
-1.35,-2.03,
-1.35,-2.03,
-1.35,-2.03,
-1.35,-2.03,
-1.35,-2.03,
-1.67,-2.03,
-1.67,-2.03,
-1.67,-2.03,
-1.67,-1.84,
-1.67,-1.84,
-1.67,-1.84,
-1.67,-1.84,
-1.67,-1.84,
-1.67,-1.84,
-1.67,-1.84,
-1.67,-1.84,
-1.72,-1.84,
-1.72,-1.84,
-1.72,-1.84,
-1.72,-1.84,
-1.72,-0.77,
-1.72,-0.77,
-1.72,-0.77,
-1.72,-0.77,
-1.72,-0.77,
-1.74,-0.77,
-1.74,-0.77,
-1.74,-0.23,
-1.74,-0.23,
-1.74,-0.23,
-1.74,-0.23,
-1.74,-0.23,
-1.74,-0.23,
-1.74,-0.23,
-1.59,-0.23,
-1.59,-0.23,
-1.59,-0.23,
-1.59,-0.23,
-1.59,0.73,
-1.59,0.73,
-1.59,0.73,
-1.59,0.73,
-1.59,0.73,
-1.59,0.73,
-1.52,0.73,
-1.52,0.73,
-1.52,0.73,
-1.52,1.21,
-1.52,1.21,
-1.52,1.21,
-1.52,1.21,
-1.52,1.21,
-1.52,1.21,
-1.52,1.21,
-1.13,1.21,
-1.13,1.21,
-1.13,1.21,
-1.13,2.07,
-1.13,2.07,
-1.13,2.07,
-1.13,2.07,
-1.13,2.07,
-0.94,2.07,
-0.94,2.07,
-0.94,2.07,
-0.94,2.5,
-0.94,2.5,
-0.94,2.5,
-0.94,2.5,
-0.56,2.5,
-0.56,2.5,
-0.56,2.5,
-0.56,2.5,
-0.56,2.5,
-0.56,2.02,
-0.56,2.02,
-0.56,2.02,
-0.56,2.02,
-0.33,2.02,
-0.33,2.02,
-0.33,2.02,
-0.33,2.02,
-0.33,2.02,
-0.33,2.02,
-0.33,1.44,
-0.33,1.44,
-0.33,1.44,
-0.33,1.44,
-0.22,1.44,
-0.22,1.44,
-0.22,1.44,
-0.22,1.44,
-0.22,1.44,
-0.22,1.15,
-0.22,1.15,
-0.22,1.15,
-0.22,1.15,
-0.22,1.15,
-0.24,1.15,
-0.24,1.15,
-0.24,1.15,
-0.24,1.15,
-0.24,1.15,
-0.24,1.33,
-0.24,1.33,
-0.24,1.33,
-0.24,1.33,
-0.24,1.33,
-0.24,1.33,
-0.24,1.33,
-0.24,1.33,
-0.24,1.33,
-0.24,1.42,
-0.24,1.42,
-0.24,1.42,
-0.24,1.42,
-0.13,1.42,
-0.13,1.42,
-0.13,1.42,
-0.13,1.42,
-0.13,1.42,
-0.13,1.82,
-0.13,1.82,
-0.13,1.82,
-0.13,1.82,
-0.13,1.82,
-0.13,1.82,
-0.1,1.82,
-0.1,1.82,
-0.1,1.82,
-0.1,1.82,
-0.1,2.09,
-0.1,2.09,
-0.1,2.09,
-0.1,2.09,
-0.1,2.09,
-0.1,2.09,
-0.1,2.09,
-0.08,2.09,
-0.08,2.22,
-0.08,2.22,
-0.08,2.22,
-0.08,2.22,
-0.08,2.22,
-0.08,2.22,
-0.08,2.22,
-0.08,2.22,
0.05,2.22,
0.05,2.22,
0.05,2.22,
0.05,2.07,
0.05,2.07,
0.05,2.07,
0.05,2.07,
0.11,2.07,
0.11,2.07,
0.11,2.07,
0.11,2.07,
0.11,2.07,
0.11,1.99,
0.11,1.99,
0.11,1.99,
0.11,1.99,
0.11,1.99,
0.07,1.99,
0.07,1.99,
0.07,1.99,
0.07,1.99,
0.07,1.99,
0.07,1.99,
0.07,2.16,
0.07,2.16,
0.07,2.16,
0.05,2.16,
0.05,2.16,
0.05,2.16,
0.05,2.16,
0.05,2.16,
0.05,2.25,
0.05,2.25,
0.05,2.25,
0.05,2.25,
0.05,2.25,
0.05,2.25,
-0.16,2.25,
-0.16,2.25,
-0.16,2.25,
-0.16,2.25,
-0.16,2.25,
-0.16,2.25,
-0.16,2.05,
-0.16,2.05,
-0.16,2.05,
-0.16,2.05,
-0.16,2.05,
-0.11,2.05,
-0.11,2.05,
-0.11,2.05,
-0.11,1.78,
-0.11,1.78,
-0.11,1.78,
-0.11,1.78,
-0.11,1.78,
-0.08,1.78,
-0.08,1.78,
-0.08,1.78,
-0.08,1.78,
-0.08,1.65,
-0.08,1.65,
-0.08,1.65,
-0.08,1.65,
0.11,1.65,
0.11,1.65,
0.11,1.65,
0.11,1.65,
0.11,1.7,
0.11,1.7,
0.11,1.7,
0.11,1.7,
0.21,1.7,
0.21,1.7,
0.21,1.7,
0.21,1.7,
0.21,1.7,
0.21,1.72,
0.21,1.72,
0.21,1.72,
0.21,1.72,
0.21,1.72,
0.21,1.72,
0.21,1.72,
0.16,1.72,
0.16,1.72,
0.16,1.72,
0.16,1.69,
0.16,1.69,
0.16,1.69,
0.16,1.69,
-0.03,1.69,
-0.03,1.69,
-0.03,1.69,
-0.03,1.69,
-0.03,1.69,
-0.03,1.24,
-0.03,1.24,
-0.03,1.24,
-0.03,1.24,
-0.13,1.24,
-0.13,1.24,
-0.13,1.24,
-0.13,1.24,
-0.13,1.24,
-0.13,1.24,
-0.13,1.24,
-0.13,1.02,
-0.13,1.02,
-0.13,1.02,
-0.23,1.02,
-0.23,1.02,
-0.23,1.02,
-0.23,1.02,
-0.23,1.02,
-0.23,1.02,
-0.23,0.72,
-0.23,0.72,
-0.23,0.72,
-0.28,0.72,
-0.28,0.72,
-0.28,0.72,
-0.28,0.72,
-0.28,0.72,
-0.28,0.57,
-0.28,0.57,
-0.28,0.57,
-0.28,0.57,
-0.28,0.57,
-0.35,0.57,
-0.35,0.57,
-0.35,0.57,
-0.35,0.57,
-0.35,0.79,
-0.35,0.79,
-0.35,0.79,
-0.35,0.79,
-0.35,0.79,
-0.35,0.79,
-0.38,0.79,
-0.38,0.79,
