0.39,-1.98,
0.47,-2.47,
0.47,-2.47,
0.47,-2.47,
0.47,-2.47,
0.47,-2.47,
0.47,-2.47,
0.47,-2.47,
0.47,-2.47,
0.47,-2.47,
0.47,-2.47,
0.19,-2.58,
0.19,-2.58,
0.19,-2.58,
0.19,-2.58,
0.19,-2.58,
0.19,-2.58,
0.19,-2.58,
0.19,-2.58,
0.19,-2.58,
0.19,-2.58,
0.19,-2.58,
0.19,-2.58,
0.07,-2.58,
0.07,-2.58,
0.07,-2.64,
0.07,-2.64,
0.07,-2.64,
0.07,-2.64,
0.07,-2.64,
0.07,-2.64,
0.07,-2.64,
0.01,-2.77,
0.01,-2.77,
0.01,-2.77,
0.01,-2.77,
0.01,-2.77,
0.01,-2.77,
0.01,-2.77,
0.01,-2.77,
0.09,-2.84,
0.09,-2.84,
0.09,-2.84,
0.09,-2.84,
0.09,-2.84,
0.09,-2.84,
0.09,-2.84,
0.09,-2.84,
0.09,-2.84,
0.09,-2.84,
0.09,-2.84,
0.09,-2.84,
0.13,-2.84,
0.13,-2.63,
0.13,-2.63,
0.13,-2.63,
0.13,-2.63,
0.13,-2.63,
0.05,-2.57,
0.05,-2.57,
0.05,-2.57,
0.05,-2.57,
0.05,-2.57,
0.05,-2.57,
0.05,-2.57,
0.05,-2.57,
0.05,-2.57,
0.01,-2.57,
0.01,-2.54,
0.01,-2.54,
0.01,-2.54,
0.01,-2.54,
0.01,-2.54,
0.01,-2.54,
0.01,-2.54,
0.01,-2.54,
0.14,-2.54,
0.14,-2.54,
0.14,-2.56,
0.14,-2.56,
0.14,-2.56,
0.14,-2.56,
0.14,-2.56,
0.14,-2.56,
0.14,-2.56,
0.23,-2.56,
0.23,-2.56,
0.23,-2.57,
0.23,-2.57,
0.23,-2.57,
0.23,-2.57,
0.23,-2.57,
0.23,-2.57,
0.23,-2.57,
0.23,-2.57,
0.27,-2.57,
0.27,-2.62,
0.27,-2.62,
0.27,-2.62,
0.27,-2.62,
0.27,-2.62,
0.27,-2.62,
0.27,-2.62,
0.27,-2.62,
0.27,-2.62,
0.45,-2.62,
0.45,-2.65,
0.45,-2.65,
0.45,-2.65,
0.45,-2.65,
0.45,-2.65,
0.45,-2.65,
0.45,-2.65,
0.45,-2.65,
0.54,-2.65,
0.54,-2.51,
0.54,-2.51,
0.54,-2.51,
0.54,-2.51,
0.54,-2.51,
0.54,-2.51,
0.54,-2.51,
0.54,-2.51,
0.44,-2.52,
0.44,-2.52,
0.44,-2.52,
0.44,-2.52,
0.44,-2.52,
0.44,-2.52,
0.44,-2.52,
0.44,-2.52,
0.16,-2.52,
0.16,-2.52,
0.16,-2.52,
0.16,-2.52,
0.16,-2.52,
0.16,-2.52,
0.16,-2.52,
0.16,-2.52,
0.16,-2.52,
0.03,-2.52,
0.03,-2.63,
0.03,-2.63,
0.03,-2.63,
0.03,-2.63,
0.03,-2.63,
0.03,-2.63,
0.03,-2.63,
0.03,-2.63,
0.03,-2.63,
0.08,-2.63,
0.08,-2.69,
0.08,-2.69,
0.08,-2.69,
0.08,-2.69,
0.08,-2.69,
0.08,-2.69,
0.08,-2.69,
0.11,-2.69,
0.11,-2.69,
0.11,-2.69,
0.11,-2.68,
0.11,-2.68,
0.11,-2.68,
0.11,-2.68,
0.11,-2.68,
0.11,-2.68,
0.11,-2.68,
0.11,-2.68,
0.19,-2.68,
0.19,-2.71,
0.19,-2.71,
0.19,-2.71,
0.19,-2.71,
0.19,-2.71,
0.19,-2.71,
0.19,-2.71,
0.19,-2.71,
0.24,-2.71,
0.24,-2.71,
0.24,-2.71,
0.24,-2.71,
0.24,-2.73,
0.24,-2.73,
0.24,-2.73,
0.24,-2.73,
0.24,-2.73,
0.24,-2.73,
0.24,-2.73,
0.24,-2.73,
0.24,-2.73,
0.21,-2.73,
0.21,-2.54,
0.21,-2.54,
0.21,-2.54,
0.21,-2.54,
0.21,-2.54,
0.21,-2.54,
0.21,-2.54,
0.21,-2.54,
0.21,-2.54,
0.22,-2.54,
0.22,-2.45,
0.22,-2.45,
0.22,-2.45,
0.22,-2.45,
0.22,-2.45,
0.22,-2.45,
0.22,-2.58,
0.22,-2.58,
0.22,-2.58,
0.22,-2.58,
0.22,-2.58,
0.22,-2.58,
0.22,-2.58,
0.22,-2.58,
0.22,-2.58,
0.15,-2.65,
0.15,-2.65,
0.15,-2.65,
0.15,-2.65,
0.15,-2.65,
0.15,-2.65,
0.15,-2.65,
0.15,-2.65,
0.15,-2.65,
0.15,-2.65,
0.12,-2.87,
0.12,-2.87,
0.12,-2.87,
0.12,-2.87,
0.12,-2.87,
0.12,-2.87,
0.12,-2.87,
0.12,-2.87,
0.04,-2.87,
0.04,-2.72,
0.04,-2.72,
0.04,-2.72,
0.04,-2.72,
0.04,-2.72,
0.04,-2.72,
0.04,-2.72,
0.04,-2.72,
0.3,-2.72,
0.3,-2.72,
0.3,-2.64,
0.3,-2.64,
0.3,-2.64,
0.3,-2.64,
0.3,-2.64,
0.3,-2.64,
0.3,-2.64,
0.3,-2.64,
0.43,-2.64,
0.43,-2.64,
0.43,-2.1,
0.43,-2.1,
0.43,-2.1,
0.43,-2.1,
0.43,-2.1,
0.43,-2.1,
0.43,-2.1,
0.43,-2.1,
0.43,-2.1,
0.43,-2.1,
0.43,-2.1,
0.56,-2.1,
0.56,-1.83,
0.56,-1.83,
0.56,-1.83,
0.56,-1.83,
0.56,-1.83,
0.56,-1.83,
0.63,-1.83,
0.63,-2.19,
0.63,-2.19,
0.63,-2.19,
0.63,-2.19,
0.63,-2.19,
0.63,-2.19,
0.63,-2.19,
0.63,-2.19,
0.63,-2.19,
0.63,-2.19,
0.38,-2.5,
0.38,-2.5,
0.38,-2.5,
0.38,-2.5,
0.38,-2.5,
0.38,-2.5,
0.38,-2.5,
0.38,-2.5,
0.38,-2.5,
0.26,-2.65,
0.26,-2.65,
0.26,-2.65,
0.26,-2.65,
0.26,-2.65,
0.26,-2.65,
0.26,-2.65,
0.26,-2.65,
0.26,-2.65,
0.13,-2.65,
0.13,-2.77,
0.13,-2.77,
0.13,-2.77,
0.13,-2.77,
0.13,-2.77,
0.13,-2.77,
0.13,-2.77,
0.04,-2.82,
0.04,-2.82,
0.04,-2.82,
0.04,-2.82,
0.04,-2.82,
0.04,-2.82,
0.04,-2.82,
0.04,-2.82,
0.04,-2.82,
0.04,-2.82,
0.04,-2.82,
0.04,-2.82,
-0.01,-2.82,
-0.01,-2.88,
-0.01,-2.88,
-0.01,-2.88,
-0.01,-2.88,
-0.01,-2.88,
-0.01,-2.88,
0.08,-2.88,
0.08,-2.91,
0.08,-2.91,
0.08,-2.91,
0.08,-2.91,
0.08,-2.91,
0.08,-2.91,
0.08,-2.91,
0.08,-2.91,
0.08,-2.91,
0.12,-2.59,
0.12,-2.59,
0.12,-2.59,
0.12,-2.59,
0.12,-2.59,
0.12,-2.59,
0.12,-2.59,
0.12,-2.59,
0.12,-2.59,
0.12,-2.59,
0.12,-2.59,
0.12,-2.59,
0.12,-2.59,
0.12,-2.59,
0.12,-2.59,
0.12,-2.59,
0.01,-2.59,
0.01,-2.86,
0.01,-2.86,
0.01,-2.86,
0.01,-2.86,
0.01,-2.86,
0.04,-2.86,
0.04,-3.0,
0.04,-3.0,
0.04,-3.0,
0.04,-3.0,
0.04,-3.0,
0.04,-3.0,
0.04,-3.0,
0.06,-2.82,
0.06,-2.82,
0.06,-2.82,
0.06,-2.82,
0.06,-2.82,
0.06,-2.82,
0.06,-2.82,
0.06,-2.82,
0.06,-2.82,
0.06,-2.82,
0.06,-2.82,
0.09,-2.73,
0.09,-2.73,
0.09,-2.73,
0.09,-2.73,
0.09,-2.73,
0.09,-2.73,
0.09,-2.73,
0.09,-2.73,
0.09,-2.73,
0.1,-2.6,
0.1,-2.6,
0.1,-2.6,
0.1,-2.6,
0.1,-2.6,
0.1,-2.6,
0.1,-2.6,
0.1,-2.6,
0.1,-2.6,
0.17,-2.6,
0.17,-2.49,
0.17,-2.49,
0.17,-2.49,
0.17,-2.49,
0.17,-2.49,
0.17,-2.49,
0.17,-2.49,
0.17,-2.49,
0.21,-2.49,
0.21,-2.44,
0.21,-2.44,
0.21,-2.44,
0.21,-2.44,
0.21,-2.44,
0.21,-2.44,
0.21,-2.44,
0.21,-2.44,
0.21,-2.44,
0.15,-2.44,
0.15,-2.73,
0.15,-2.73,
0.15,-2.73,
0.15,-2.73,
0.15,-2.73,
0.15,-2.73,
-0.06,-2.73,
-0.06,-2.73,
-0.06,-2.73,
-0.06,-2.73,
-0.06,-2.88,
-0.06,-2.88,
-0.06,-2.88,
-0.06,-2.88,
-0.06,-2.88,
-0.06,-2.88,
-0.06,-2.88,
-0.06,-2.88,
-0.17,-2.88,
-0.17,-3.16,
-0.17,-3.16,
-0.17,-3.16,
-0.17,-3.16,
-0.17,-3.16,
-0.17,-3.16,
-0.17,-3.16,
-0.17,-3.16,
-0.17,-3.16,
-0.47,-3.3,
-0.47,-3.3,
-0.47,-3.3,
-0.47,-3.3,
-0.47,-3.3,
-0.47,-3.3,
-0.47,-3.3,
-0.47,-3.3,
-0.47,-3.3,
-0.63,-3.3,
-0.63,-3.47,
-0.63,-3.47,
-0.63,-3.47,
-0.63,-3.47,
-0.63,-3.47,
-0.63,-3.47,
-0.63,-3.47,
-0.67,-3.47,
-0.67,-3.47,
-0.67,-3.44,
-0.67,-3.44,
-0.67,-3.44,
-0.67,-3.44,
-0.67,-3.44,
-0.67,-3.44,
-0.28,-3.44,
-0.28,-3.43,
-0.28,-3.43,
-0.28,-3.43,
-0.28,-3.43,
-0.28,-3.43,
-0.28,-3.43,
-0.28,-3.43,
-0.28,-3.43,
-0.28,-3.43,
-0.28,-3.43,
-0.28,-3.43,
-0.28,-3.43,
-0.08,-3.43,
-0.08,-2.82,
-0.08,-2.82,
-0.08,-2.82,
-0.08,-2.82,
-0.08,-2.82,
0.12,-2.82,
0.12,-2.52,
0.12,-2.52,
0.12,-2.52,
0.12,-2.52,
0.12,-2.52,
0.12,-2.52,
0.12,-2.52,
0.12,-2.52,
0.12,-2.52,
0.12,-2.52,
0.23,-2.27,
0.23,-2.27,
0.23,-2.27,
0.23,-2.27,
0.23,-2.27,
0.23,-2.27,
0.23,-2.27,
0.23,-2.27,
0.23,-2.27,
0.35,-2.27,
0.35,-2.34,
0.35,-2.34,
0.35,-2.34,
0.35,-2.34,
0.35,-2.34,
0.35,-2.34,
0.35,-2.34,
0.35,-2.34,
0.35,-2.34,
0.41,-2.34,
0.41,-2.38,
0.41,-2.38,
0.41,-2.38,
0.41,-2.38,
0.41,-2.38,
0.41,-2.38,
0.41,-2.38,
0.41,-2.38,
0.41,-2.38,
0.15,-2.38,
0.15,-2.79,
0.15,-2.79,
0.15,-2.79,
0.15,-2.79,
0.15,-2.79,
0.15,-2.79,
-0.11,-2.79,
-0.11,-2.79,
-0.11,-3.0,
-0.11,-3.0,
-0.11,-3.0,
-0.11,-3.0,
-0.11,-3.0,
-0.11,-3.0,
-0.11,-3.0,
-0.11,-3.0,
-0.11,-3.0,
-0.23,-3.16,
-0.23,-3.16,
-0.23,-3.16,
-0.23,-3.16,
-0.23,-3.16,
-0.23,-3.16,
-0.23,-3.16,
-0.23,-3.16,
-0.23,-3.16,
-0.38,-3.25,
-0.38,-3.25,
-0.38,-3.25,
-0.38,-3.25,
-0.38,-3.25,
-0.38,-3.25,
-0.38,-3.25,
-0.38,-3.25,
-0.38,-3.25,
-0.38,-3.25,
-0.38,-3.25,
-0.45,-3.12,
-0.45,-3.12,
-0.45,-3.12,
-0.45,-3.12,
-0.45,-3.12,
-0.45,-3.12,
-0.45,-3.12,
-0.45,-3.12,
-0.45,-3.12,
-0.49,-3.12,
-0.49,-3.12,
-0.49,-3.31,
-0.49,-3.31,
-0.49,-3.31,
-0.49,-3.31,
-0.49,-3.31,
-0.49,-3.31,
-0.49,-3.31,
-0.31,-3.31,
-0.31,-3.41,
-0.31,-3.41,
-0.31,-3.41,
-0.31,-3.41,
-0.31,-3.41,
-0.31,-3.41,
-0.31,-3.41,
-0.31,-3.41,
-0.23,-3.41,
-0.23,-2.98,
-0.23,-2.98,
-0.23,-2.98,
-0.23,-2.98,
-0.23,-2.98,
-0.23,-2.98,
-0.23,-2.98,
-0.23,-2.98,
-0.23,-2.98,
-0.17,-2.98,
-0.17,-2.76,
-0.17,-2.76,
-0.17,-2.76,
-0.17,-2.76,
-0.17,-2.76,
-0.17,-2.76,
-0.17,-2.76,
-0.17,-2.76,
-0.17,-2.76,
-0.14,-2.76,
-0.14,-2.07,
-0.14,-2.07,
-0.14,-2.07,
-0.14,-2.07,
-0.14,-2.07,
-0.14,-2.07,
-0.14,-2.07,
0.26,-2.07,
0.26,-2.07,
0.26,-2.07,
0.26,-2.36,
0.26,-2.36,
0.26,-2.36,
0.26,-2.36,
0.26,-2.36,
0.47,-2.36,
0.47,-2.5,
0.47,-2.5,
0.47,-2.5,
0.47,-2.5,
0.47,-2.5,
0.47,-2.5,
0.47,-2.5,
0.47,-2.5,
0.47,-2.5,
0.47,-2.5,
0.47,-2.5,
0.47,-2.5,
0.37,-2.58,
0.37,-2.58,
0.37,-2.58,
0.37,-2.58,
0.37,-2.58,
0.37,-2.58,
-0.12,-2.58,
-0.12,-2.58,
-0.12,-2.62,
-0.12,-2.62,
-0.12,-2.62,
-0.12,-2.62,
-0.12,-2.62,
-0.12,-2.62,
-0.12,-2.62,
-0.12,-2.62,
-0.36,-2.66,
-0.36,-2.66,
-0.36,-2.66,
-0.36,-2.66,
-0.36,-2.66,
-0.36,-2.66,
-0.36,-2.66,
-0.36,-2.66,
-0.36,-2.66,
-0.36,-2.66,
-0.16,-2.67,
-0.16,-2.67,
-0.16,-2.67,
-0.16,-2.67,
-0.16,-2.67,
-0.16,-2.67,
-0.16,-2.67,
-0.16,-2.67,
-0.05,-2.67,
-0.05,-3.11,
-0.05,-3.11,
-0.05,-3.11,
-0.05,-3.11,
-0.05,-3.11,
-0.05,-3.11,
-0.05,-3.11,
-0.05,-3.11,
-0.05,-3.11,
-0.05,-3.11,
0.36,-3.11,
0.36,-1.53,
0.36,-1.53,
0.36,-1.53,
0.36,-1.53,
0.36,-1.53,
0.36,-1.53,
0.36,-1.53,
0.36,-1.53,
1.71,-1.53,
1.71,-0.73,
1.71,-0.73,
1.71,-0.73,
1.71,-0.73,
1.71,-0.73,
1.71,-0.73,
1.71,-0.73,
1.71,-0.73,
1.71,-0.73,
1.71,-0.73,
2.39,0.77,
2.39,0.77,
2.39,0.77,
2.39,0.77,
2.39,0.77,
2.39,0.77,
2.39,0.77,
3.34,1.52,
3.34,1.52,
3.34,1.52,
3.34,1.52,
3.34,1.52,
3.34,1.52,
3.34,1.52,
3.34,1.52,
3.34,1.52,
3.34,1.52,
3.34,1.52,
3.82,1.52,
3.82,2.7,
3.82,2.7,
3.82,2.7,
3.82,2.7,
3.82,2.7,
3.82,2.7,
3.82,2.7,
3.82,2.7,
3.82,2.7,
2.98,2.7,
2.98,0.98,
2.98,0.98,
2.98,0.98,
2.98,0.98,
2.98,0.98,
2.98,0.98,
2.98,0.98,
2.98,0.98,
2.98,0.98,
2.98,0.98,
2.58,0.13,
2.58,0.13,
2.58,0.13,
2.58,0.13,
2.58,0.13,
2.58,0.13,
2.58,0.13,
2.58,0.13,
1.3,0.13,
1.3,-5.48,
1.3,-5.48,
1.3,-5.48,
1.3,-5.48,
1.3,-5.48,
1.3,-5.48,
1.3,-5.48,
1.3,-5.48,
1.3,-5.48,
1.3,-5.48,
1.3,-5.48,
-1.08,-5.48,
-1.08,-8.25,
-1.08,-8.25,
-1.08,-8.25,
-1.08,-8.25,
-1.08,-8.25,
-1.08,-8.25,
-1.08,-8.25,
-1.08,-8.25,
-1.08,-8.25,
-2.26,-8.25,
-2.26,-8.25,
-2.26,-8.7,
-2.26,-8.7,
-2.26,-8.7,
-2.26,-8.7,
-2.26,-8.7,
-2.26,-8.7,
-2.26,-8.7,
-2.26,-8.7,
-2.83,-8.93,
-2.83,-8.93,
-2.83,-8.93,
-2.83,-8.93,
-2.83,-8.93,
-2.83,-8.93,
-2.83,-8.93,
-3.11,-8.93,
-3.11,-7.66,
-3.11,-7.66,
-3.11,-7.66,
-3.11,-7.66,
-3.11,-7.66,
-3.11,-7.66,
-3.11,-7.66,
-3.11,-7.66,
-3.11,-7.66,
-3.11,-7.66,
-2.17,-6.41,
-2.17,-6.41,
-2.17,-6.41,
-2.17,-6.41,
-2.17,-6.41,
-2.17,-6.41,
-2.17,-6.41,
-2.17,-6.41,
-0.58,-6.41,
-0.58,-5.78,
-0.58,-5.78,
-0.58,-5.78,
-0.58,-5.78,
-0.58,-5.78,
-0.58,-5.78,
-0.58,-5.78,
-0.58,-5.78,
-0.58,-5.78,
-0.58,-5.78,
0.22,-5.78,
0.22,-4.03,
0.22,-4.03,
0.22,-4.03,
0.22,-4.03,
0.22,-4.03,
0.22,-4.03,
0.22,-4.03,
0.22,-4.03,
0.22,-4.03,
1.17,-3.14,
1.17,-3.14,
1.17,-3.14,
1.17,-3.14,
1.17,-3.14,
1.17,-3.14,
1.17,-3.14,
1.17,-3.14,
1.64,-3.14,
1.64,-3.14,
1.64,-2.24,
1.64,-2.24,
1.64,-2.24,
1.64,-2.24,
1.64,-2.24,
1.64,-2.24,
1.64,-2.24,
1.64,-2.24,
2.03,-2.24,
2.03,-1.65,
2.03,-1.65,
2.03,-1.65,
2.03,-1.65,
2.03,-1.65,
2.03,-1.65,
2.03,-1.65,
2.03,-1.65,
2.03,-1.65,
2.03,-1.65,
2.23,-1.65,
2.23,-1.35,
2.23,-1.35,
2.23,-1.35,
2.23,-1.35,
2.23,-1.35,
2.23,-1.35,
2.23,-1.35,
2.28,-1.35,
2.28,-1.35,
2.28,-2.7,
2.28,-2.7,
2.28,-2.7,
2.28,-2.7,
2.28,-2.7,
2.28,-2.7,
2.28,-2.7,
2.28,-2.7,
2.0,-2.7,
2.0,-3.37,
2.0,-3.37,
2.0,-3.37,
2.0,-3.37,
2.0,-3.37,
1.86,-3.37,
1.86,-3.37,
1.86,-3.37,
1.86,-3.37,
1.86,-4.25,
1.86,-4.25,
1.86,-4.25,
1.86,-4.25,
1.86,-4.25,
1.86,-4.25,
1.86,-4.25,
1.86,-4.25,
1.86,-4.25,
1.04,-4.25,
1.04,-4.69,
1.04,-4.69,
1.04,-4.69,
1.04,-4.69,
1.04,-4.69,
1.04,-4.69,
1.04,-4.69,
0.63,-4.69,
0.63,-4.69,
0.63,-4.69,
0.63,-4.69,
0.63,-4.69,
0.63,-4.69,
0.63,-4.69,
0.63,-4.69,
0.63,-4.69,
0.63,-4.69,
0.36,-4.69,
0.36,-5.03,
0.36,-5.03,
0.36,-5.03,
0.36,-5.03,
0.36,-5.03,
0.36,-5.03,
0.36,-5.03,
0.36,-5.03,
0.36,-5.03,
0.47,-5.03,
0.47,-5.19,
0.47,-5.19,
0.47,-5.19,
0.47,-5.19,
0.47,-5.19,
0.47,-5.19,
0.47,-5.19,
0.47,-5.19,
0.47,-5.19,
0.47,-5.19,
0.52,-5.19,
0.52,-4.29,
0.52,-4.29,
0.52,-4.29,
0.52,-4.29,
0.52,-4.29,
0.52,-4.29,
0.52,-4.29,
0.74,-4.29,
0.74,-3.84,
0.74,-3.84,
0.74,-3.84,
0.74,-3.84,
0.74,-3.84,
0.74,-3.84,
0.74,-3.84,
0.74,-3.84,
0.74,-3.84,
0.85,-4.98,
0.85,-4.98,
0.85,-4.98,
0.85,-4.98,
0.85,-4.98,
0.85,-4.98,
0.85,-4.98,
1.65,-6.01,
1.65,-6.01,
1.65,-6.01,
1.65,-6.01,
1.65,-6.01,
1.65,-6.01,
1.65,-6.01,
1.65,-6.01,
1.65,-6.01,
1.65,-6.01,
1.65,-6.01,
1.65,-6.01,
2.04,-6.54,
2.04,-6.54,
2.04,-6.54,
2.04,-6.54,
2.04,-6.54,
2.04,-6.54,
2.04,-6.54,
2.04,-6.54,
1.96,-4.71,
1.96,-4.71,
1.96,-4.71,
1.96,-4.71,
1.96,-4.71,
1.96,-4.71,
1.96,-4.71,
1.96,-4.71,
1.96,-4.71,
1.96,-4.71,
3.34,-4.71,
3.34,-3.79,
3.34,-3.79,
3.34,-3.79,
3.34,-3.79,
3.34,-3.79,
3.34,-3.79,
3.34,-3.79,
3.34,-3.79,
3.34,-3.79,
4.05,-3.79,
4.05,-3.79,
4.05,-0.93,
4.05,-0.93,
4.05,-0.93,
4.05,-0.93,
4.05,-0.93,
4.05,-0.93,
5.14,-0.93,
5.14,0.52,
5.14,0.52,
5.14,0.52,
5.14,0.52,
5.14,0.52,
5.14,0.52,
5.14,0.52,
5.14,0.52,
5.14,0.52,
5.7,0.52,
5.7,0.52,
5.7,0.52,
5.7,1.73,
5.7,1.73,
5.7,1.73,
5.7,1.73,
5.7,1.73,
5.7,1.73,
5.7,1.73,
5.7,1.73,
5.7,1.73,
5.7,1.73,
5.7,1.73,
6.01,1.73,
6.01,0.12,
6.01,0.12,
6.01,0.12,
6.01,0.12,
6.01,0.12,
6.01,0.12,
6.01,0.12,
6.01,0.12,
4.73,-0.67,
4.73,-0.67,
4.73,-0.67,
4.73,-0.67,
4.73,-0.67,
4.73,-0.67,
4.73,-0.67,
4.09,-0.67,
4.09,-0.67,
4.09,-0.14,
4.09,-0.14,
4.09,-0.14,
4.09,-0.14,
4.09,-0.14,
4.09,-0.14,
2.55,-0.14,
2.55,0.12,
2.55,0.12,
2.55,0.12,
2.55,0.12,
2.55,0.12,
2.55,0.12,
2.55,0.12,
2.55,0.12,
1.79,0.12,
1.79,0.12,
1.79,-1.89,
1.79,-1.89,
1.79,-1.89,
1.79,-1.89,
1.79,-1.89,
1.79,-1.89,
1.79,-1.89,
1.79,-1.89,
-0.0,-1.89,
-0.0,-5.25,
-0.0,-5.25,
-0.0,-5.25,
-0.0,-5.25,
-0.0,-5.25,
-0.0,-5.25,
-0.0,-5.25,
-0.0,-5.25,
-0.0,-5.25,
-0.88,-6.88,
-0.88,-6.88,
-0.88,-6.88,
-0.88,-6.88,
-0.88,-6.88,
-0.88,-6.88,
-0.88,-6.88,
-0.88,-6.88,
-0.88,-6.88,
-0.88,-6.88,
-0.88,-6.88,
-2.65,-8.69,
-2.65,-8.69,
-2.65,-8.69,
-2.65,-8.69,
-2.65,-8.69,
-2.65,-8.69,
-2.65,-8.69,
-2.65,-8.69,
-2.65,-8.69,
-3.22,-9.59,
-3.22,-9.59,
-3.22,-9.59,
-3.22,-9.59,
-3.22,-9.59,
-3.22,-9.59,
-3.22,-9.59,
-3.22,-9.59,
-3.22,-9.59,
-3.51,-7.91,
-3.51,-7.91,
-3.51,-7.91,
-3.51,-7.91,
-3.51,-7.91,
-3.51,-7.91,
-3.51,-7.91,
-3.51,-7.91,
-3.51,-7.91,
-2.79,-7.06,
-2.79,-7.06,
-2.79,-7.06,
-2.79,-7.06,
-2.79,-7.06,
-2.79,-7.06,
-2.79,-7.06,
-2.79,-7.06,
-2.79,-7.06,
-2.43,-6.32,
-2.43,-6.32,
-2.43,-6.32,
-2.43,-6.32,
-2.43,-6.32,
-2.43,-6.32,
-2.43,-6.32,
-2.43,-6.32,
-2.43,-6.32,
-2.43,-6.32,
-2.43,-6.32,
-1.11,-4.64,
-1.11,-4.64,
-1.11,-4.64,
-1.11,-4.64,
-1.11,-4.64,
-1.11,-4.64,
-1.11,-4.64,
-1.11,-4.64,
-1.11,-4.64,
-1.11,-4.64,
0.81,-4.64,
0.81,-3.78,
0.81,-3.78,
0.81,-3.78,
0.81,-3.78,
0.81,-3.78,
0.81,-3.78,
1.79,-3.07,
1.79,-3.07,
1.79,-3.07,
1.79,-3.07,
1.79,-3.07,
1.79,-3.07,
1.79,-3.07,
1.79,-3.07,
1.79,-3.07,
1.79,-3.07,
1.79,-3.07,
1.79,-3.07,
2.47,-3.07,
2.47,-2.71,
2.47,-2.71,
2.47,-2.71,
2.47,-2.71,
2.47,-2.71,
2.47,-2.71,
2.81,-2.63,
2.81,-2.63,
2.81,-2.63,
2.81,-2.63,
2.81,-2.63,
2.81,-2.63,
2.81,-2.63,
2.81,-2.63,
2.81,-2.63,
2.81,-2.63,
2.46,-3.02,
2.46,-3.02,
2.46,-3.02,
2.46,-3.02,
2.46,-3.02,
2.46,-3.02,
2.46,-3.02,
2.46,-3.02,
2.46,-3.02,
2.46,-3.02,
2.46,-3.02,
2.46,-3.02,
2.28,-3.22,
2.28,-3.22,
2.28,-3.22,
2.28,-3.22,
2.28,-3.22,
2.28,-3.22,
2.28,-3.22,
1.49,-2.83,
1.49,-2.83,
1.49,-2.83,
1.49,-2.83,
1.49,-2.83,
1.49,-2.83,
1.49,-2.83,
1.49,-2.83,
1.49,-2.83,
0.87,-2.64,
0.87,-2.64,
0.87,-2.64,
0.87,-2.64,
0.87,-2.64,
0.87,-2.64,
0.87,-2.64,
0.87,-2.64,
0.87,-2.64,
0.56,-2.6,
0.56,-2.6,
0.56,-2.6,
0.56,-2.6,
0.56,-2.6,
0.56,-2.6,
0.56,-2.6,
0.56,-2.6,
0.56,-2.6,
0.09,-2.96,
0.09,-2.96,
0.09,-2.96,
0.09,-2.96,
0.09,-2.96,
0.09,-2.96,
0.09,-2.96,
0.09,-2.96,
-0.15,-3.14,
-0.15,-3.14,
-0.15,-3.14,
-0.15,-3.14,
-0.15,-3.14,
-0.15,-3.14,
-0.15,-3.14,
-0.15,-3.14,
-0.15,-3.14,
-0.15,-3.14,
-0.15,-3.14,
0.4,-2.21,
0.4,-2.21,
0.4,-2.21,
0.4,-2.21,
0.4,-2.21,
0.4,-2.21,
0.4,-2.21,
0.4,-2.21,
0.4,-2.21,
1.44,-1.74,
1.44,-1.74,
1.44,-1.74,
1.44,-1.74,
1.44,-1.74,
1.44,-1.74,
1.44,-1.74,
1.96,-1.72,
1.96,-1.72,
1.96,-1.72,
1.96,-1.72,
1.96,-1.72,
1.96,-1.72,
1.96,-1.72,
1.96,-1.72,
1.96,-1.72,
1.96,-1.72,
1.96,-1.72,
2.38,-1.71,
2.38,-1.71,
2.38,-1.71,
2.38,-1.71,
2.38,-1.71,
2.38,-1.71,
2.38,-1.71,
2.38,-1.71,
2.58,-1.41,
2.58,-1.41,
2.58,-1.41,
2.58,-1.41,
2.58,-1.41,
2.58,-1.41,
2.58,-1.41,
2.58,-1.41,
2.58,-1.41,
2.58,-1.41,
2.58,-1.41,
1.89,-4.08,
1.89,-4.08,
1.89,-4.08,
1.89,-4.08,
1.89,-4.08,
1.89,-4.08,
1.89,-4.08,
1.55,-5.38,
1.55,-5.38,
1.55,-5.38,
1.55,-5.38,
1.55,-5.38,
1.55,-5.38,
1.55,-5.38,
1.55,-5.38,
1.55,-5.38,
1.55,-5.38,
0.46,-6.58,
0.46,-6.58,
0.46,-6.58,
0.46,-6.58,
0.46,-6.58,
0.46,-6.58,
0.46,-6.58,
0.46,-6.58,
0.46,-6.58,
-0.26,-7.18,
-0.26,-7.18,
-0.26,-7.18,
-0.26,-7.18,
-0.26,-7.18,
-0.26,-7.18,
-0.26,-7.18,
-0.26,-7.18,
-0.26,-7.18,
-0.26,-7.18,
-0.26,-7.18,
-0.26,-7.18,
-0.26,-7.18,
-0.62,-7.34,
-0.62,-7.34,
-0.62,-7.34,
-0.62,-7.34,
-0.62,-7.34,
-0.62,-7.34,
-0.62,-7.34,
-0.72,-6.14,
-0.72,-6.14,
-0.72,-6.14,
-0.72,-6.14,
-0.72,-6.14,
-0.72,-6.14,
-0.72,-6.14,
-0.72,-6.14,
-0.72,-6.14,
-0.72,-6.14,
-0.78,-5.53,
-0.78,-5.53,
-0.78,-5.53,
-0.78,-5.53,
-0.78,-5.53,
-0.78,-5.53,
-0.78,-5.53,
-0.78,-5.53,
-0.78,-5.53,
-0.78,-5.53,
-0.0,-3.09,
-0.0,-3.09,
-0.0,-3.09,
-0.0,-3.09,
-0.0,-3.09,
-0.0,-3.09,
-0.0,-3.09,
2.2,-1.84,
2.2,-1.84,
2.2,-1.84,
2.2,-1.84,
2.2,-1.84,
2.2,-1.84,
2.2,-1.84,
2.2,-1.84,
2.2,-1.84,
2.2,-1.84,
3.33,1.17,
3.33,1.17,
3.33,1.17,
3.33,1.17,
3.33,1.17,
3.33,1.17,
3.33,1.17,
3.33,1.17,
3.33,1.17,
4.66,2.69,
4.66,2.69,
4.66,2.69,
4.66,2.69,
4.66,2.69,
4.66,2.69,
4.66,2.69,
4.66,2.69,
4.66,2.69,
5.34,3.74,
5.34,3.74,
5.34,3.74,
5.34,3.74,
5.34,3.74,
5.34,3.74,
5.34,3.74,
5.34,3.74,
5.34,3.74,
5.34,3.74,
4.43,2.18,
4.43,2.18,
4.43,2.18,
4.43,2.18,
4.43,2.18,
4.43,2.18,
4.43,2.18,
4.43,2.18,
4.43,2.18,
4.43,2.18,
3.97,1.4,
3.97,1.4,
3.97,1.4,
3.97,1.4,
3.97,1.4,
3.97,1.4,
3.97,1.4,
3.97,1.4,
3.97,1.4,
3.0,-0.71,
3.0,-0.71,
3.0,-0.71,
3.0,-0.71,
3.0,-0.71,
3.0,-0.71,
3.0,-0.71,
3.0,-0.71,
3.0,-0.71,
1.83,-1.75,
1.83,-1.75,
1.83,-1.75,
1.83,-1.75,
1.83,-1.75,
1.83,-1.75,
1.83,-1.75,
1.83,-1.75,
1.83,-1.75,
1.83,-1.75,
1.26,-3.69,
1.26,-3.69,
1.26,-3.69,
1.26,-3.69,
1.26,-3.69,
1.26,-3.69,
1.26,-3.69,
1.26,-3.69,
0.16,-5.02,
0.16,-5.02,
0.16,-5.02,
0.16,-5.02,
0.16,-5.02,
0.16,-5.02,
0.16,-5.02,
0.16,-5.02,
0.16,-5.02,
0.16,-5.02,
0.16,-5.02,
-0.39,-5.67,
-0.39,-5.67,
-0.39,-5.67,
-0.39,-5.67,
-0.39,-5.67,
-0.39,-5.67,
-0.39,-5.67,
-0.39,-5.67,
-0.39,-5.67,
-0.39,-5.67,
-0.83,-6.44,
-0.83,-6.44,
-0.83,-6.44,
-0.83,-6.44,
-0.83,-6.44,
-0.83,-6.44,
-0.83,-6.44,
-0.83,-6.44,
-0.83,-6.44,
-0.83,-6.44,
-0.84,-6.82,
-0.84,-6.82,
-0.84,-6.82,
-0.84,-6.82,
-0.84,-6.79,
-0.84,-6.79,
-0.84,-6.79,
-0.84,-6.79,
-0.84,-6.79,
-0.84,-6.79,
-0.84,-6.79,
-0.84,-6.79,
-0.84,-6.79,
-2.2,-6.77,
-2.2,-6.77,
-2.2,-6.77,
-2.2,-6.77,
-2.2,-6.77,
-2.2,-6.77,
-2.2,-6.77,
-2.2,-6.77,
-2.2,-6.77,
-2.86,-6.57,
-2.86,-6.57,
-2.86,-6.57,
-2.86,-6.57,
-2.86,-6.57,
-2.86,-6.57,
-2.86,-6.57,
-2.86,-6.57,
-2.86,-6.57,
-2.86,-6.57,
-5.37,-9.34,
-5.37,-9.34,
-5.37,-9.34,
-5.37,-9.34,
-5.37,-9.34,
-5.37,-9.34,
-5.37,-9.34,
-5.37,-9.34,
-6.52,-10.61,
-6.52,-10.61,
-6.52,-10.61,
-6.52,-10.61,
-7.72,-13.77,
-7.72,-13.77,
-7.72,-13.77,
-7.72,-13.77,
-7.72,-13.77,
-7.72,-13.77,
-7.72,-13.77,
-7.72,-13.77,
-8.74,-15.37,
-8.74,-15.37,
-8.74,-15.37,
-8.74,-15.37,
-8.74,-15.37,
-8.74,-15.37,
-8.74,-15.37,
-8.74,-15.37,
-8.74,-15.37,
-8.74,-15.37,
-8.74,-15.37,
-9.25,-16.27,
-9.25,-16.27,
-9.25,-16.27,
-9.25,-16.27,
-9.25,-16.27,
-9.25,-16.27,
-8.5,-13.17,
-8.5,-13.17,
-8.5,-13.17,
-8.5,-13.17,
-8.5,-13.17,
-8.5,-13.17,
-8.5,-13.17,
-8.5,-13.17,
-8.5,-13.17,
-8.5,-13.17,
-8.5,-13.17,
-8.5,-13.17,
-8.11,-11.54,
-8.11,-11.54,
-8.11,-11.54,
-8.11,-11.54,
-8.11,-11.54,
-8.11,-11.54,
-8.11,-11.54,
-8.11,-11.54,
-8.11,-11.54,
-8.11,-11.54,
-6.99,-11.21,
-6.99,-11.21,
-6.99,-11.21,
-6.99,-11.21,
-6.99,-11.21,
-6.99,-11.21,
-6.99,-11.21,
-4.79,-11.04,
-4.79,-11.04,
-4.79,-11.04,
-4.79,-11.04,
-4.79,-11.04,
-4.79,-11.04,
-4.79,-11.04,
-4.79,-11.04,
-4.79,-11.04,
-4.79,-11.04,
-4.79,-11.04,
-4.79,-11.04,
-4.79,-11.04,
-3.66,-10.9,
-3.66,-10.9,
-3.66,-10.9,
-3.66,-10.9,
-3.66,-10.9,
-3.66,-10.9,
-3.66,-10.9,
-3.66,-10.9,
-3.66,-10.9,
-3.66,-10.9,
-3.66,-10.9,
-3.66,-10.9,
-3.66,-10.9,
-3.66,-10.9,
-1.78,-10.83,
-1.78,-10.83,
-1.78,-10.83,
-1.78,-10.83,
-1.78,-10.83,
-1.78,-10.83,
-1.78,-10.83,
-0.84,-8.08,
-0.84,-8.08,
-0.84,-8.08,
-0.84,-8.08,
-0.84,-8.08,
1.12,-4.33,
1.12,-4.33,
1.12,-4.33,
1.12,-4.33,
1.12,-4.33,
1.12,-4.33,
2.11,-2.48,
2.11,-2.48,
2.11,-2.48,
2.11,-2.48,
2.11,-2.48,
2.11,-2.48,
2.11,-2.48,
2.11,-2.48,
2.11,-2.48,
2.11,-2.48,
2.11,-2.48,
2.11,-2.48,
3.76,-0.34,
3.76,-0.34,
3.76,-0.34,
3.76,-0.34,
3.76,-0.34,
3.76,-0.34,
3.76,-0.34,
5.77,0.72,
5.77,0.72,
5.77,0.72,
5.77,0.72,
5.77,0.72,
5.77,0.72,
5.77,0.72,
5.77,0.72,
5.77,0.72,
5.77,0.72,
5.77,0.72,
6.81,0.71,
6.81,0.71,
6.81,0.71,
6.81,0.71,
6.81,0.71,
6.81,0.71,
6.81,0.71,
6.81,0.71,
9.21,2.7,
9.21,2.7,
9.21,2.7,
9.21,2.7,
9.21,2.7,
9.21,2.7,
9.21,2.7,
9.21,2.7,
9.21,2.7,
9.21,2.7,
9.21,2.7,
10.44,3.74,
10.44,3.74,
10.44,3.74,
10.44,3.74,
10.44,3.74,
10.44,3.74,
10.44,3.74,
10.44,3.74,
11.01,3.78,
11.01,3.78,
11.01,3.78,
11.01,3.78,
11.01,3.78,
11.01,3.78,
11.01,3.78,
11.01,3.78,
11.01,3.78,
9.61,3.8,
9.61,3.8,
9.61,3.8,
9.61,3.8,
9.61,3.8,
9.61,3.8,
9.61,3.8,
9.61,3.8,
9.61,3.8,
9.61,3.8,
8.9,3.86,
8.9,3.86,
8.9,3.86,
8.9,3.86,
8.9,3.86,
8.9,3.86,
8.9,3.86,
5.24,3.9,
5.24,3.9,
5.24,3.9,
5.24,3.9,
5.24,3.9,
5.24,3.9,
5.24,3.9,
5.24,3.9,
5.24,3.9,
3.4,0.29,
3.4,0.29,
3.4,0.29,
3.4,0.29,
3.4,0.29,
3.4,0.29,
3.4,0.29,
3.4,0.29,
3.4,0.29,
3.4,0.29,
-0.65,-9.47,
-0.65,-9.47,
-0.65,-9.47,
-0.65,-9.47,
-0.65,-9.47,
-0.65,-9.47,
-0.65,-9.47,
-0.65,-9.47,
-0.65,-9.47,
-0.65,-9.47,
-0.65,-9.47,
-0.65,-9.47,
-2.66,-13.94,
-2.66,-13.94,
-2.66,-13.94,
-2.66,-13.94,
-2.66,-13.94,
-2.66,-13.94,
-2.66,-13.94,
-2.66,-13.94,
-2.66,-13.94,
-2.66,-13.94,
-2.66,-13.94,
-4.38,-23.63,
-4.38,-23.63,
-4.38,-23.63,
-4.38,-23.63,
-4.38,-23.63,
-4.38,-23.63,
-4.38,-23.63,
-4.38,-23.63,
-4.38,-23.63,
-5.45,-27.81,
-5.45,-27.81,
-5.45,-27.81,
-5.45,-27.81,
-5.45,-27.81,
-5.45,-27.81,
-5.45,-27.81,
-5.45,-27.81,
-5.94,-27.91,
-5.94,-27.91,
-5.94,-27.91,
-5.94,-27.91,
-5.94,-27.91,
-5.94,-27.91,
-5.94,-27.91,
-5.94,-27.91,
-5.94,-27.91,
-7.5,-25.28,
-7.5,-25.28,
-7.5,-25.28,
-7.5,-25.28,
-7.5,-25.28,
-7.5,-25.28,
-7.5,-25.28,
-8.26,-23.48,
-8.26,-23.48,
-8.26,-23.48,
-8.26,-23.48,
-8.26,-23.48,
-8.26,-23.48,
-8.26,-23.48,
-8.26,-23.48,
-8.26,-23.48,
-8.26,-23.48,
-8.26,-23.48,
-8.26,-23.48,
-8.26,-23.48,
-8.26,-23.48,
-8.23,-26.61,
-8.23,-26.61,
-8.23,-26.61,
-8.23,-26.61,
-8.23,-26.61,
-8.23,-26.61,
-8.23,-26.61,
-8.23,-26.61,
-7.15,-28.15,
-7.15,-28.15,
-7.15,-28.15,
-7.15,-28.15,
-7.15,-28.15,
-7.15,-28.15,
-7.15,-28.15,
-6.6,-28.25,
-6.6,-28.25,
-6.6,-28.25,
-6.6,-28.25,
-6.6,-28.25,
-6.6,-28.25,
-6.6,-28.25,
-6.6,-28.25,
-6.6,-28.25,
-5.3,-28.3,
-5.3,-28.3,
-5.3,-28.3,
-5.3,-28.3,
-5.3,-28.3,
-5.3,-28.3,
-5.3,-28.3,
-5.3,-28.3,
-5.3,-28.3,
-5.3,-28.3,
-4.64,-28.52,
-4.64,-28.52,
-4.64,-28.52,
-4.64,-28.52,
-4.64,-28.52,
-4.64,-28.52,
-4.64,-28.52,
-4.64,-28.52,
-4.64,-28.52,
-4.64,-28.52,
-3.45,-28.69,
-3.45,-28.69,
-3.45,-28.69,
-3.45,-28.69,
-3.45,-28.69,
-3.45,-28.69,
-3.45,-28.69,
-3.45,-28.69,
-3.45,-28.69,
-2.83,-28.76,
-2.83,-28.76,
-2.83,-28.76,
-2.83,-28.76,
-2.83,-28.76,
-2.83,-28.76,
-2.23,-29.77,
-2.23,-29.77,
-2.23,-29.77,
-2.23,-29.77,
-2.23,-29.77,
-2.23,-29.77,
-2.23,-29.77,
-2.23,-29.77,
-2.23,-29.77,
-2.23,-29.77,
-2.23,-29.77,
-1.59,-30.23,
-1.59,-30.23,
-1.59,-30.23,
-1.59,-30.23,
-1.59,-30.23,
-1.59,-30.23,
-1.59,-30.23,
-1.59,-30.23,
-1.59,-30.23,
-1.59,-30.23,
-1.26,-27.71,
-1.26,-27.71,
-1.26,-27.71,
-1.26,-27.71,
-1.26,-27.71,
-1.26,-27.71,
-1.26,-27.71,
-1.26,-27.71,
-1.26,-27.71,
-1.26,-27.71,
-0.11,-24.33,
-0.11,-24.33,
-0.11,-24.33,
-0.11,-24.33,
-0.11,-24.33,
-0.11,-24.33,
-0.11,-24.33,
0.46,-22.66,
0.46,-22.66,
0.46,-22.66,
0.46,-22.66,
0.46,-22.66,
0.46,-22.66,
0.46,-22.66,
0.46,-22.66,
0.46,-22.66,
0.46,-22.66,
0.46,-22.66,
1.16,-21.99,
1.16,-21.99,
1.16,-21.99,
1.16,-21.99,
1.16,-21.99,
1.16,-21.99,
1.16,-21.99,
1.16,-21.99,
1.16,-21.99,
2.07,-21.67,
2.07,-21.67,
2.07,-21.67,
2.07,-21.67,
2.07,-21.67,
2.07,-21.67,
2.07,-21.67,
2.07,-21.67,
2.07,-21.67,
2.53,-22.34,
2.53,-22.34,
2.53,-22.34,
2.53,-22.34,
2.53,-22.34,
2.53,-22.34,
2.53,-22.34,
3.77,-22.67,
3.77,-22.67,
3.77,-22.67,
3.77,-22.67,
3.77,-22.67,
3.77,-22.67,
3.77,-22.67,
3.77,-22.67,
3.77,-22.67,
3.77,-22.67,
3.77,-22.67,
4.4,-22.0,
4.4,-22.0,
4.4,-22.0,
4.4,-22.0,
4.4,-22.0,
4.4,-22.0,
4.4,-22.0,
4.4,-22.0,
4.4,-22.0,
6.02,-20.93,
6.02,-20.93,
6.02,-20.93,
6.02,-20.93,
6.02,-20.93,
6.02,-20.93,
6.02,-20.93,
6.02,-20.93,
6.02,-20.93,
6.02,-20.93,
6.02,-20.93,
6.82,-20.41,
6.82,-20.41,
6.82,-20.41,
6.82,-20.41,
6.82,-20.41,
6.82,-20.41,
6.82,-20.41,
6.82,-20.41,
7.2,-19.06,
7.2,-19.06,
7.2,-19.06,
7.2,-19.06,
7.2,-19.06,
7.2,-19.06,
7.2,-19.06,
7.2,-19.06,
7.2,-19.06,
7.2,-19.06,
7.2,-19.06,
7.72,-18.39,
7.72,-18.39,
7.72,-18.39,
7.72,-18.39,
7.72,-18.39,
7.72,-18.39,
7.72,-18.39,
7.72,-18.39,
7.72,-18.39,
7.98,-16.9,
7.98,-16.9,
7.98,-16.9,
7.98,-16.9,
7.98,-16.9,
7.98,-16.9,
7.98,-16.9,
7.98,-16.9,
7.98,-16.9,
7.98,-16.9,
7.82,-17.86,
7.82,-17.86,
7.82,-17.86,
7.82,-17.86,
7.82,-17.86,
7.82,-17.86,
7.82,-17.86,
7.82,-17.86,
7.74,-18.33,
7.74,-18.33,
7.74,-18.33,
7.74,-18.33,
7.74,-18.33,
7.74,-18.33,
7.74,-18.33,
7.74,-18.33,
7.74,-18.33,
7.74,-18.33,
6.85,-20.49,
6.85,-20.49,
6.85,-20.49,
6.85,-20.49,
6.85,-20.49,
6.85,-20.49,
6.85,-20.49,
6.85,-20.49,
6.85,-20.49,
5.97,-21.53,
5.97,-21.53,
5.97,-21.53,
5.97,-21.53,
5.97,-21.53,
5.97,-21.53,
5.97,-21.53,
5.97,-21.53,
5.53,-21.13,
5.53,-21.13,
5.53,-21.13,
5.53,-21.13,
5.53,-21.13,
5.53,-21.13,
5.53,-21.13,
5.53,-21.13,
5.53,-21.13,
5.53,-21.13,
5.53,-21.13,
5.53,-21.13,
4.54,-20.92,
4.54,-20.92,
4.54,-20.92,
4.54,-20.92,
4.54,-20.92,
4.54,-20.92,
4.54,-20.92,
4.54,-20.92,
4.54,-20.92,
4.54,-20.92,
4.04,-19.39,
4.04,-19.39,
4.04,-19.39,
4.04,-19.39,
4.04,-19.39,
4.04,-19.39,
4.04,-19.39,
4.04,-19.39,
4.04,-19.39,
3.31,-15.78,
3.31,-15.78,
3.31,-15.78,
3.31,-15.78,
3.31,-15.78,
3.31,-15.78,
3.31,-15.78,
3.31,-15.78,
3.31,-15.78,
2.93,-13.9,
2.93,-13.9,
2.93,-13.9,
2.93,-13.9,
2.93,-13.9,
2.93,-13.9,
2.93,-13.9,
2.93,-13.9,
2.93,-13.9,
4.37,-9.99,
4.37,-9.99,
4.37,-9.99,
4.37,-9.99,
4.37,-9.99,
4.37,-9.99,
4.37,-9.99,
4.37,-9.99,
7.33,-8.01,
7.33,-8.01,
7.33,-8.01,
7.33,-8.01,
7.33,-8.01,
7.33,-8.01,
7.33,-8.01,
7.33,-8.01,
7.33,-8.01,
7.33,-8.01,
7.33,-8.01,
7.33,-8.01,
8.79,-6.92,
8.79,-6.92,
8.79,-6.92,
8.79,-6.92,
8.79,-6.92,
8.79,-6.92,
8.79,-6.92,
8.79,-6.92,
8.79,-6.92,
8.79,-6.92,
10.13,-8.42,
10.13,-8.42,
10.13,-8.42,
10.13,-8.42,
10.13,-8.42,
10.13,-8.42,
10.13,-8.42,
10.13,-8.42,
10.78,-9.15,
10.78,-9.15,
10.78,-9.15,
10.78,-9.15,
10.78,-9.15,
10.78,-9.15,
10.78,-9.15,
10.78,-9.15,
10.78,-9.15,
11.3,-8.34,
11.3,-8.34,
11.3,-8.34,
11.3,-8.34,
11.3,-8.34,
11.3,-8.34,
11.3,-8.34,
11.3,-8.34,
11.3,-8.34,
11.3,-8.34,
11.3,-8.34,
11.3,-8.34,
11.1,-7.95,
11.1,-7.95,
11.1,-7.95,
11.1,-7.95,
11.1,-7.95,
11.1,-7.95,
11.1,-7.95,
11.1,-7.95,
11.0,-7.65,
11.0,-7.65,
11.0,-7.65,
11.0,-7.65,
11.0,-7.65,
11.0,-7.65,
11.0,-7.65,
11.0,-7.65,
9.86,-5.19,
9.86,-5.19,
9.86,-5.19,
9.86,-5.19,
9.86,-5.19,
9.86,-5.19,
9.86,-5.19,
9.86,-5.19,
9.27,-3.92,
9.27,-3.92,
9.27,-3.92,
9.27,-3.92,
9.27,-3.92,
9.27,-3.92,
9.27,-3.92,
9.27,-3.92,
9.0,-0.55,
9.0,-0.55,
9.0,-0.55,
9.0,-0.55,
9.0,-0.55,
9.0,-0.55,
9.0,-0.55,
9.0,-0.55,
9.0,-0.55,
9.0,-0.55,
9.0,-0.55,
8.86,1.19,
8.86,1.19,
8.86,1.19,
8.86,1.19,
8.86,1.19,
8.86,1.19,
8.86,1.19,
8.86,1.19,
9.05,1.83,
9.05,1.83,
9.05,1.83,
9.05,1.83,
9.05,1.83,
9.05,1.83,
9.05,1.83,
9.05,1.83,
9.05,1.83,
9.05,1.83,
10.97,2.15,
10.97,2.15,
10.97,2.15,
10.97,2.15,
10.97,2.15,
10.97,2.15,
10.97,2.15,
10.97,2.15,
10.97,2.15,
11.9,1.62,
11.9,1.62,
11.9,1.62,
11.9,1.62,
11.9,1.62,
11.9,1.62,
11.9,1.62,
11.9,1.62,
11.9,1.62,
11.9,1.62,
13.72,6.19,
13.72,6.19,
13.72,6.19,
13.72,6.19,
13.72,6.19,
13.72,6.19,
13.72,6.19,
13.72,6.19,
13.72,6.19,
13.72,6.19,
13.72,6.19,
13.72,6.19,
13.72,6.19,
14.65,8.5,
14.65,8.5,
14.65,8.5,
14.65,8.5,
14.65,8.5,
14.65,8.5,
14.65,8.5,
15.52,10.5,
15.52,10.5,
15.52,10.5,
15.52,10.5,
15.52,10.5,
15.52,10.5,
15.52,10.5,
15.52,10.5,
15.52,10.5,
15.52,10.5,
17.13,11.48,
17.13,11.48,
17.13,11.48,
17.13,11.48,
17.13,11.48,
17.13,11.48,
17.13,11.48,
17.13,11.48,
17.13,11.48,
17.93,12.52,
17.93,12.52,
17.93,12.52,
17.93,12.52,
17.93,12.52,
17.93,12.52,
17.93,12.52,
18.92,15.5,
18.92,15.5,
18.92,15.5,
18.92,15.5,
18.92,15.5,
18.92,15.5,
18.92,15.5,
18.92,15.5,
18.92,15.5,
18.92,15.5,
19.41,17.01,
19.41,17.01,
19.41,17.01,
19.41,17.01,
19.41,17.01,
19.41,17.01,
19.41,17.01,
19.41,17.01,
19.41,17.01,
19.41,17.01,
18.92,19.58,
18.92,19.58,
18.92,19.58,
18.92,19.58,
18.92,19.58,
18.92,19.58,
18.92,19.58,
18.92,19.58,
18.92,19.58,
18.92,19.58,
18.92,19.58,
18.49,20.86,
18.49,20.86,
18.49,20.86,
18.49,20.86,
18.49,20.86,
18.49,20.86,
18.49,20.86,
18.49,20.86,
18.49,20.86,
18.49,20.86,
18.28,20.01,
18.28,20.01,
18.28,20.01,
18.28,20.01,
18.28,20.01,
18.28,20.01,
18.28,20.01,
18.28,20.01,
18.28,20.01,
16.69,19.6,
16.69,19.6,
16.69,19.6,
16.69,19.6,
16.69,19.6,
16.69,19.6,
16.69,19.6,
16.69,19.6,
16.69,19.6,
15.94,20.9,
15.94,20.9,
15.94,20.9,
15.94,20.9,
15.94,20.9,
15.94,20.9,
15.94,20.9,
15.94,20.9,
15.94,20.9,
15.94,20.9,
15.68,24.55,
15.68,24.55,
15.68,24.55,
15.68,24.55,
15.68,24.55,
15.68,24.55,
15.68,24.55,
15.68,24.55,
15.68,24.55,
15.56,26.29,
15.56,26.29,
15.56,26.29,
15.56,26.29,
15.56,26.29,
15.56,26.29,
15.56,26.29,
15.56,26.29,
19.12,22.34,
19.12,22.34,
19.12,22.34,
19.12,22.34,
19.12,22.34,
19.12,22.34,
19.12,22.34,
19.12,22.34,
19.12,22.34,
19.12,22.34,
19.78,20.27,
19.78,20.27,
19.78,20.27,
19.78,20.27,
19.78,20.27,
19.78,20.27,
19.78,20.27,
19.78,20.27,
19.78,20.27,
20.11,17.24,
20.11,17.24,
20.11,17.24,
20.11,17.24,
20.11,17.24,
20.11,17.24,
20.11,17.24,
20.11,17.24,
20.11,17.24,
20.11,17.24,
20.11,17.24,
20.11,17.24,
20.11,17.24,
20.11,17.24,
14.96,14.06,
14.96,14.06,
14.96,14.06,
14.96,14.06,
14.96,14.06,
14.96,14.06,
14.96,14.06,
14.96,14.06,
14.96,14.06,
12.26,12.4,
12.26,12.4,
12.26,12.4,
12.26,12.4,
12.26,12.4,
12.26,12.4,
12.26,12.4,
10.49,9.74,
10.49,9.74,
10.49,9.74,
10.49,9.74,
10.49,9.74,
10.49,9.74,
10.49,9.74,
10.49,9.74,
10.41,8.36,
10.41,8.36,
10.41,8.36,
10.41,8.36,
10.41,8.36,
10.41,8.36,
10.37,7.94,
10.37,7.94,
10.37,7.94,
10.37,7.94,
10.37,7.94,
10.37,7.94,
10.37,7.94,
10.37,7.94,
10.37,7.94,
10.37,7.94,
10.37,7.94,
9.16,7.73,
9.16,7.73,
9.16,7.73,
9.16,7.73,
9.16,7.73,
9.16,7.73,
9.16,7.73,
9.16,7.73,
9.16,7.73,
9.16,7.73,
9.16,7.73,
8.56,3.85,
8.56,3.85,
8.56,3.85,
8.56,3.85,
8.56,3.85,
8.56,3.85,
8.56,3.85,
8.56,3.85,
8.56,3.85,
8.56,3.85,
7.84,4.19,
7.84,4.19,
7.84,4.19,
7.84,4.19,
7.84,4.19,
7.84,4.19,
7.84,4.19,
7.48,4.35,
7.48,4.35,
7.48,4.35,
7.48,4.35,
7.48,4.35,
7.48,4.35,
7.48,4.35,
7.48,4.35,
7.48,4.35,
7.48,4.35,
7.48,4.35,
7.48,4.35,
7.56,7.6,
7.56,7.6,
7.56,7.6,
7.56,7.6,
7.56,7.6,
7.56,7.6,
7.56,7.6,
7.56,7.6,
7.56,7.6,
7.56,7.6,
7.56,7.6,
7.56,7.6,
7.88,9.24,
7.88,9.24,
7.88,9.24,
7.88,9.24,
7.88,9.24,
7.88,9.24,
7.88,9.24,
7.88,9.24,
8.05,8.34,
8.05,8.34,
8.05,8.34,
8.05,8.34,
8.05,8.34,
8.05,8.34,
8.05,8.34,
8.05,8.34,
8.05,8.34,
8.05,8.34,
8.05,8.34,
8.05,8.34,
6.35,4.9,
6.35,4.9,
6.35,4.9,
6.35,4.9,
5.5,3.17,
5.5,3.17,
5.5,3.17,
5.5,3.17,
5.5,3.17,
5.5,3.17,
5.5,3.17,
5.5,3.17,
5.5,3.17,
5.5,3.17,
5.5,3.17,
3.23,3.39,
3.23,3.39,
3.23,3.39,
3.23,3.39,
3.23,3.39,
3.23,3.39,
3.23,3.39,
3.23,3.39,
3.23,3.39,
3.23,3.39,
2.83,3.49,
2.83,3.49,
2.83,3.49,
2.83,3.49,
2.83,3.49,
2.83,3.49,
2.83,3.49,
2.83,3.49,
2.83,3.49,
2.83,3.49,
2.83,3.49,
2.64,5.3,
2.64,5.3,
2.64,5.3,
2.64,5.3,
2.64,5.3,
2.64,5.3,
2.64,5.3,
2.64,5.3,
2.64,5.3,
2.64,5.3,
4.23,6.2,
4.23,6.2,
4.23,6.2,
4.23,6.2,
4.23,6.2,
4.23,6.2,
4.23,6.2,
4.23,6.2,
4.23,6.2,
5.02,6.06,
5.02,6.06,
5.02,6.06,
5.02,6.06,
5.02,6.06,
5.02,6.06,
5.02,6.06,
5.02,6.06,
5.02,6.06,
5.02,6.06,
6.52,6.01,
6.52,6.01,
6.52,6.01,
6.52,6.01,
6.52,6.01,
6.52,6.01,
6.52,6.01,
6.52,6.01,
6.52,6.01,
6.52,6.01,
6.52,6.01,
6.52,6.01,
7.27,5.99,
7.27,5.99,
7.27,5.99,
7.27,5.99,
7.27,5.99,
7.27,5.99,
7.27,5.99,
7.27,5.99,
6.48,5.87,
6.48,5.87,
6.48,5.87,
6.48,5.87,
6.48,5.87,
6.48,5.87,
6.48,5.87,
6.48,5.87,
5.33,5.81,
5.33,5.81,
5.33,5.81,
5.33,5.81,
5.33,5.81,
5.33,5.81,
5.33,5.81,
5.33,5.81,
5.33,5.81,
5.33,5.81,
4.75,6.38,
4.75,6.38,
4.75,6.38,
4.75,6.38,
4.75,6.38,
4.75,6.38,
4.75,6.38,
5.0,7.87,
5.0,7.87,
5.0,7.87,
5.0,7.87,
5.0,7.87,
5.0,7.87,
5.0,7.87,
5.0,7.87,
5.0,7.87,
5.0,7.87,
5.0,7.87,
5.12,8.62,
5.12,8.62,
5.12,8.62,
5.12,8.62,
5.12,8.62,
5.12,8.62,
5.12,8.62,
5.12,8.62,
5.12,8.62,
3.76,6.77,
3.76,6.77,
3.76,6.77,
3.76,6.77,
3.76,6.77,
3.76,6.77,
3.76,6.77,
3.76,6.77,
3.76,6.77,
3.76,6.77,
3.76,6.77,
3.76,6.77,
1.06,5.87,
1.06,5.87,
1.06,5.87,
1.06,5.87,
1.06,5.87,
1.06,5.87,
1.06,5.87,
1.06,5.87,
1.06,5.87,
1.06,5.87,
1.06,5.87,
1.06,5.87,
1.06,5.87,
1.06,5.87,
-0.25,1.3,
-0.25,1.3,
-0.25,1.3,
-0.25,1.3,
-0.25,1.3,
-0.25,1.3,
-0.25,1.3,
-0.25,1.3,
-0.25,1.3,
-1.93,-0.93,
-1.93,-0.93,
-1.93,-0.93,
-1.93,-0.93,
-1.93,-0.93,
-1.93,-0.93,
-1.93,-0.93,
-1.93,-0.93,
-1.93,-0.93,
-2.75,-3.04,
-2.75,-3.04,
-2.75,-3.04,
-2.75,-3.04,
-2.74,-3.4,
-2.74,-3.4,
-2.74,-3.4,
-2.74,-3.4,
-2.74,-3.4,
-2.74,-3.4,
-2.74,-3.4,
-2.74,-3.4,
-2.74,-3.4,
-2.74,-3.4,
-2.73,-3.58,
-2.73,-3.58,
-2.73,-3.58,
-2.73,-3.58,
-2.73,-3.58,
-2.73,-3.58,
-2.73,-3.58,
-2.73,-3.58,
-2.73,-3.58,
-2.73,-3.58,
-2.09,-2.52,
-2.09,-2.52,
-2.09,-2.52,
-2.09,-2.52,
-2.09,-2.52,
-2.09,-2.52,
-2.09,-2.52,
-2.09,-2.52,
-2.09,-2.52,
-0.83,-1.99,
-0.83,-1.99,
-0.83,-1.99,
-0.83,-1.99,
-0.83,-1.99,
-0.83,-1.99,
-0.83,-1.99,
-0.83,-1.99,
-0.83,-1.99,
-0.19,-0.07,
-0.19,-0.07,
-0.19,-0.07,
-0.19,-0.07,
-0.19,-0.07,
-0.19,-0.07,
-0.19,-0.07,
-0.19,-0.07,
-0.19,-0.07,
-0.19,-0.07,
-0.19,-0.07,
-0.19,1.59,
1.0,1.59,
1.0,1.59,
1.0,1.59,
1.0,1.59,
1.0,1.59,
1.0,1.59,
1.0,2.43,
1.59,2.43,
1.59,2.43,
1.59,2.43,
1.59,2.43,
1.59,2.43,
1.59,2.43,
1.59,2.43,
1.59,2.43,
1.59,2.43,
1.59,2.43,
1.59,2.43,
2.52,3.97,
2.52,3.97,
2.52,3.97,
2.52,3.97,
2.52,3.97,
2.52,3.97,
2.52,3.97,
2.52,3.97,
3.17,4.74,
3.17,4.74,
3.17,4.74,
3.17,4.74,
3.17,4.74,
3.17,4.74,
3.17,4.74,
3.17,4.74,
3.5,4.18,
3.5,4.18,
3.5,4.18,
3.5,4.18,
3.5,4.18,
3.5,4.18,
3.5,4.18,
3.5,4.18,
3.5,4.18,
3.5,4.18,
3.5,4.18,
3.5,3.89,
3.5,3.89,
3.5,3.89,
3.5,3.89,
3.5,3.89,
3.5,3.89,
3.5,3.89,
3.5,3.89,
3.5,3.89,
3.5,3.89,
3.51,4.39,
3.51,4.39,
3.51,4.39,
3.51,4.39,
3.51,4.39,
3.51,4.39,
3.51,4.39,
3.51,4.39,
3.51,4.39,
3.51,5.39,
3.71,5.39,
3.71,5.39,
3.71,5.39,
3.71,5.39,
3.71,5.39,
3.71,5.39,
3.71,5.39,
3.71,5.39,
3.71,5.39,
3.81,5.89,
3.81,5.89,
3.81,5.89,
3.81,5.89,
3.81,5.89,
3.81,5.89,
3.81,5.89,
3.81,5.89,
3.81,5.89,
3.81,6.75,
4.39,6.75,
4.39,6.75,
4.39,6.75,
4.39,6.75,
4.39,7.19,
4.39,7.19,
4.39,7.19,
5.53,7.19,
5.53,7.19,
5.53,7.19,
5.53,7.19,
5.53,7.19,
5.53,7.19,
5.53,7.19,
5.53,7.19,
5.53,7.19,
6.09,7.14,
6.09,7.14,
6.09,7.14,
6.09,7.14,
6.09,7.14,
6.09,8.05,
6.73,8.05,
6.73,8.05,
6.73,8.05,
6.73,8.05,
6.73,8.05,
6.73,8.05,
6.73,8.05,
6.73,8.05,
6.73,8.05,
6.73,8.05,
6.73,8.05,
6.73,8.51,
7.05,8.51,
7.05,8.51,
7.05,8.51,
7.05,8.51,
7.05,8.51,
7.05,8.51,
7.05,8.51,
7.05,8.51,
7.05,8.51,
7.05,8.51,
7.22,9.23,
7.22,9.23,
7.22,9.23,
7.22,9.23,
7.22,9.23,
7.22,9.23,
7.22,9.23,
7.22,9.23,
6.35,9.59,
6.35,9.59,
6.35,9.59,
6.35,9.59,
6.35,9.59,
6.35,9.59,
6.35,9.59,
6.35,9.59,
6.35,9.59,
6.35,9.59,
6.35,9.59,
6.35,9.59,
6.35,9.59,
6.35,9.59,
6.35,8.93,
5.91,8.93,
5.91,8.93,
5.91,8.93,
5.91,8.93,
5.91,8.93,
5.91,8.93,
5.91,8.93,
5.91,8.59,
3.83,8.59,
3.83,8.59,
3.83,8.59,
3.83,8.59,
3.83,8.59,
3.83,8.59,
3.83,8.59,
3.83,6.23,
2.81,6.23,
2.81,6.23,
2.81,6.23,
2.81,6.23,
2.81,6.23,
2.81,6.23,
2.81,6.23,
2.81,6.23,
2.81,6.23,
1.73,3.59,
1.73,3.59,
1.73,3.59,
1.73,3.59,
1.73,3.59,
1.73,3.59,
1.73,3.59,
1.73,3.59,
1.73,3.59,
1.73,3.59,
1.73,3.59,
1.2,2.29,
1.2,2.29,
1.2,2.29,
1.2,2.29,
1.2,2.29,
1.2,2.29,
0.02,1.14,
0.02,1.14,
0.02,1.14,
0.02,1.14,
0.02,1.14,
0.02,1.14,
0.02,1.14,
0.02,1.14,
0.02,1.14,
0.02,1.14,
0.02,1.14,
0.02,1.14,
-1.31,0.57,
-1.31,0.57,
-1.31,0.57,
-1.31,0.57,
-1.31,0.57,
-1.31,-1.15,
-1.31,-1.15,
-1.97,-1.15,
-1.97,-1.15,
-1.97,-1.15,
-1.97,-1.15,
-1.97,-1.15,
-1.97,-1.15,
-1.97,-1.15,
-1.97,-1.15,
-1.97,-1.15,
-1.97,-1.15,
-1.97,-1.15,
-1.97,-1.15,
-3.39,-5.0,
-3.39,-5.0,
-3.39,-5.0,
-3.39,-5.0,
-3.39,-5.0,
-3.39,-5.0,
-3.39,-5.0,
-3.39,-5.0,
-4.09,-6.88,
-4.09,-6.88,
-4.09,-6.88,
-4.09,-6.88,
-4.09,-6.88,
-4.09,-6.88,
-4.09,-6.88,
-4.09,-6.88,
-5.0,-6.16,
-5.0,-6.16,
-5.0,-6.16,
-5.0,-6.16,
-5.0,-6.16,
-5.0,-6.16,
-5.0,-6.16,
-5.0,-6.16,
-5.0,-6.16,
-5.0,-6.16,
-5.0,-6.16,
-5.0,-6.16,
-5.0,-6.16,
-4.54,-5.8,
-4.54,-5.8,
-4.54,-5.8,
-4.54,-5.8,
-4.54,-5.8,
-4.54,-5.8,
-4.54,-5.8,
-4.54,-5.8,
-4.54,-5.8,
-4.54,-4.32,
-4.31,-4.32,
-4.31,-4.32,
-4.31,-4.32,
-4.31,-4.32,
-4.31,-4.32,
-4.31,-4.32,
-4.31,-4.32,
-4.31,-4.32,
-3.15,-3.59,
-3.15,-3.59,
-3.15,-3.59,
-3.15,-3.59,
-3.15,-3.59,
-3.15,-3.59,
-3.15,-3.59,
-3.15,-3.59,
-2.56,-2.84,
-2.56,-2.84,
-2.56,-2.84,
-2.56,-2.84,
-2.56,-2.84,
-2.56,-2.84,
-2.56,-2.84,
-2.56,-2.84,
-2.56,-2.84,
-1.91,-0.34,
-1.91,-0.34,
-1.91,-0.34,
-1.91,-0.34,
-1.91,-0.34,
-1.91,-0.34,
-1.91,-0.34,
-1.91,-0.34,
-1.91,-0.34,
-1.91,-0.34,
-1.91,0.92,
-1.91,0.92,
-1.58,0.92,
-1.58,0.92,
-1.58,0.92,
-1.58,0.92,
-1.58,0.92,
-1.58,0.92,
-1.58,0.64,
-1.58,0.64,
-1.58,0.64,
-2.59,0.64,
-2.59,0.64,
-2.59,0.64,
-2.59,0.64,
-2.59,0.64,
-2.59,0.64,
-2.59,0.64,
-2.59,0.64,
-2.59,0.5,
-4.57,0.5,
-4.57,0.5,
-4.57,0.5,
-4.57,0.5,
-4.57,0.5,
-4.57,0.5,
-4.57,0.5,
-4.57,0.5,
-4.57,-1.08,
-5.56,-1.08,
-5.56,-1.08,
-5.56,-1.08,
-5.56,-1.08,
-5.56,-1.08,
-5.56,-1.08,
-5.56,-1.08,
-5.56,-1.08,
-5.56,-1.08,
-5.56,-1.08,
-5.56,-1.08,
-5.56,-1.08,
-5.56,-1.08,
-5.56,-1.08,
-5.56,-1.19,
-5.78,-1.19,
-5.78,-1.19,
-5.78,-1.19,
-5.78,-1.19,
-5.78,-1.19,
-5.78,-1.19,
-5.78,-1.19,
-5.78,-1.19,
-5.78,-1.24,
-5.89,-1.24,
-5.89,-1.24,
-5.89,-1.24,
-5.89,-1.24,
-5.89,-1.24,
-5.89,-1.24,
-5.89,-1.24,
-5.89,-1.24,
-4.23,0.35,
-4.23,0.35,
-4.23,0.35,
-4.23,0.35,
-1.68,1.15,
-1.68,1.15,
-1.68,1.15,
-1.68,1.15,
-1.68,1.15,
-1.68,1.15,
-1.68,1.15,
-1.68,1.15,
-1.68,1.15,
-1.68,3.37,
-1.68,3.37,
-0.4,3.37,
-0.4,3.37,
-0.4,3.37,
-0.4,3.37,
-0.4,3.37,
-0.4,3.37,
-0.4,3.37,
-0.4,3.37,
-0.4,3.37,
-0.4,3.37,
1.57,4.47,
1.57,4.47,
1.57,4.47,
1.57,4.47,
1.57,4.47,
1.57,4.47,
1.57,4.47,
1.57,4.47,
1.57,4.47,
1.57,4.47,
1.57,4.47,
1.57,6.3,
2.56,6.3,
2.56,6.3,
2.56,6.3,
2.56,6.3,
2.56,6.3,
2.56,6.3,
2.56,6.3,
2.56,6.3,
3.33,5.65,
3.33,5.65,
3.33,5.65,
3.33,5.65,
3.33,5.65,
3.33,5.65,
3.33,5.65,
3.33,5.65,
3.33,5.65,
3.33,5.32,
3.72,5.32,
3.72,5.32,
3.72,5.32,
3.72,5.32,
3.72,5.32,
3.72,5.32,
3.72,5.32,
3.72,5.32,
3.72,3.78,
2.94,3.78,
2.94,3.78,
2.94,3.78,
2.94,3.78,
2.94,3.78,
2.94,3.78,
2.94,3.78,
2.94,3.78,
2.94,3.78,
2.94,3.78,
2.94,3.02,
1.68,3.02,
1.68,3.02,
1.68,3.02,
1.68,3.02,
1.68,3.02,
1.68,3.02,
1.68,3.02,
1.05,1.6,
1.05,1.6,
1.05,1.6,
1.05,1.6,
1.05,1.6,
1.05,1.6,
