0.45,-0.63,
0.45,-0.63,
0.45,-0.63,
0.63,-0.63,
0.63,-0.63,
0.63,-0.54,
0.63,-0.54,
0.63,-0.54,
0.63,-0.54,
0.63,-0.54,
0.63,-0.54,
0.56,-0.54,
0.56,-0.66,
0.56,-0.66,
0.56,-0.66,
0.56,-0.66,
0.56,-0.66,
0.56,-0.66,
0.56,-0.66,
0.56,-0.66,
0.56,-0.66,
0.56,-0.66,
0.56,-0.66,
0.56,-0.66,
0.53,-0.66,
0.53,-0.66,
0.53,-0.72,
0.53,-0.72,
0.53,-0.72,
0.53,-0.72,
0.53,-0.72,
0.53,-0.72,
0.39,-0.72,
0.39,-0.72,
0.39,-0.82,
0.39,-0.82,
0.39,-0.82,
0.32,-0.82,
0.32,-0.87,
0.32,-0.87,
0.32,-0.87,
0.32,-0.87,
0.32,-0.87,
0.32,-0.87,
0.35,-0.87,
0.35,-0.85,
0.35,-0.85,
0.35,-0.85,
0.35,-0.85,
0.35,-0.85,
0.35,-0.85,
0.35,-0.85,
0.35,-0.85,
0.44,-0.85,
0.44,-0.73,
0.44,-0.73,
0.44,-0.73,
0.44,-0.73,
0.44,-0.73,
0.44,-0.73,
0.44,-0.73,
0.48,-0.73,
0.48,-0.73,
0.48,-0.67,
0.48,-0.67,
0.48,-0.67,
0.48,-0.67,
0.48,-0.67,
0.48,-0.67,
0.48,-0.67,
0.48,-0.67,
0.48,-0.67,
0.48,-0.64,
0.48,-0.64,
0.48,-0.64,
0.47,-0.64,
0.47,-0.64,
0.47,-0.64,
0.47,-0.63,
0.47,-0.63,
0.47,-0.63,
0.47,-0.63,
0.47,-0.63,
0.47,-0.63,
0.47,-0.63,
0.31,-0.63,
0.31,-0.63,
0.31,-0.76,
0.31,-0.76,
0.31,-0.76,
0.31,-0.76,
0.31,-0.76,
0.22,-0.76,
0.22,-0.76,
0.22,-0.76,
0.22,-0.76,
0.22,-0.8,
0.22,-0.8,
0.22,-0.8,
0.22,-0.8,
0.22,-0.8,
0.22,-0.8,
0.22,-0.8,
0.22,-0.82,
0.22,-0.82,
0.22,-0.82,
0.22,-0.82,
0.22,-0.82,
0.22,-0.82,
0.22,-0.82,
0.37,-0.82,
0.37,-0.82,
0.37,-0.82,
0.37,-0.73,
0.37,-0.73,
0.37,-0.73,
0.37,-0.73,
0.37,-0.73,
0.45,-0.73,
0.45,-0.73,
0.45,-0.73,
0.45,-0.73,
0.45,-0.73,
0.45,-0.69,
0.45,-0.69,
0.45,-0.69,
0.45,-0.69,
0.45,-0.69,
0.45,-0.69,
0.52,-0.69,
0.52,-0.69,
0.52,-0.69,
0.52,-0.69,
0.52,-0.69,
0.52,-0.69,
0.52,-0.69,
0.52,-0.69,
0.55,-0.69,
0.55,-0.69,
0.55,-0.69,
0.55,-0.69,
0.55,-0.69,
0.55,-0.69,
0.55,-0.69,
0.55,-0.69,
0.48,-0.69,
0.48,-0.69,
0.48,-0.69,
0.48,-0.72,
0.48,-0.72,
0.48,-0.72,
0.48,-0.72,
0.48,-0.72,
0.48,-0.72,
0.48,-0.72,
0.48,-0.72,
0.48,-0.72,
0.48,-0.72,
0.48,-0.72,
0.48,-0.72,
0.48,-0.72,
0.48,-0.72,
0.48,-0.72,
0.48,-0.72,
0.48,-0.72,
0.48,-0.72,
0.48,-0.72,
0.45,-0.72,
0.45,-0.68,
0.45,-0.68,
0.45,-0.68,
0.45,-0.68,
0.45,-0.68,
0.45,-0.68,
0.43,-0.66,
0.43,-0.66,
0.43,-0.66,
0.43,-0.66,
0.43,-0.66,
0.43,-0.66,
0.54,-0.66,
0.54,-0.66,
0.54,-0.65,
0.54,-0.65,
0.54,-0.65,
0.54,-0.65,
0.54,-0.65,
0.54,-0.65,
0.54,-0.65,
0.59,-0.65,
0.59,-0.65,
0.59,-0.65,
0.59,-0.65,
0.59,-0.65,
0.59,-0.65,
0.67,-0.65,
0.67,-0.65,
0.67,-0.62,
0.67,-0.62,
0.67,-0.62,
0.67,-0.62,
0.67,-0.62,
0.67,-0.62,
0.71,-0.62,
0.71,-0.62,
0.71,-0.61,
0.71,-0.61,
0.71,-0.61,
0.71,-0.61,
0.58,-0.61,
0.58,-0.61,
0.58,-0.61,
0.58,-0.61,
0.58,-0.61,
0.58,-0.61,
0.58,-0.61,
0.58,-0.61,
0.58,-0.61,
0.58,-0.61,
0.58,-0.61,
0.48,-0.61,
0.48,-0.74,
0.48,-0.74,
0.48,-0.74,
0.48,-0.74,
0.48,-0.74,
0.48,-0.74,
0.48,-0.74,
0.44,-0.74,
0.44,-0.74,
0.44,-0.8,
0.44,-0.8,
0.44,-0.8,
0.44,-0.8,
0.44,-0.8,
0.44,-0.8,
0.45,-0.8,
0.45,-0.79,
0.45,-0.79,
0.45,-0.79,
0.45,-0.79,
0.45,-0.79,
0.45,-0.79,
0.45,-0.79,
0.45,-0.79,
0.45,-0.79,
0.45,-0.79,
0.45,-0.79,
0.45,-0.79,
0.45,-0.79,
0.45,-0.79,
0.45,-0.79,
0.45,-0.79,
0.45,-0.79,
0.45,-0.79,
0.45,-0.79,
0.45,-0.79,
0.45,-0.79,
0.46,-0.79,
0.46,-0.79,
0.46,-0.78,
0.46,-0.78,
0.46,-0.78,
0.55,-0.78,
0.55,-0.59,
0.55,-0.59,
0.55,-0.59,
0.55,-0.59,
0.55,-0.59,
0.55,-0.59,
0.55,-0.59,
0.55,-0.57,
0.55,-0.57,
0.55,-0.57,
0.55,-0.57,
0.55,-0.57,
0.55,-0.57,
0.55,-0.57,
0.55,-0.57,
0.55,-0.57,
0.55,-0.57,
0.55,-0.57,
0.55,-0.57,
0.55,-0.57,
0.55,-0.57,
0.55,-0.57,
0.55,-0.57,
0.55,-0.57,
0.55,-0.57,
0.51,-0.57,
0.51,-0.57,
0.51,-0.57,
0.51,-0.57,
0.51,-0.57,
0.51,-0.57,
0.51,-0.57,
0.51,-0.57,
0.51,-0.66,
0.51,-0.66,
0.51,-0.66,
0.51,-0.66,
0.51,-0.66,
0.51,-0.66,
0.51,-0.66,
0.51,-0.66,
0.49,-0.66,
0.49,-0.66,
0.49,-0.71,
0.49,-0.71,
0.49,-0.71,
0.49,-0.71,
0.49,-0.71,
0.49,-0.71,
0.49,-0.71,
0.49,-0.71,
0.45,-0.71,
0.45,-0.84,
0.44,-0.84,
0.44,-0.84,
0.44,-0.95,
0.44,-0.95,
0.44,-0.95,
0.44,-0.95,
0.44,-0.95,
0.2,-0.95,
0.2,-1.01,
0.2,-1.01,
0.2,-1.01,
0.2,-1.01,
0.2,-1.01,
0.2,-1.01,
0.2,-1.01,
0.2,-1.01,
0.13,-1.07,
0.13,-1.07,
0.13,-1.07,
0.13,-1.07,
0.13,-1.07,
0.13,-1.07,
0.13,-1.07,
0.13,-1.07,
0.09,-1.11,
0.09,-1.11,
0.09,-1.11,
0.09,-1.11,
0.09,-1.11,
0.09,-1.11,
0.35,-1.11,
0.35,-1.11,
0.35,-0.69,
0.35,-0.69,
0.35,-0.69,
0.35,-0.69,
0.35,-0.69,
0.35,-0.69,
0.35,-0.69,
0.48,-0.49,
0.48,-0.49,
0.48,-0.49,
0.48,-0.49,
0.48,-0.49,
0.48,-0.49,
0.77,-0.49,
0.77,-0.49,
0.77,-0.48,
0.77,-0.48,
0.77,-0.48,
0.77,-0.48,
0.94,-0.48,
0.94,-0.48,
0.94,-0.48,
0.94,-0.27,
0.94,-0.27,
0.94,-0.27,
0.94,-0.27,
0.94,-0.27,
0.94,-0.27,
1.03,-0.27,
1.03,-0.27,
1.03,-0.27,
1.03,-0.27,
1.03,-0.27,
1.03,-0.16,
1.03,-0.16,
1.03,-0.16,
1.03,-0.16,
1.03,-0.16,
1.03,-0.16,
1.03,-0.16,
1.03,-0.16,
1.9,-0.16,
1.9,0.86,
1.9,0.86,
1.9,0.86,
1.9,0.86,
1.9,0.86,
1.9,0.86,
1.9,0.86,
1.9,0.86,
2.34,0.86,
2.34,1.37,
2.34,1.37,
2.34,1.37,
2.34,1.37,
2.34,1.37,
3.28,1.37,
3.28,1.37,
3.28,1.87,
3.28,1.87,
3.28,1.87,
3.28,1.87,
3.28,1.87,
3.28,1.87,
3.28,1.87,
3.75,3.31,
3.75,3.31,
3.75,3.31,
3.75,3.31,
3.75,3.31,
3.75,3.31,
3.75,3.31,
3.97,3.31,
3.97,3.31,
3.97,3.31,
3.97,4.03,
3.97,4.03,
3.97,4.03,
3.97,4.03,
3.97,4.03,
3.97,4.03,
3.97,4.03,
3.97,4.03,
3.27,3.14,
3.27,3.14,
3.27,3.14,
3.27,3.14,
3.27,3.14,
3.27,3.14,
3.27,3.14,
3.27,3.14,
3.27,3.14,
2.91,3.14,
2.91,3.14,
2.91,2.7,
2.91,2.7,
2.91,2.7,
2.91,2.7,
2.91,2.7,
2.91,2.7,
1.1,2.7,
1.1,-0.45,
1.1,-0.45,
1.1,-0.45,
1.1,-0.45,
1.1,-0.45,
1.1,-0.45,
1.1,-0.45,
1.1,-0.45,
0.21,-0.45,
0.21,-2.0,
0.21,-2.0,
0.21,-2.0,
0.21,-2.0,
0.21,-2.0,
0.21,-2.0,
0.21,-2.0,
0.21,-2.0,
0.21,-2.0,
-1.11,-2.0,
-1.11,-4.43,
-1.11,-4.43,
-1.11,-4.43,
-1.11,-4.43,
-1.11,-4.43,
-1.11,-4.43,
-1.11,-4.43,
-1.11,-4.43,
-1.86,-4.43,
-1.86,-4.43,
-1.86,-5.02,
-1.86,-5.02,
-1.86,-5.02,
-1.86,-5.02,
-1.86,-5.02,
-1.86,-5.02,
-1.86,-5.02,
-1.86,-5.02,
-2.23,-5.02,
-2.23,-5.31,
-2.23,-5.31,
-2.23,-5.31,
-2.23,-5.31,
-2.23,-5.31,
-2.23,-5.31,
-2.23,-5.31,
-2.09,-5.31,
-2.09,-5.31,
-2.09,-5.31,
-2.09,-4.96,
-2.09,-4.96,
-2.09,-4.96,
-2.09,-4.96,
-2.09,-4.96,
-2.09,-4.96,
-2.09,-4.96,
-2.09,-4.96,
-2.09,-4.96,
-2.03,-4.96,
-2.03,-4.96,
-2.03,-4.78,
-2.03,-4.78,
-2.03,-4.78,
-2.03,-4.78,
-2.03,-4.78,
-2.03,-4.78,
-1.37,-4.78,
-1.37,-3.97,
-1.37,-3.97,
-1.37,-3.97,
-1.37,-3.97,
-1.37,-3.97,
-1.37,-3.97,
-1.37,-3.97,
-1.04,-3.97,
-1.04,-3.97,
-1.04,-2.39,
-1.04,-2.39,
-1.04,-2.39,
-1.04,-2.39,
-1.04,-2.39,
-1.04,-2.39,
-0.32,-2.39,
-0.32,-2.39,
-0.32,-1.59,
-0.32,-1.59,
-0.32,-1.59,
-0.32,-1.59,
-0.32,-1.59,
-0.32,-1.59,
-0.32,-1.59,
0.73,-1.59,
0.73,-0.66,
0.73,-0.66,
0.73,-0.66,
0.73,-0.66,
0.73,-0.66,
0.73,-0.66,
0.73,-0.66,
0.73,-0.66,
0.73,-0.66,
1.26,-0.66,
1.26,-0.19,
1.26,-0.19,
1.26,-0.19,
1.26,-0.19,
1.26,-0.19,
1.26,-0.19,
1.26,-0.19,
1.26,-0.19,
2.08,-0.19,
2.08,-0.19,
2.08,0.72,
2.08,0.72,
2.08,0.72,
2.08,0.72,
2.08,0.72,
2.08,0.72,
2.08,0.72,
2.49,1.17,
2.49,1.17,
2.49,1.17,
2.49,1.17,
2.49,1.17,
2.49,1.17,
2.49,1.17,
2.49,1.17,
2.49,1.17,
2.49,1.17,
3.13,1.17,
3.13,0.97,
3.13,0.97,
3.13,0.97,
3.13,0.97,
3.13,0.97,
3.13,0.97,
3.13,0.97,
3.69,0.97,
3.69,0.97,
3.69,0.87,
3.69,0.87,
3.69,0.87,
3.69,0.87,
3.69,0.87,
3.69,0.87,
3.69,0.87,
3.97,0.87,
3.97,0.87,
3.97,0.81,
3.97,0.81,
3.97,0.81,
3.97,0.81,
3.97,0.81,
3.97,0.81,
3.97,0.81,
3.97,0.81,
3.95,0.81,
3.95,0.14,
3.95,0.14,
3.95,0.14,
3.95,0.14,
3.95,0.14,
3.95,0.14,
3.93,0.14,
3.93,0.14,
3.93,-0.2,
3.93,-0.2,
3.93,-0.2,
3.93,-0.2,
3.93,-0.2,
3.93,-0.2,
3.93,-0.2,
3.93,-0.2,
3.42,-0.2,
3.42,-0.64,
3.42,-0.64,
3.42,-0.64,
3.42,-0.64,
3.42,-0.64,
3.42,-0.64,
3.42,-0.64,
3.42,-0.64,
3.42,-0.64,
3.42,-0.64,
3.42,-0.64,
3.42,-0.64,
3.16,-0.64,
3.16,-0.64,
3.16,-1.06,
3.16,-1.06,
3.16,-1.06,
3.16,-1.06,
3.16,-1.06,
2.64,-1.06,
2.64,-1.27,
2.64,-1.27,
2.64,-1.27,
2.64,-1.27,
2.64,-1.27,
2.64,-1.27,
2.64,-1.27,
2.09,-1.8,
2.09,-1.8,
2.09,-1.8,
2.09,-1.8,
2.09,-1.8,
2.09,-1.8,
2.09,-1.8,
1.82,-1.8,
1.82,-1.8,
1.82,-2.07,
1.82,-2.07,
1.82,-2.07,
1.82,-2.07,
1.82,-2.07,
1.82,-2.07,
1.82,-2.07,
1.82,-2.07,
1.82,-2.07,
1.82,-2.07,
1.23,-2.07,
1.23,-2.07,
1.23,-1.8,
1.23,-1.8,
1.23,-1.8,
1.23,-1.8,
1.23,-1.8,
1.23,-1.8,
0.93,-1.8,
0.93,-1.8,
0.93,-0.91,
0.93,-0.91,
0.93,-0.91,
0.93,-0.91,
0.93,-0.91,
1.03,-0.91,
1.03,-0.91,
1.03,-0.91,
1.03,-0.46,
1.03,-0.46,
1.03,-0.46,
1.03,-0.46,
1.03,-0.46,
1.03,-0.46,
1.03,-0.46,
2.03,-0.46,
2.03,0.64,
2.03,0.64,
2.03,0.64,
2.03,0.64,
2.03,0.64,
2.54,0.64,
2.54,0.64,
2.54,1.19,
2.54,1.19,
2.54,1.19,
2.54,1.19,
2.54,1.19,
2.54,1.19,
2.54,1.19,
3.87,1.19,
3.87,2.59,
3.87,2.59,
3.87,2.59,
3.87,2.59,
4.54,2.59,
4.54,3.29,
4.54,3.29,
4.54,3.29,
4.54,3.29,
4.54,3.29,
4.23,3.29,
4.23,2.86,
4.23,2.86,
4.08,2.86,
4.08,2.86,
4.08,0.65,
4.08,0.65,
4.08,0.65,
2.43,-0.43,
2.43,-0.43,
2.43,-0.43,
2.43,-0.43,
0.52,-2.48,
0.52,-2.48,
-0.41,-2.48,
-0.41,-2.48,
-0.41,-3.49,
-0.41,-3.49,
-1.43,-3.49,
-1.43,-3.49,
-1.43,-3.49,
-1.43,-4.57,
-1.43,-4.57,
-1.43,-4.57,
-1.43,-4.57,
-2.57,-5.48,
-2.57,-5.94,
-2.57,-5.94,
-2.57,-5.94,
-3.06,-5.94,
-3.06,-5.94,
-3.06,-5.31,
-3.06,-5.31,
-3.31,-5.0,
-3.14,-5.0,
-3.14,-5.0,
-3.14,-5.0,
-3.14,-5.0,
-3.14,-4.39,
-3.14,-4.39,
-3.14,-4.39,
-3.14,-4.39,
-3.14,-4.39,
-3.14,-4.39,
-3.14,-4.39,
-3.14,-4.39,
-3.05,-4.39,
-3.05,-4.09,
-3.05,-4.09,
-3.05,-4.09,
-3.05,-4.09,
-3.05,-4.09,
-3.05,-4.09,
-3.05,-4.09,
-3.05,-4.09,
-3.05,-4.09,
-2.01,-4.09,
-2.01,-4.09,
-2.01,-3.45,
-2.01,-3.45,
-2.01,-3.45,
-2.01,-3.45,
-2.01,-3.45,
-2.01,-3.45,
-2.01,-3.45,
-1.51,-3.45,
-1.51,-3.45,
-1.51,-2.83,
-1.51,-2.83,
-1.51,-2.83,
-1.51,-2.83,
-1.51,-2.83,
-1.51,-2.83,
-1.51,-2.83,
-1.51,-2.83,
-1.51,-2.83,
-1.51,-2.83,
-1.51,-2.83,
-1.51,-2.83,
-1.51,-2.83,
-1.51,-2.83,
-1.51,-2.83,
-1.51,-2.83,
-1.51,-2.83,
-1.51,-2.83,
-1.51,-2.83,
-0.78,-2.83,
-0.78,-2.83,
-0.78,-2.52,
-0.78,-2.52,
-0.78,-2.52,
-0.78,-2.52,
-0.78,-2.52,
-0.78,-2.52,
-0.78,-2.52,
0.19,-2.56,
0.19,-2.56,
0.19,-2.56,
0.19,-2.56,
0.19,-2.56,
0.68,-2.56,
0.68,-2.58,
0.68,-2.58,
0.68,-2.58,
0.68,-2.58,
0.68,-2.58,
0.68,-2.58,
1.61,-3.03,
1.61,-3.03,
1.61,-3.03,
1.61,-3.03,
2.07,-3.03,
2.07,-2.65,
2.07,-2.65,
2.07,-2.65,
2.07,-2.65,
2.07,-2.65,
2.07,-2.65,
2.07,-2.65,
1.8,-2.65,
1.8,-2.65,
1.8,-2.45,
1.8,-2.45,
1.2,-2.45,
1.2,-2.52,
1.2,-2.52,
1.2,-2.52,
1.2,-2.52,
1.2,-2.52,
1.2,-2.52,
1.2,-2.52,
1.2,-2.52,
1.2,-2.52,
1.2,-2.52,
1.2,-2.52,
1.2,-2.52,
0.89,-2.56,
0.89,-2.56,
0.89,-2.56,
0.89,-2.56,
0.89,-2.56,
0.89,-2.56,
0.89,-2.56,
0.89,-2.56,
0.22,-2.56,
0.22,-1.61,
0.22,-1.61,
0.22,-1.61,
0.22,-1.61,
0.22,-1.61,
0.22,-1.61,
0.22,-1.61,
0.22,-1.61,
-0.11,-1.61,
-0.11,-1.61,
-0.11,-1.14,
-0.11,-1.14,
-0.11,-1.14,
-0.11,-1.14,
-0.11,-1.14,
-0.36,-1.14,
-0.36,-1.15,
-0.36,-1.15,
-0.36,-1.15,
-0.36,-1.15,
-0.36,-1.15,
-0.36,-1.15,
-0.48,-1.15,
-0.48,-1.15,
-0.48,-1.15,
-0.48,-1.15,
-0.48,-2.24,
-0.48,-2.24,
-0.48,-2.24,
-0.48,-2.24,
-0.48,-2.24,
-0.53,-2.24,
-0.53,-2.24,
-0.53,-2.78,
-0.53,-2.78,
-0.53,-2.78,
-0.53,-2.78,
-0.53,-2.78,
-0.53,-2.78,
-0.18,-2.78,
-0.18,-2.78,
-0.18,-2.32,
-0.18,-2.32,
-0.18,-2.32,
-0.18,-2.32,
-0.18,-2.32,
-0.18,-2.32,
-0.18,-2.32,
-0.18,-2.32,
-0.18,-2.32,
-0.18,-2.32,
-0.01,-2.32,
-0.01,-2.32,
-0.01,-2.09,
-0.01,-2.09,
-0.01,-2.09,
-0.01,-2.09,
-0.01,-2.09,
1.17,-2.09,
1.17,-2.09,
1.17,-2.09,
1.17,-2.09,
1.17,-1.56,
1.17,-1.56,
1.17,-1.56,
1.17,-1.56,
1.17,-1.56,
1.76,-2.17,
1.76,-2.17,
1.76,-2.17,
1.76,-2.17,
1.76,-2.17,
1.76,-2.17,
1.76,-2.17,
1.76,-2.17,
1.76,-2.17,
2.21,-2.17,
2.21,-2.48,
2.21,-2.48,
2.21,-2.48,
2.21,-2.48,
2.21,-2.48,
2.21,-2.48,
2.21,-2.48,
2.21,-2.48,
2.01,-2.48,
2.01,-2.48,
2.01,-2.14,
2.01,-2.14,
2.01,-2.14,
2.01,-2.14,
2.01,-2.14,
2.01,-2.14,
2.01,-2.14,
1.91,-1.98,
1.91,-1.98,
1.91,-1.98,
1.91,-1.98,
1.91,-1.98,
1.91,-1.98,
1.91,-1.98,
1.91,-1.98,
0.86,-1.98,
0.86,-2.25,
0.86,-2.25,
0.86,-2.25,
0.86,-2.25,
0.86,-2.25,
0.86,-2.25,
0.86,-2.25,
0.33,-2.25,
0.33,-2.38,
0.33,-2.38,
0.33,-2.38,
0.33,-2.38,
0.33,-2.38,
0.33,-2.38,
0.33,-2.38,
0.33,-2.38,
-1.31,-2.38,
-1.31,-2.38,
-1.31,-4.47,
-1.31,-4.47,
-1.31,-4.47,
-1.31,-4.47,
-1.31,-4.47,
-1.31,-4.47,
-2.12,-4.47,
-2.12,-4.47,
-2.12,-5.99,
-2.12,-5.99,
-2.12,-5.99,
-2.12,-5.99,
-2.12,-5.99,
-2.12,-5.99,
-2.12,-5.99,
-2.12,-5.99,
-3.19,-5.99,
-3.19,-6.74,
-3.19,-6.74,
-3.19,-6.74,
-3.19,-6.74,
-3.19,-6.74,
-3.19,-6.74,
-3.19,-6.74,
-3.19,-6.74,
-2.9,-6.74,
-2.9,-6.42,
-2.9,-6.42,
-2.9,-6.42,
-2.9,-6.42,
-2.9,-6.42,
-2.9,-6.42,
-2.9,-6.42,
-2.9,-6.42,
-2.9,-6.42,
-2.75,-6.26,
-2.75,-6.26,
-2.75,-6.26,
-2.75,-6.26,
-2.75,-6.26,
-2.75,-6.26,
-2.75,-6.26,
-2.75,-6.26,
-2.75,-6.26,
-2.75,-6.26,
-2.02,-6.26,
-2.02,-5.92,
-2.02,-5.92,
-2.02,-5.92,
-2.02,-5.92,
-2.02,-5.92,
-2.02,-5.92,
-2.02,-5.92,
-2.02,-5.92,
-2.02,-5.92,
-1.65,-6.59,
-1.65,-6.59,
-1.65,-6.59,
-1.65,-6.59,
-1.65,-6.59,
-1.65,-6.59,
-1.65,-6.59,
-1.65,-6.59,
-1.65,-6.59,
-0.89,-6.93,
-0.89,-6.93,
-0.89,-6.93,
-0.89,-6.93,
-0.89,-6.93,
-0.89,-6.93,
-0.89,-6.93,
-0.89,-6.93,
-0.25,-6.93,
-0.25,-6.48,
-0.25,-6.48,
-0.25,-6.48,
-0.25,-6.48,
-0.25,-6.48,
-0.25,-6.48,
-0.25,-6.48,
0.06,-6.48,
0.06,-6.48,
0.06,-6.25,
0.06,-6.25,
0.06,-6.25,
0.06,-6.25,
0.06,-6.25,
0.06,-6.25,
0.06,-6.25,
0.34,-6.25,
0.34,-6.26,
0.34,-6.26,
0.34,-6.26,
0.34,-6.26,
0.34,-6.26,
0.34,-6.26,
0.34,-6.26,
0.48,-6.26,
0.48,-6.26,
0.48,-6.27,
0.48,-6.27,
0.48,-6.27,
0.48,-6.27,
0.48,-6.27,
0.48,-6.27,
0.48,-6.27,
0.48,-6.27,
-0.3,-7.18,
-0.3,-7.18,
-0.3,-7.18,
-0.3,-7.18,
-0.3,-7.18,
-0.3,-7.18,
-0.3,-7.18,
-0.3,-7.18,
-0.3,-7.18,
-0.3,-7.18,
-0.69,-7.18,
-0.69,-8.6,
-0.69,-8.6,
-0.69,-8.6,
-0.69,-8.6,
-0.69,-8.6,
-0.69,-8.6,
-1.16,-8.6,
-1.16,-8.6,
-1.16,-9.32,
-1.16,-9.32,
-1.16,-9.32,
-1.16,-9.32,
-1.16,-9.32,
-1.16,-9.32,
-1.16,-9.32,
-1.16,-9.32,
-1.16,-9.32,
-1.16,-9.32,
-1.44,-8.65,
-1.44,-8.65,
-1.44,-8.65,
-1.44,-8.65,
-1.44,-8.65,
-1.44,-8.65,
-1.44,-8.65,
-1.44,-8.65,
-1.44,-8.65,
-1.59,-8.65,
-1.59,-8.65,
-1.59,-8.65,
-1.59,-8.31,
-1.59,-8.31,
-1.59,-8.31,
-1.59,-8.31,
-1.59,-8.31,
-1.59,-8.31,
-0.2,-8.31,
-0.2,-8.31,
-0.2,-3.87,
-0.2,-3.87,
-0.2,-3.87,
-0.2,-3.87,
-0.2,-3.87,
-0.2,-3.87,
0.46,-7.47,
0.46,-7.47,
0.46,-7.47,
0.46,-7.47,
0.46,-7.47,
0.46,-7.47,
0.46,-7.47,
0.46,-7.47,
0.01,-9.3,
0.01,-9.3,
0.01,-9.3,
0.01,-9.3,
0.01,-9.3,
0.01,-9.3,
0.01,-9.3,
0.01,-9.3,
0.01,-9.3,
0.01,-9.3,
0.01,-9.3,
0.01,-9.3,
-1.65,-9.3,
-1.65,-9.3,
-1.65,-7.17,
-1.65,-7.17,
-1.65,-7.17,
-1.65,-7.17,
-1.65,-7.17,
-1.65,-7.17,
-1.65,-7.17,
-1.65,-7.17,
-1.65,-7.17,
-1.65,-7.17,
-1.65,-7.17,
-1.65,-7.17,
-1.65,-7.17,
-1.65,-7.17,
-1.65,-7.17,
-1.65,-7.17,
-1.65,-7.17,
-1.65,-7.17,
-2.49,-7.17,
-2.49,-7.17,
-2.49,-7.17,
-2.49,-7.17,
-2.49,-7.17,
-2.49,-6.07,
-2.49,-6.07,
-2.49,-6.07,
-2.49,-6.07,
-2.49,-6.07,
-2.49,-6.07,
-2.49,-6.07,
-2.49,-6.07,
-2.49,-6.07,
-2.49,-6.07,
-2.49,-6.07,
-2.49,-6.07,
-2.49,-6.07,
-2.49,-6.07,
-2.49,-6.07,
-2.49,-6.07,
-2.49,-6.07,
-2.49,-6.07,
-2.49,-6.07,
-2.49,-6.07,
-2.71,-6.07,
-2.71,-3.83,
-2.71,-3.83,
-2.71,-3.83,
-2.71,-3.83,
-2.71,-3.83,
-2.71,-3.83,
-2.82,-2.75,
-2.82,-2.75,
-2.82,-2.75,
-2.31,-2.75,
-2.31,-6.72,
-2.31,-6.72,
-2.31,-6.72,
-2.07,-10.5,
-2.07,-10.5,
-2.07,-10.5,
-2.07,-10.5,
-2.07,-10.5,
-1.95,-10.5,
-1.95,-12.46,
-1.95,-12.46,
-1.95,-12.46,
-1.95,-12.46,
-1.95,-12.46,
-1.95,-12.46,
-1.95,-12.46,
-2.04,-12.46,
-2.04,-10.96,
-2.04,-10.96,
-2.04,-10.96,
-2.09,-10.96,
-2.09,-10.18,
-2.09,-10.18,
-2.09,-10.18,
-2.09,-10.18,
-2.09,-10.18,
-1.16,-7.49,
-1.16,-7.49,
-0.66,-7.49,
-0.66,-7.49,
-0.66,-7.49,
-0.66,-5.02,
-0.66,-5.02,
-0.66,-5.02,
-0.66,-5.02,
-0.66,-5.02,
-0.66,-5.02,
-0.66,-5.02,
-0.66,-5.02,
1.32,-3.78,
1.32,-3.78,
1.32,-3.78,
1.32,-3.78,
1.32,-3.78,
3.19,-3.78,
3.19,-3.28,
3.19,-3.28,
3.19,-3.28,
3.19,-3.28,
3.19,-3.28,
3.19,-3.28,
3.19,-3.28,
3.19,-3.28,
4.12,-3.28,
4.12,-3.04,
4.12,-3.04,
4.12,-3.04,
4.12,-3.04,
4.12,-3.04,
4.12,-3.04,
4.12,-3.04,
4.12,-3.04,
4.12,-3.04,
5.41,-5.55,
5.41,-5.55,
5.41,-5.55,
5.41,-5.55,
5.41,-5.55,
5.41,-5.55,
5.41,-5.55,
5.41,-5.55,
6.03,-5.55,
6.03,-6.75,
6.03,-6.75,
6.03,-6.75,
6.03,-6.75,
6.03,-6.75,
6.03,-6.75,
6.03,-6.75,
6.03,-6.75,
6.38,-6.75,
6.38,-12.26,
6.38,-12.26,
6.38,-12.26,
6.38,-12.26,
6.38,-12.26,
6.38,-12.26,
6.38,-12.26,
6.38,-12.26,
6.38,-12.26,
4.63,-12.26,
4.63,-15.21,
4.63,-15.21,
4.63,-15.21,
4.63,-15.21,
4.63,-15.21,
4.63,-15.21,
3.75,-15.21,
3.75,-15.21,
3.75,-16.67,
3.75,-16.67,
3.75,-16.67,
3.75,-16.67,
3.75,-16.67,
3.75,-16.67,
3.75,-16.67,
3.75,-16.67,
-0.24,-16.67,
-0.24,-16.33,
-0.24,-16.33,
-0.24,-16.33,
-0.24,-16.33,
-0.24,-16.33,
-0.24,-16.33,
-0.24,-16.33,
-2.18,-16.33,
-2.18,-16.33,
-2.18,-16.14,
-2.18,-16.14,
-2.18,-16.14,
-2.18,-16.14,
-2.18,-16.14,
-2.18,-16.14,
-2.18,-16.14,
-2.18,-16.14,
-5.53,-16.14,
-5.53,-20.46,
-5.53,-20.46,
-5.53,-20.46,
-5.53,-20.46,
-5.53,-20.46,
-5.53,-20.46,
-5.53,-20.46,
-5.53,-20.46,
-7.13,-20.46,
-7.13,-20.46,
-7.13,-20.46,
-7.13,-8.15,
-7.13,-8.15,
-7.13,-8.15,
-7.13,-8.15,
-7.13,-8.15,
-7.13,-8.15,
-8.33,-8.15,
-8.33,-1.21,
-8.33,-1.21,
-8.33,-1.21,
-8.33,-1.21,
-8.33,-1.21,
-8.33,-1.21,
-8.33,-1.21,
-8.33,-1.21,
-8.33,-1.21,
-8.33,-1.21,
-8.33,-1.21,
-6.56,-1.21,
-6.56,-3.2,
-6.56,-3.2,
-6.56,-3.2,
-6.56,-3.2,
-6.56,-3.2,
-6.56,-3.2,
-6.56,-3.2,
-5.6,-3.2,
-5.6,-4.2,
-5.6,-4.2,
-5.6,-4.2,
-5.6,-4.2,
-5.6,-4.2,
-5.6,-4.2,
-5.6,-4.2,
-5.6,-4.2,
-3.24,-12.29,
-3.24,-12.29,
-3.24,-12.29,
-3.24,-12.29,
-3.24,-12.29,
-3.24,-12.29,
-3.24,-12.29,
-3.24,-12.29,
-2.02,-16.0,
-2.02,-16.0,
-2.02,-16.0,
-2.02,-16.0,
-2.02,-16.0,
-2.02,-16.0,
-1.85,-16.0,
-1.85,-16.0,
-1.85,-16.0,
-1.85,-16.0,
-1.85,-17.29,
-1.85,-17.29,
-1.85,-17.29,
-1.85,-17.29,
-1.85,-17.29,
-2.1,-17.29,
-2.1,-18.6,
-2.1,-18.6,
-2.1,-18.6,
-2.1,-18.6,
-2.1,-18.6,
-2.1,-18.6,
-2.1,-18.6,
-2.22,-18.6,
-2.22,-18.6,
-2.22,-19.21,
-2.22,-19.21,
-2.22,-19.21,
-2.22,-19.21,
-2.22,-19.21,
-2.22,-19.21,
-2.22,-19.21,
-2.22,-19.21,
-3.02,-19.21,
-3.02,-21.66,
-3.02,-21.66,
-3.02,-21.66,
-3.02,-21.66,
-3.02,-21.66,
-3.41,-21.66,
-3.41,-21.66,
-3.41,-21.66,
-3.41,-21.66,
-3.41,-22.81,
-3.41,-22.81,
-3.41,-22.81,
-3.41,-22.81,
-3.41,-22.81,
-3.41,-22.81,
-3.41,-22.81,
-3.79,-22.81,
-3.79,-22.81,
-3.79,-23.37,
-3.79,-23.37,
-3.79,-23.37,
-3.79,-23.37,
-3.79,-23.37,
-3.99,-23.37,
-3.99,-23.17,
-3.99,-23.17,
-3.99,-23.17,
-3.99,-23.17,
-3.99,-23.17,
-3.99,-23.17,
-3.99,-23.17,
-3.99,-23.17,
-4.1,-23.17,
-4.1,-23.17,
-4.1,-23.06,
-4.1,-23.06,
-4.1,-23.06,
-4.1,-23.06,
-4.1,-23.06,
-4.1,-23.06,
-4.1,-23.06,
-4.5,-23.06,
-4.5,-20.48,
-4.5,-20.48,
-4.5,-20.48,
-4.5,-20.48,
-4.5,-20.48,
-4.5,-20.48,
-4.5,-20.48,
-4.5,-20.48,
-4.5,-20.48,
-4.71,-20.48,
-4.71,-19.2,
-4.71,-19.2,
-4.71,-19.2,
-4.71,-19.2,
-4.71,-19.2,
-4.71,-19.2,
-4.71,-19.2,
-4.11,-17.06,
-4.11,-17.06,
-4.11,-17.06,
-4.11,-17.06,
-4.11,-17.06,
-4.11,-17.06,
-4.11,-17.06,
-4.11,-17.06,
-4.11,-17.06,
-4.11,-17.06,
-3.8,-17.06,
-3.8,-16.04,
-3.8,-16.04,
-3.8,-16.04,
-3.8,-16.04,
-3.8,-16.04,
-3.8,-16.04,
-3.8,-16.04,
-1.62,-16.04,
-1.62,-15.19,
-1.62,-15.19,
-1.62,-15.19,
-1.62,-15.19,
-1.62,-15.19,
-1.62,-15.19,
0.58,-15.19,
0.58,-15.19,
0.58,-14.76,
0.58,-14.76,
0.58,-14.76,
0.58,-14.76,
0.58,-14.76,
0.58,-14.76,
0.58,-14.76,
1.7,-14.76,
1.7,-14.55,
1.7,-14.55,
1.7,-14.55,
1.7,-14.55,
1.7,-14.55,
1.7,-14.55,
1.7,-14.55,
3.29,-14.55,
3.29,-13.95,
3.29,-13.95,
3.29,-13.95,
3.29,-13.95,
3.29,-13.95,
3.29,-13.95,
3.29,-13.95,
3.29,-13.95,
4.08,-13.95,
4.08,-13.66,
4.08,-13.66,
4.08,-13.66,
4.08,-13.66,
4.08,-13.66,
4.08,-13.66,
4.08,-13.66,
4.08,-13.66,
4.08,-13.66,
4.08,-13.66,
4.08,-13.66,
5.13,-13.66,
5.13,-12.87,
5.13,-12.87,
5.13,-12.87,
5.13,-12.87,
5.13,-12.87,
5.13,-12.87,
5.13,-12.87,
5.13,-12.87,
5.64,-12.45,
5.64,-12.45,
5.64,-12.45,
5.64,-12.45,
5.64,-12.45,
5.64,-12.45,
5.64,-12.45,
6.24,-12.45,
6.24,-12.24,
6.24,-12.24,
6.24,-12.24,
6.24,-12.24,
6.24,-12.24,
6.24,-12.24,
6.24,-12.24,
6.24,-12.24,
7.41,-12.24,
7.41,-12.24,
7.41,-10.08,
7.41,-10.08,
7.41,-10.08,
7.41,-10.08,
7.41,-10.08,
7.41,-10.08,
7.41,-10.08,
8.0,-10.08,
8.0,-10.08,
8.0,-8.94,
8.0,-8.94,
8.0,-8.94,
8.0,-8.94,
8.0,-8.94,
8.0,-8.94,
8.0,-8.94,
8.0,-8.94,
9.04,-8.94,
9.04,-8.94,
9.04,-6.77,
9.04,-6.77,
9.04,-6.77,
9.04,-6.77,
9.04,-6.77,
9.04,-6.77,
9.54,-6.77,
9.54,-5.66,
9.54,-5.66,
9.54,-5.66,
9.54,-5.66,
9.54,-5.66,
9.54,-5.66,
9.54,-5.66,
9.54,-5.66,
9.54,-5.66,
10.86,-5.66,
10.86,-6.38,
10.86,-6.38,
10.86,-6.38,
10.86,-6.38,
10.86,-6.38,
10.86,-6.38,
10.86,-6.38,
15.65,-5.55,
15.65,-5.55,
15.65,-5.55,
15.65,-5.55,
15.65,-5.55,
15.65,-5.55,
15.65,-5.55,
15.65,-5.55,
15.65,-5.55,
15.65,-5.55,
17.74,-5.55,
17.74,-5.09,
17.74,-5.09,
17.74,-5.09,
17.74,-5.09,
17.74,-5.09,
17.74,-5.09,
17.74,-5.09,
21.52,-5.09,
21.52,6.04,
21.52,6.04,
21.52,6.04,
21.52,6.04,
21.52,6.04,
21.52,6.04,
21.52,6.04,
21.52,6.04,
23.15,6.04,
23.15,6.04,
23.15,11.82,
23.15,11.82,
23.15,11.82,
23.15,11.82,
23.15,11.82,
23.15,11.82,
23.15,11.82,
23.15,11.82,
23.15,11.82,
23.15,11.82,
24.37,11.82,
24.37,16.44,
24.37,16.44,
24.37,16.44,
24.37,16.44,
24.37,16.44,
24.37,16.44,
24.37,16.44,
24.98,12.94,
24.98,12.94,
24.98,12.94,
24.98,12.94,
24.98,12.94,
24.98,12.94,
24.98,12.94,
24.98,12.94,
24.98,12.94,
24.98,12.94,
24.98,12.94,
13.91,12.94,
13.91,12.94,
13.91,12.94,
13.91,11.04,
13.91,11.04,
13.91,11.04,
13.91,11.04,
13.91,11.04,
13.91,11.04,
1.63,11.04,
1.63,11.04,
1.63,3.03,
1.63,3.03,
1.63,3.03,
1.63,3.03,
1.63,3.03,
-6.18,-0.93,
-6.18,-0.93,
-6.18,-0.93,
-6.18,-0.93,
-5.67,-0.93,
-5.67,-0.93,
-5.67,-0.93,
-5.67,-0.93,
-5.67,-3.39,
-5.67,-3.39,
-5.67,-3.39,
-5.67,-3.39,
-5.67,-3.39,
-5.67,-3.39,
-5.67,-3.39,
-5.4,-3.39,
-5.4,-4.6,
-5.4,-4.6,
-5.4,-4.6,
-5.4,-4.6,
-5.4,-4.6,
-5.4,-4.6,
-5.4,-4.6,
0.64,-4.6,
0.64,-3.01,
0.64,-3.01,
0.64,-3.01,
0.64,-3.01,
0.64,-3.01,
0.64,-3.01,
0.64,-3.01,
0.64,-3.01,
0.64,-3.01,
5.69,-3.01,
5.69,0.24,
5.69,0.24,
5.69,0.24,
5.69,0.24,
5.69,0.24,
5.69,0.24,
5.69,0.24,
5.69,0.24,
5.69,0.24,
7.97,1.95,
7.97,1.95,
7.97,1.95,
7.97,1.95,
7.97,1.95,
7.97,1.95,
9.98,1.95,
9.98,1.95,
9.98,1.95,
9.98,1.95,
9.98,5.07,
9.98,5.07,
9.98,5.07,
10.98,5.07,
10.98,5.07,
10.98,5.07,
10.98,5.07,
10.98,6.61,
10.98,6.61,
10.98,6.61,
10.98,6.61,
10.98,6.61,
10.98,6.61,
9.55,6.61,
9.55,4.05,
9.55,4.05,
9.55,4.05,
9.55,4.05,
9.55,4.05,
9.55,4.05,
9.55,4.05,
9.55,4.05,
8.84,4.05,
8.84,4.05,
8.84,6.41,
8.84,6.41,
8.84,6.41,
8.84,6.41,
8.84,6.41,
8.84,6.41,
8.84,6.41,
8.84,6.41,
8.84,6.41,
8.84,6.41,
8.84,6.41,
5.41,7.46,
5.41,7.46,
5.41,7.46,
5.41,7.46,
5.41,7.46,
5.41,7.46,
8.15,7.46,
8.15,28.95,
8.15,28.95,
8.15,28.95,
8.15,28.95,
8.15,28.95,
8.15,28.95,
8.15,28.95,
8.15,28.95,
8.99,28.95,
8.99,28.95,
8.99,34.14,
8.99,34.14,
8.99,34.14,
8.99,34.14,
8.99,34.14,
8.99,34.14,
8.99,34.14,
8.99,34.14,
8.99,34.14,
17.19,34.14,
17.19,29.19,
17.19,29.19,
17.19,29.19,
17.19,29.19,
17.19,29.19,
17.19,29.19,
17.19,29.19,
17.19,29.19,
17.19,29.19,
20.69,29.19,
20.69,25.25,
20.69,25.25,
20.69,25.25,
20.69,25.25,
20.69,25.25,
20.69,25.25,
18.13,25.25,
18.13,5.16,
18.13,5.16,
18.13,5.16,
18.13,5.16,
18.13,5.16,
18.13,5.16,
18.13,5.16,
0.13,5.16,
0.13,5.16,
0.13,5.16,
0.13,-1.06,
0.13,-1.06,
0.13,-1.06,
0.13,-1.06,
0.13,-1.06,
0.13,-1.06,
0.13,-1.06,
0.13,-1.06,
0.13,-1.06,
0.13,-1.06,
0.13,-1.06,
0.13,-1.06,
0.13,-1.06,
0.13,-1.06,
0.13,-1.06,
0.13,-1.06,
0.13,-1.06,
0.13,-1.06,
0.13,-1.06,
0.13,-1.06,
0.13,-1.06,
0.13,-1.06,
-13.43,-1.06,
-13.43,-4.6,
-13.43,-4.6,
-13.43,-4.6,
-13.43,-4.6,
-13.43,-4.6,
-13.43,-4.6,
-13.43,-4.6,
-29.12,-3.23,
-29.12,-3.23,
-29.12,-3.23,
-29.12,-3.23,
-29.12,-3.23,
-29.12,-3.23,
-18.98,-3.23,
-18.98,-5.91,
-18.98,-5.91,
-18.98,-5.91,
-18.98,-5.91,
-18.98,-5.91,
-18.98,-5.91,
-18.98,-5.91,
-18.98,-5.91,
-13.5,-5.91,
-13.5,-2.82,
-13.5,-2.82,
-13.5,-2.82,
-13.5,-2.82,
-13.5,-2.82,
-13.5,-2.82,
-13.5,-2.82,
-1.64,-1.31,
-1.64,-1.31,
-1.64,-1.31,
-1.64,-1.31,
-1.64,-1.31,
-1.64,-1.31,
-1.64,-1.31,
-1.64,-1.31,
-1.64,-1.31,
5.26,10.07,
5.26,10.07,
8.47,10.07,
8.47,10.07,
8.47,16.09,
8.47,16.09,
8.47,16.09,
8.47,16.09,
8.47,16.09,
8.47,16.09,
8.47,16.09,
11.06,21.32,
11.06,21.32,
12.3,23.71,
12.3,23.71,
12.68,21.31,
12.68,21.31,
12.68,21.31,
12.68,21.31,
10.38,16.17,
10.38,16.17,
9.19,13.49,
9.19,13.49,
9.19,13.49,
9.19,13.49,
5.8,7.98,
5.8,7.98,
5.8,7.98,
5.8,7.98,
5.8,7.98,
5.8,7.98,
5.8,7.98,
5.8,7.98,
4.08,5.34,
4.08,5.34,
4.08,5.34,
4.08,5.34,
4.08,5.34,
4.08,5.34,
4.08,5.34,
4.08,5.34,
4.08,5.34,
4.08,5.34,
4.08,5.34,
4.08,5.34,
-0.46,5.34,
-0.46,3.07,
-0.46,3.07,
-0.46,3.07,
-0.46,3.07,
-2.65,1.38,
-2.65,1.38,
-2.65,1.38,
-2.65,1.38,
-2.65,1.38,
-2.65,1.38,
-2.65,1.38,
-2.65,1.38,
-2.65,1.38,
-2.65,1.38,
-2.65,1.38,
-2.65,1.38,
-4.81,1.38,
-4.81,0.54,
-4.81,0.54,
-4.81,0.54,
-4.81,0.54,
-4.81,0.54,
-4.81,0.54,
-4.55,0.54,
-4.55,-0.23,
-4.55,-0.23,
-4.55,-0.23,
-4.55,-0.23,
-4.55,-0.23,
-4.55,-0.23,
-4.41,-0.61,
-4.41,-0.61,
-4.41,-0.61,
-4.41,-0.61,
-4.41,-0.61,
-4.41,-0.61,
-4.41,-0.61,
-4.41,-0.61,
-4.41,-0.61,
-2.12,-0.61,
-2.12,2.23,
-2.12,2.23,
-2.12,2.23,
-2.12,2.23,
-2.12,2.23,
-2.12,2.23,
-2.12,2.23,
-2.12,2.23,
-0.94,2.23,
-0.94,3.7,
-0.94,3.7,
-0.94,3.7,
-0.94,3.7,
-0.94,3.7,
-0.94,3.7,
-0.94,3.7,
-0.94,3.7,
-0.94,3.7,
-0.94,3.7,
2.31,3.7,
2.31,5.4,
2.31,5.4,
2.31,5.4,
2.31,5.4,
2.31,5.4,
2.31,5.4,
4.3,5.65,
4.3,5.65,
4.3,5.65,
4.3,5.65,
4.3,5.65,
4.3,5.65,
4.3,5.65,
5.28,5.78,
5.28,5.78,
5.28,5.78,
5.28,5.78,
5.28,5.78,
5.28,5.78,
5.28,5.78,
4.05,5.78,
4.05,5.78,
4.05,5.78,
4.05,5.78,
4.05,5.78,
4.05,7.46,
4.05,7.46,
4.05,7.46,
4.05,7.46,
4.05,7.46,
4.05,7.46,
4.05,7.46,
4.05,7.46,
4.05,7.46,
4.05,7.46,
4.05,7.46,
4.05,7.46,
3.44,7.46,
3.44,8.31,
3.44,8.31,
3.44,8.31,
3.44,8.31,
3.44,8.31,
3.44,8.31,
3.44,8.31,
3.44,8.31,
3.44,8.31,
3.44,8.31,
2.36,8.03,
2.36,8.03,
2.36,8.03,
2.36,8.03,
2.36,8.03,
2.36,8.03,
2.36,8.03,
1.83,6.94,
1.83,6.94,
1.83,6.94,
1.83,6.94,
1.83,6.94,
1.83,6.94,
1.83,6.94,
1.83,6.94,
1.22,6.4,
1.22,6.4,
1.22,6.4,
1.22,6.4,
1.22,6.4,
1.22,6.4,
1.03,6.4,
1.03,4.68,
1.03,4.68,
1.03,4.68,
1.03,4.68,
1.03,4.68,
1.03,4.68,
1.03,4.68,
0.93,4.68,
0.93,3.84,
0.93,3.84,
0.93,3.84,
0.93,3.84,
0.93,3.84,
0.93,3.84,
0.93,3.84,
0.93,3.84,
1.05,3.84,
1.05,4.54,
1.05,4.54,
1.05,4.54,
1.05,4.54,
1.05,4.54,
1.05,4.54,
1.11,4.54,
1.11,6.2,
1.11,6.2,
1.11,6.2,
1.11,6.2,
1.11,6.2,
1.11,6.2,
1.11,6.2,
1.11,6.2,
1.11,6.2,
0.77,6.2,
0.77,6.2,
0.77,6.2,
0.77,7.02,
0.77,7.02,
0.77,7.02,
0.77,7.02,
0.77,7.02,
0.77,7.02,
0.77,7.02,
0.77,7.02,
0.77,7.02,
0.77,7.02,
0.77,7.02,
0.77,7.02,
0.77,7.02,
0.77,7.02,
0.77,7.02,
0.77,7.02,
0.77,7.02,
0.57,5.62,
0.57,5.62,
0.57,5.62,
0.57,5.62,
0.57,5.62,
0.57,5.62,
0.57,5.62,
0.57,5.62,
0.47,5.62,
1.03,3.83,
1.03,3.83,
1.03,3.83,
1.03,3.83,
1.31,3.83,
1.31,3.28,
1.31,3.28,
1.31,3.28,
1.31,3.28,
1.31,3.28,
1.31,3.28,
1.31,3.28,
1.31,3.28,
2.01,3.95,
2.01,3.95,
2.01,3.95,
2.01,3.95,
2.01,3.95,
2.01,3.95,
2.01,3.95,
2.01,3.95,
2.35,3.23,
2.35,3.23,
2.35,3.23,
2.35,3.23,
2.35,3.23,
2.35,3.23,
2.35,3.23,
2.35,3.23,
2.35,3.23,
3.33,2.88,
3.33,2.88,
3.33,2.88,
3.33,2.88,
3.33,2.88,
3.33,2.88,
4.29,2.88,
4.29,2.96,
4.29,2.96,
4.29,2.96,
4.29,2.96,
4.77,3.0,
4.77,3.0,
4.77,3.0,
4.71,3.35,
4.71,3.35,
4.71,3.35,
4.71,3.35,
4.71,3.35,
4.71,3.35,
4.69,3.35,
4.69,2.51,
4.69,2.51,
4.69,2.51,
4.69,2.51,
4.69,2.51,
3.31,2.09,
3.31,2.09,
3.31,2.09,
3.31,2.09,
3.31,2.09,
3.31,2.09,
1.92,1.21,
1.92,1.21,
1.92,1.21,
1.92,1.21,
1.92,1.21,
1.22,0.78,
1.22,0.78,
1.22,0.78,
1.22,0.78,
1.22,0.78,
1.22,0.78,
1.22,0.78,
0.76,-0.38,
0.76,-0.38,
0.76,-0.38,
0.76,-0.38,
0.76,-0.38,
0.76,-0.38,
0.76,-0.38,
0.76,-0.38,
0.76,-0.38,
0.52,-0.97,
0.52,-0.97,
0.52,-0.97,
0.52,-0.97,
0.52,-0.97,
-0.0,-0.97,
-0.0,-0.48,
-0.0,-0.48,
-0.0,-0.48,
-0.0,-0.48,
-0.0,-0.48,
-0.0,-0.48,
-0.0,-0.48,
-0.0,-0.48,
-0.0,-0.48,
-0.27,-0.48,
-0.27,-1.2,
-0.27,-1.2,
-0.27,-1.2,
-0.27,-1.2,
-0.27,-1.2,
-0.27,-1.2,
-0.27,-1.2,
-0.27,-1.2,
-0.67,-1.56,
-0.67,-1.56,
-0.67,-1.56,
-0.67,-1.56,
-0.67,-1.56,
-0.67,-1.56,
-1.31,-1.57,
-1.31,-1.57,
-1.31,-1.57,
-1.31,-1.57,
-1.31,-1.57,
-1.31,-1.57,
-1.31,-1.57,
-1.31,-1.57,
-1.31,-1.57,
-1.31,-1.57,
-1.62,-1.57,
-1.62,-1.57,
-1.62,-1.57,
-1.62,-1.57,
-1.62,-1.57,
-1.62,-1.57,
-1.62,-1.57,
-1.62,-1.57,
-2.97,-2.53,
-2.97,-2.53,
-2.97,-2.53,
-2.97,-2.53,
-2.97,-2.53,
-2.97,-2.53,
-3.63,-4.72,
-3.63,-4.72,
-3.63,-4.72,
-3.63,-4.72,
-3.63,-4.72,
-3.63,-4.72,
-3.63,-4.72,
-3.63,-4.72,
-3.63,-4.72,
-3.63,-4.72,
-3.63,-4.72,
-3.63,-4.72,
-3.63,-4.72,
-3.63,-4.72,
-3.63,-4.72,
-3.63,-4.72,
-6.24,-5.8,
-6.24,-5.8,
-8.91,-7.86,
-8.91,-7.86,
-8.91,-7.86,
-10.24,-8.9,
-10.24,-8.9,
-10.24,-8.9,
-10.24,-8.9,
-10.24,-8.9,
-10.44,-8.9,
-10.44,-8.95,
-10.44,-8.95,
-10.44,-8.95,
-10.44,-8.95,
-10.44,-8.95,
-10.44,-8.95,
-10.54,-8.97,
-10.54,-8.97,
-10.54,-8.97,
-10.54,-8.97,
-10.54,-8.97,
-10.54,-8.97,
-8.23,-6.91,
-8.23,-6.91,
-8.23,-6.91,
-8.23,-6.91,
-8.23,-6.91,
-8.23,-6.91,
-8.23,-6.91,
-7.06,-5.1,
-7.06,-5.1,
-7.06,-5.1,
-7.06,-5.1,
-7.06,-5.1,
-7.06,-5.1,
-7.06,-5.1,
-7.06,-5.1,
-4.83,-5.1,
-4.83,-4.19,
-4.83,-4.19,
-4.83,-4.19,
-4.83,-4.19,
-4.83,-4.19,
-4.83,-4.19,
-3.37,-3.95,
-3.37,-3.95,
-3.37,-3.95,
-3.37,-3.95,
-3.37,-3.95,
-3.37,-3.95,
-2.65,-3.83,
-2.65,-3.83,
-2.65,-3.83,
-2.65,-3.83,
-2.65,-3.83,
-2.65,-3.83,
-2.65,-3.77,
-2.65,-3.77,
-2.65,-3.77,
-2.65,-3.77,
-2.65,-3.77,
-2.65,-3.77,
-2.65,-3.67,
-2.65,-3.67,
-2.65,-3.67,
-2.65,-3.67,
-2.65,-3.67,
-2.65,-3.67,
-2.65,-3.67,
-2.65,-3.67,
-3.22,-3.61,
-3.22,-3.61,
-3.22,-3.61,
-3.68,-4.28,
-3.68,-4.28,
-3.68,-4.28,
-3.92,-4.62,
-3.92,-4.62,
-3.92,-4.62,
-3.92,-4.62,
-3.92,-4.62,
-3.92,-4.62,
-3.92,-4.62,
-3.92,-4.62,
-4.19,-4.88,
-4.19,-4.88,
-4.19,-4.88,
-4.19,-4.88,
