1.47,-0.27,
1.47,-0.28,
1.47,-0.28,
1.47,-0.28,
1.47,-0.28,
1.47,-0.28,
1.48,-0.28,
1.48,-0.28,
1.48,-0.28,
1.48,-0.28,
1.48,-0.28,
1.48,-0.28,
1.49,-0.28,
1.49,-0.28,
1.49,-0.28,
1.49,-0.28,
1.49,-0.28,
1.49,-0.28,
1.49,-0.28,
1.49,-0.28,
1.49,-0.28,
1.49,-0.28,
1.49,-0.28,
1.54,-0.22,
1.54,-0.22,
1.54,-0.22,
1.54,-0.22,
1.54,-0.22,
1.54,-0.22,
1.54,-0.22,
1.54,-0.22,
1.54,-0.22,
1.54,-0.19,
1.54,-0.19,
1.56,-0.19,
1.56,-0.19,
1.56,-0.19,
1.56,-0.19,
1.56,-0.19,
1.56,-0.19,
1.56,-0.22,
1.56,-0.22,
1.56,-0.22,
1.56,-0.22,
1.56,-0.22,
1.56,-0.22,
1.56,-0.22,
1.56,-0.22,
1.56,-0.24,
1.56,-0.24,
1.56,-0.24,
1.53,-0.24,
1.53,-0.24,
1.53,-0.24,
1.53,-0.24,
1.53,-0.24,
1.53,-0.24,
1.53,-0.24,
1.53,-0.24,
1.51,-0.24,
1.51,-0.24,
1.51,-0.24,
1.51,-0.24,
1.51,-0.24,
1.51,-0.24,
1.51,-0.24,
1.51,-0.24,
1.51,-0.24,
1.51,-0.25,
1.51,-0.25,
1.51,-0.25,
1.51,-0.25,
1.51,-0.25,
1.51,-0.25,
1.51,-0.25,
1.51,-0.25,
1.51,-0.25,
1.51,-0.25,
1.51,-0.25,
1.51,-0.25,
1.51,-0.25,
1.51,-0.25,
1.51,-0.25,
1.51,-0.25,
1.51,-0.25,
1.51,-0.25,
1.51,-0.17,
1.57,-0.17,
1.57,-0.17,
1.57,-0.17,
1.57,-0.17,
1.57,-0.17,
1.57,-0.17,
1.57,-0.17,
1.57,-0.17,
1.57,-0.17,
1.57,-0.13,
1.57,-0.13,
1.6,-0.13,
1.6,-0.13,
1.6,-0.13,
1.6,-0.13,
1.6,-0.13,
1.6,-0.13,
1.6,-0.13,
1.6,-0.1,
1.69,-0.1,
1.69,-0.1,
1.69,-0.1,
1.69,-0.1,
1.69,-0.1,
1.69,-0.1,
1.69,-0.1,
1.69,-0.1,
1.69,-0.1,
1.69,-0.1,
1.69,-0.1,
1.69,-0.07,
1.77,-0.07,
1.77,-0.07,
1.77,-0.07,
1.77,-0.07,
1.77,-0.07,
1.77,-0.07,
1.77,-0.07,
1.77,-0.05,
1.82,-0.05,
1.82,-0.05,
1.82,-0.05,
1.82,-0.05,
1.82,-0.05,
1.82,-0.05,
1.82,-0.05,
1.82,-0.05,
1.82,-0.05,
1.82,-0.05,
1.81,-0.06,
1.81,-0.06,
1.81,-0.06,
1.81,-0.06,
1.81,-0.06,
1.81,-0.06,
1.81,-0.06,
1.81,-0.06,
1.81,-0.06,
1.81,-0.07,
1.81,-0.07,
1.8,-0.07,
1.8,-0.07,
1.8,-0.07,
1.8,-0.07,
1.8,-0.07,
1.8,-0.07,
1.8,-0.07,
1.8,-0.09,
1.8,-0.09,
1.69,-0.09,
1.69,-0.09,
1.69,-0.09,
1.69,-0.09,
1.69,-0.09,
1.69,-0.1,
1.59,-0.1,
1.59,-0.1,
1.59,-0.1,
1.59,-0.1,
1.59,-0.1,
1.59,-0.1,
1.59,-0.1,
1.59,-0.1,
1.54,-0.13,
1.54,-0.13,
1.54,-0.13,
1.54,-0.13,
1.54,-0.13,
1.54,-0.13,
1.54,-0.13,
1.54,-0.13,
1.54,-0.13,
1.54,-0.13,
1.54,-0.13,
1.54,-0.13,
1.54,-0.13,
1.54,-0.13,
1.54,-0.13,
1.54,-0.08,
1.51,-0.08,
1.51,-0.08,
1.51,-0.08,
1.51,-0.08,
1.51,-0.08,
1.51,-0.08,
1.51,-0.08,
1.51,-0.08,
1.51,-0.05,
1.49,-0.05,
1.49,-0.05,
1.49,-0.05,
1.49,-0.05,
1.49,-0.05,
1.49,-0.05,
1.49,-0.05,
1.49,-0.05,
1.49,-0.12,
1.55,-0.12,
1.55,-0.12,
1.55,-0.12,
1.55,-0.12,
1.55,-0.12,
1.55,-0.16,
1.58,-0.16,
1.58,-0.16,
1.58,-0.16,
1.58,-0.16,
1.58,-0.16,
1.58,-0.16,
1.58,-0.16,
1.58,-0.16,
1.58,-0.16,
1.58,-0.22,
1.58,-0.22,
1.59,-0.22,
1.59,-0.22,
1.59,-0.22,
1.59,-0.22,
1.59,-0.22,
1.59,-0.22,
1.59,-0.22,
1.59,-0.22,
1.59,-0.3,
1.59,-0.3,
1.54,-0.3,
1.54,-0.3,
1.54,-0.3,
1.54,-0.3,
1.54,-0.3,
1.54,-0.3,
1.54,-0.35,
1.52,-0.35,
1.52,-0.35,
1.52,-0.35,
1.52,-0.35,
1.52,-0.35,
1.52,-0.35,
1.52,-0.35,
1.52,-0.35,
1.46,-0.2,
1.46,-0.2,
1.46,-0.2,
1.46,-0.2,
1.46,-0.2,
1.46,-0.2,
1.46,-0.2,
1.46,-0.2,
1.46,-0.2,
1.46,-0.2,
1.46,-0.2,
1.46,-0.2,
1.46,-0.13,
1.44,-0.13,
1.44,-0.13,
1.44,-0.13,
1.44,-0.13,
1.44,-0.13,
1.44,-0.13,
1.44,-0.13,
1.44,-0.16,
1.5,-0.16,
1.5,-0.16,
1.5,-0.16,
1.5,-0.16,
1.5,-0.16,
1.5,-0.16,
1.5,-0.16,
1.5,-0.16,
1.5,-0.18,
1.52,-0.18,
1.52,-0.18,
1.52,-0.18,
1.52,-0.18,
1.52,-0.18,
1.52,-0.18,
1.52,-0.18,
1.52,-0.18,
1.52,-0.18,
1.52,-0.2,
1.54,-0.2,
1.54,-0.2,
1.54,-0.2,
1.54,-0.2,
1.54,-0.2,
1.54,-0.2,
1.54,-0.2,
1.54,-0.2,
1.54,-0.2,
1.54,-0.24,
1.6,-0.24,
1.6,-0.24,
1.6,-0.24,
1.6,-0.24,
1.6,-0.24,
1.6,-0.24,
1.6,-0.24,
1.6,-0.24,
1.6,-0.24,
1.6,-0.24,
1.6,-0.24,
1.6,-0.26,
1.63,-0.26,
1.63,-0.26,
1.63,-0.26,
1.63,-0.26,
1.63,-0.26,
1.63,-0.26,
1.63,-0.18,
1.7,-0.18,
1.7,-0.18,
1.7,-0.18,
1.7,-0.18,
1.7,-0.18,
1.7,-0.18,
1.7,-0.15,
1.74,-0.15,
1.74,-0.15,
1.74,-0.15,
1.74,-0.15,
1.74,-0.15,
1.74,-0.15,
1.74,-0.15,
1.74,-0.15,
1.74,-0.15,
1.72,-0.06,
1.72,-0.06,
1.72,-0.06,
1.72,-0.06,
1.72,-0.06,
1.72,-0.06,
1.72,-0.06,
1.72,-0.06,
1.72,-0.03,
1.72,-0.03,
1.72,-0.03,
1.72,-0.03,
1.71,-0.03,
1.71,-0.03,
1.71,-0.03,
1.71,-0.03,
1.71,-0.03,
1.71,-0.03,
1.71,-0.03,
1.71,-0.03,
1.71,-0.03,
1.71,-0.03,
1.7,-0.02,
1.7,-0.02,
1.7,-0.02,
1.7,-0.02,
1.7,-0.02,
1.7,-0.02,
1.7,-0.06,
1.7,-0.06,
1.7,-0.06,
1.7,-0.06,
1.7,-0.06,
1.7,-0.06,
1.7,-0.06,
1.7,-0.06,
1.7,-0.06,
1.7,-0.06,
1.7,-0.06,
1.7,-0.09,
1.7,-0.09,
1.7,-0.09,
1.7,-0.09,
1.7,-0.09,
1.7,-0.09,
1.7,-0.09,
1.7,-0.09,
1.72,-0.07,
1.72,-0.07,
1.72,-0.07,
1.72,-0.07,
1.72,-0.07,
1.72,-0.07,
1.72,-0.07,
1.72,-0.07,
1.72,0.02,
1.73,0.02,
1.73,0.02,
1.73,0.02,
1.73,0.02,
1.73,0.02,
1.73,0.02,
1.73,0.02,
1.73,0.02,
1.73,0.02,
1.73,0.07,
1.74,0.07,
1.74,0.07,
1.74,0.07,
1.74,0.07,
1.74,0.07,
1.74,0.07,
1.74,0.07,
1.74,0.07,
1.74,0.07,
1.74,0.07,
1.74,0.07,
1.74,0.07,
1.74,0.07,
1.74,0.07,
1.74,0.07,
1.74,0.08,
1.74,0.08,
1.74,0.08,
1.74,0.08,
1.74,0.08,
1.74,0.08,
1.74,0.08,
1.74,0.08,
1.74,0.08,
1.74,0.08,
1.73,0.26,
1.73,0.26,
1.73,0.26,
1.73,0.26,
1.73,0.26,
1.73,0.26,
1.73,0.26,
1.73,0.26,
1.73,0.26,
1.73,0.35,
1.72,0.35,
1.72,0.35,
1.72,0.35,
1.72,0.35,
1.72,0.35,
1.72,0.35,
1.72,0.35,
1.72,0.35,
1.72,0.35,
1.72,0.65,
1.87,0.65,
1.87,0.65,
1.87,0.65,
1.87,0.65,
1.87,0.65,
1.87,0.65,
1.87,0.65,
1.87,0.65,
1.87,0.65,
1.87,0.65,
1.87,1.15,
1.95,1.15,
1.95,1.15,
1.95,1.15,
1.95,1.15,
1.95,1.15,
1.95,1.15,
1.95,1.15,
1.95,1.39,
1.99,1.39,
1.99,1.39,
1.99,1.39,
1.99,1.39,
1.99,1.39,
1.99,1.39,
1.99,1.39,
1.99,1.39,
1.99,1.39,
1.99,1.39,
1.99,1.39,
1.99,1.39,
1.96,1.94,
1.96,1.94,
1.96,1.94,
1.96,1.94,
1.96,1.94,
1.96,1.94,
1.96,1.94,
1.96,1.94,
1.96,1.94,
1.96,2.21,
1.94,2.21,
1.94,2.21,
1.94,2.21,
1.94,2.21,
1.94,2.21,
1.94,2.21,
1.94,2.69,
2.16,2.69,
2.16,2.69,
2.16,2.69,
2.16,2.69,
2.16,2.69,
2.16,2.69,
2.16,2.69,
2.16,2.69,
2.16,2.81,
2.16,2.81,
2.16,2.81,
2.27,2.81,
2.27,2.81,
2.27,2.81,
2.27,2.81,
2.27,2.81,
2.27,2.87,
2.27,2.87,
3.04,2.87,
3.04,2.87,
3.04,2.87,
3.04,2.87,
3.04,2.87,
3.04,2.87,
3.04,2.87,
3.04,2.87,
3.04,2.87,
3.04,2.87,
3.04,2.87,
3.04,2.87,
3.04,2.87,
3.04,2.87,
3.83,1.81,
3.83,1.81,
3.83,1.81,
3.83,1.81,
3.83,1.81,
3.83,1.81,
3.83,1.28,
4.23,1.28,
4.23,1.28,
4.23,1.28,
4.23,1.28,
4.23,1.28,
4.23,1.28,
4.23,1.28,
4.23,1.28,
4.59,1.11,
4.59,1.11,
4.59,1.11,
4.59,1.11,
4.59,1.11,
4.59,1.11,
4.59,1.11,
4.59,1.11,
4.59,1.11,
4.59,1.03,
4.77,1.03,
4.77,1.03,
4.77,1.03,
4.77,1.03,
4.77,1.03,
4.77,1.03,
4.77,1.03,
4.77,1.03,
4.77,1.03,
4.77,1.03,
4.77,0.89,
4.81,0.89,
4.81,0.89,
4.81,0.89,
4.81,0.89,
4.81,0.89,
4.81,0.89,
4.81,0.89,
4.81,0.89,
4.88,0.46,
4.88,0.46,
4.88,0.46,
4.88,0.46,
4.88,0.46,
4.88,0.46,
4.88,0.46,
4.92,0.24,
4.92,0.24,
4.92,0.24,
4.92,0.24,
4.92,0.24,
4.92,0.24,
4.92,0.24,
4.92,0.24,
4.92,0.24,
4.92,-0.56,
4.92,-0.56,
4.8,-0.56,
4.8,-0.56,
4.8,-0.56,
4.8,-0.56,
4.8,-0.56,
4.8,-0.56,
4.8,-0.56,
4.8,-0.56,
4.8,-0.56,
4.8,-0.97,
4.74,-0.97,
4.74,-0.97,
4.74,-0.97,
4.74,-0.97,
4.74,-0.97,
4.74,-0.97,
4.74,-0.97,
4.74,-0.97,
4.74,-0.97,
4.74,-0.97,
4.61,-1.79,
4.61,-1.79,
4.61,-1.79,
4.61,-1.79,
4.61,-1.79,
4.61,-1.79,
4.61,-1.79,
4.61,-1.79,
4.61,-1.79,
4.61,-2.21,
4.54,-2.21,
4.54,-2.21,
4.54,-2.21,
4.54,-2.21,
4.54,-2.21,
4.54,-2.21,
4.54,-2.21,
4.54,-2.21,
4.54,-2.21,
4.54,-2.21,
4.54,-2.21,
4.18,-2.64,
4.18,-2.64,
4.18,-2.64,
4.18,-2.64,
4.18,-2.64,
4.18,-2.64,
4.18,-2.64,
4.18,-2.64,
4.18,-2.64,
4.18,-2.64,
3.57,-2.71,
3.57,-2.71,
3.57,-2.71,
3.57,-2.71,
3.57,-2.71,
3.57,-2.71,
3.57,-2.71,
3.57,-2.71,
3.27,-2.75,
3.27,-2.75,
3.27,-2.75,
3.27,-2.75,
3.27,-2.75,
3.27,-2.75,
3.27,-2.75,
3.27,-2.75,
3.27,-2.75,
2.67,-2.72,
2.67,-2.72,
2.67,-2.72,
2.67,-2.72,
2.67,-2.72,
2.67,-2.72,
2.67,-2.72,
2.67,-2.72,
2.67,-2.72,
2.37,-2.7,
2.37,-2.7,
2.37,-2.7,
2.37,-2.7,
2.37,-2.7,
2.37,-2.7,
2.37,-2.7,
2.37,-2.46,
2.37,-2.46,
2.0,-2.46,
2.0,-2.46,
2.0,-2.46,
2.0,-2.46,
2.0,-2.46,
2.0,-2.46,
2.0,-2.46,
2.0,-2.13,
1.92,-2.13,
1.92,-2.13,
1.92,-2.13,
1.92,-2.13,
1.92,-2.13,
1.92,-2.13,
1.92,-2.13,
1.92,-2.13,
1.92,-2.13,
1.92,-2.13,
1.92,-1.96,
1.92,-1.96,
1.87,-1.96,
1.87,-1.96,
1.87,-1.96,
1.87,-1.96,
1.87,-1.96,
1.87,-1.96,
1.87,-1.8,
1.87,-1.8,
1.87,-1.8,
2.12,-1.8,
2.12,-1.8,
2.12,-1.8,
2.12,-1.8,
2.12,-1.8,
2.12,-1.8,
2.12,-1.8,
2.12,-1.8,
2.12,-1.8,
2.25,-1.73,
2.25,-1.73,
2.25,-1.73,
2.25,-1.73,
2.25,-1.73,
2.25,-1.73,
2.25,-1.73,
2.25,-1.78,
2.59,-1.78,
2.59,-1.78,
2.59,-1.78,
2.59,-1.78,
2.59,-1.78,
2.59,-1.78,
2.59,-1.78,
2.59,-1.78,
2.59,-1.78,
2.59,-1.78,
2.59,-1.78,
2.59,-1.78,
2.59,-1.78,
2.59,-1.78,
2.59,-1.78,
2.59,-1.78,
2.59,-1.78,
2.76,-1.76,
2.76,-1.76,
2.76,-1.76,
2.76,-1.76,
2.76,-1.76,
2.76,-1.76,
2.76,-1.74,
3.09,-1.74,
3.09,-1.74,
3.09,-1.74,
3.09,-1.74,
3.09,-1.74,
3.09,-1.74,
3.09,-1.74,
3.09,-1.74,
3.09,-1.74,
3.09,-1.67,
3.09,-1.67,
3.42,-1.67,
3.42,-1.67,
3.42,-1.67,
3.42,-1.67,
3.42,-1.67,
3.42,-1.67,
3.58,-1.63,
3.58,-1.63,
3.58,-1.63,
3.58,-1.63,
3.58,-1.63,
3.58,-1.63,
3.58,-1.63,
3.58,-1.63,
3.58,-1.63,
3.58,-1.63,
3.58,-1.64,
3.73,-1.64,
3.73,-1.64,
3.73,-1.64,
3.73,-1.64,
3.73,-1.64,
3.73,-1.64,
3.81,-1.64,
3.81,-1.64,
3.81,-1.64,
3.81,-1.64,
3.81,-1.64,
3.81,-1.64,
3.86,-2.06,
3.86,-2.06,
3.86,-2.06,
3.86,-2.06,
3.86,-2.06,
3.86,-2.06,
3.86,-2.06,
3.86,-2.06,
3.86,-2.06,
3.76,-2.34,
3.76,-2.34,
3.76,-2.34,
3.76,-2.34,
3.76,-2.34,
3.76,-2.34,
3.76,-2.48,
3.76,-2.48,
3.76,-2.48,
3.71,-2.48,
3.71,-2.48,
3.71,-2.48,
3.71,-2.48,
3.71,-2.48,
3.71,-2.48,
3.71,-2.48,
3.71,-2.48,
3.71,-2.48,
3.71,-2.48,
3.71,-2.48,
3.71,-2.88,
3.63,-2.88,
3.63,-2.88,
3.63,-2.88,
3.63,-2.88,
3.63,-2.88,
3.59,-3.08,
3.59,-3.08,
3.59,-3.08,
3.59,-3.08,
3.59,-3.08,
3.59,-3.08,
3.59,-3.08,
3.59,-3.08,
3.36,-4.18,
3.36,-4.18,
3.36,-4.18,
3.36,-4.18,
3.36,-4.18,
3.36,-4.18,
3.36,-4.18,
3.36,-4.18,
3.36,-4.18,
3.36,-4.18,
3.36,-4.18,
3.36,-4.18,
3.24,-4.8,
3.24,-4.8,
3.24,-4.8,
3.24,-4.8,
3.24,-4.8,
3.24,-4.8,
3.24,-4.8,
3.24,-4.8,
3.24,-4.8,
3.24,-5.11,
2.9,-5.11,
2.9,-5.11,
2.9,-5.11,
2.9,-5.11,
2.9,-5.11,
2.9,-5.11,
2.9,-5.11,
2.9,-4.82,
2.53,-4.82,
2.53,-4.82,
2.53,-4.82,
2.53,-4.82,
2.53,-4.82,
2.53,-4.82,
2.53,-4.82,
2.53,-4.82,
2.53,-4.67,
2.53,-4.67,
2.53,-4.67,
2.35,-4.67,
2.35,-4.67,
2.35,-4.67,
2.35,-4.67,
2.35,-4.67,
2.35,-4.67,
2.35,-4.67,
2.35,-4.67,
2.68,-4.54,
2.68,-4.54,
2.68,-4.54,
2.68,-4.54,
2.68,-4.54,
2.68,-4.54,
2.68,-4.54,
2.68,-4.54,
2.68,-4.54,
2.68,-4.54,
2.68,-4.54,
2.68,-4.54,
2.68,-4.54,
2.68,-4.54,
2.85,-4.47,
2.85,-4.47,
2.85,-4.47,
2.85,-4.47,
2.85,-4.47,
2.85,-4.47,
2.85,-4.47,
3.32,-4.47,
3.32,-4.47,
3.32,-4.47,
3.32,-4.47,
3.32,-4.47,
3.75,-4.42,
3.75,-4.42,
3.75,-4.42,
3.75,-4.42,
3.75,-4.42,
3.75,-4.42,
3.75,-4.42,
3.75,-4.42,
3.75,-4.42,
3.75,-4.42,
3.75,-4.42,
3.75,-4.42,
3.75,-4.42,
3.75,-4.42,
3.75,-4.42,
3.75,-4.42,
3.75,-4.42,
3.96,-4.39,
3.96,-4.39,
3.96,-4.39,
3.96,-4.39,
3.96,-4.39,
3.96,-4.39,
3.96,-4.39,
3.96,-4.39,
4.05,-4.75,
4.05,-4.75,
4.05,-4.75,
4.05,-4.75,
4.05,-4.75,
4.05,-4.75,
4.1,-4.93,
4.1,-4.93,
4.1,-4.93,
4.1,-4.93,
4.1,-4.93,
4.1,-4.93,
4.1,-4.93,
4.1,-4.93,
4.1,-4.93,
4.1,-5.8,
4.75,-5.8,
4.75,-5.8,
4.75,-5.8,
4.75,-5.8,
4.75,-5.8,
4.75,-5.8,
4.75,-5.99,
5.08,-5.99,
5.08,-5.99,
5.08,-5.99,
5.08,-5.99,
5.08,-5.99,
5.08,-5.99,
5.08,-5.99,
5.08,-5.99,
5.08,-5.99,
5.08,-5.99,
5.29,-6.09,
5.29,-6.09,
5.29,-6.09,
5.29,-6.09,
5.29,-6.09,
5.29,-6.09,
5.29,-6.09,
5.29,-6.09,
5.29,-6.09,
5.29,-5.67,
4.86,-5.67,
4.86,-5.67,
4.86,-5.67,
4.86,-5.67,
4.86,-5.67,
4.86,-5.67,
4.86,-5.67,
4.86,-5.67,
4.86,-5.67,
4.86,-5.67,
4.86,-5.67,
4.86,-5.67,
4.86,-5.67,
4.86,-5.67,
4.86,-5.67,
4.65,-5.47,
4.65,-5.47,
4.65,-5.47,
4.65,-5.47,
4.65,-5.47,
5.1,-5.81,
5.1,-5.81,
5.1,-5.81,
5.1,-5.81,
5.1,-5.81,
5.1,-5.81,
5.1,-5.81,
5.32,-5.98,
5.32,-5.98,
5.32,-5.98,
5.32,-5.98,
5.32,-5.98,
5.32,-5.98,
5.32,-5.98,
5.32,-5.98,
5.32,-5.98,
5.32,-5.98,
5.32,-5.98,
5.87,-5.98,
5.87,-5.98,
5.87,-5.98,
5.87,-5.98,
5.87,-5.98,
5.87,-5.98,
5.87,-5.98,
5.87,-5.98,
6.6,-5.26,
6.6,-5.26,
6.6,-5.26,
6.6,-5.26,
6.6,-5.26,
6.6,-5.26,
6.6,-5.26,
6.6,-5.26,
6.96,-4.91,
6.96,-4.91,
6.96,-4.91,
6.96,-4.91,
6.96,-4.91,
6.96,-4.91,
6.96,-4.91,
6.96,-4.91,
6.96,-4.91,
6.96,-4.21,
6.96,-4.21,
6.83,-4.21,
6.83,-4.21,
6.83,-4.21,
6.83,-4.21,
6.83,-4.21,
6.83,-4.21,
6.83,-4.21,
6.83,-4.21,
6.83,-4.21,
6.83,-3.85,
6.77,-3.85,
6.77,-3.85,
6.77,-3.85,
6.77,-3.85,
6.77,-3.85,
6.77,-3.85,
6.77,-3.85,
6.77,-3.85,
6.77,-3.85,
6.77,-3.85,
6.77,-3.85,
6.77,-3.85,
6.77,-3.85,
6.77,-3.85,
6.77,-3.85,
5.76,-3.43,
5.76,-3.43,
5.76,-3.43,
5.76,-3.43,
5.26,-3.92,
5.26,-3.92,
5.26,-3.92,
5.26,-3.92,
5.26,-3.92,
5.26,-3.92,
5.26,-3.92,
5.26,-3.92,
4.12,-4.17,
4.12,-4.17,
4.12,-4.17,
4.12,-4.17,
4.12,-4.17,
4.12,-4.17,
4.12,-4.17,
4.12,-4.17,
4.12,-4.17,
2.77,-6.38,
2.77,-6.38,
2.77,-6.38,
2.77,-6.38,
2.77,-6.38,
2.77,-6.38,
2.77,-6.38,
2.77,-6.38,
2.1,-7.48,
2.1,-7.48,
2.1,-7.48,
2.1,-7.48,
2.1,-7.48,
2.1,-7.48,
2.1,-7.48,
2.1,-7.48,
2.1,-7.48,
2.1,-7.48,
1.6,-10.26,
1.6,-10.26,
1.6,-10.26,
1.6,-10.26,
1.6,-10.26,
1.6,-10.26,
1.6,-10.26,
1.6,-10.26,
1.6,-10.26,
1.6,-10.26,
1.6,-10.26,
1.36,-11.64,
1.36,-11.64,
1.36,-11.64,
1.36,-11.64,
1.36,-11.64,
1.36,-11.64,
1.36,-11.64,
1.36,-11.64,
1.36,-11.64,
1.7,-12.94,
1.7,-12.94,
1.7,-12.94,
1.7,-12.94,
1.7,-12.94,
1.7,-12.94,
1.7,-12.94,
1.7,-12.94,
1.7,-12.94,
1.7,-12.94,
1.7,-12.94,
1.7,-12.94,
1.7,-12.94,
2.02,-13.09,
2.02,-13.09,
2.02,-13.09,
2.02,-13.09,
2.02,-13.09,
2.02,-13.09,
2.02,-13.09,
2.02,-13.09,
2.17,-13.16,
2.17,-13.16,
2.17,-13.16,
2.17,-13.16,
2.17,-13.16,
2.17,-13.16,
2.17,-13.16,
2.12,-12.95,
2.12,-12.95,
2.12,-12.95,
2.12,-12.95,
2.12,-12.95,
2.12,-12.95,
2.12,-12.95,
2.12,-12.95,
2.09,-12.84,
2.09,-12.84,
2.09,-12.84,
2.09,-12.84,
2.09,-12.84,
2.09,-12.84,
2.09,-12.84,
2.09,-12.84,
2.09,-12.84,
2.33,-13.14,
2.33,-13.14,
2.33,-13.14,
2.33,-13.14,
2.33,-13.14,
2.33,-13.14,
2.33,-13.14,
2.33,-13.14,
2.33,-13.14,
2.33,-13.14,
2.45,-12.94,
2.45,-12.94,
2.45,-12.94,
2.45,-12.94,
2.45,-12.94,
2.45,-12.94,
2.45,-12.94,
2.45,-12.94,
2.45,-12.94,
2.45,-12.94,
2.45,-12.94,
2.45,-12.94,
3.24,-12.85,
3.24,-12.85,
3.24,-12.85,
3.24,-12.85,
3.24,-12.85,
3.24,-12.85,
3.24,-12.85,
3.92,-11.98,
3.92,-11.98,
3.92,-11.98,
3.92,-11.98,
3.92,-11.98,
3.92,-11.98,
3.92,-11.98,
3.92,-11.98,
3.92,-11.98,
3.92,-11.98,
3.92,-11.98,
3.92,-11.98,
4.27,-11.54,
4.27,-11.54,
4.27,-11.54,
4.27,-11.54,
4.27,-11.54,
4.27,-11.54,
4.27,-11.54,
4.68,-11.12,
4.68,-11.12,
4.68,-11.12,
4.68,-11.12,
4.68,-11.12,
4.68,-11.12,
4.68,-11.12,
4.68,-11.12,
4.68,-11.12,
4.68,-11.12,
4.68,-11.12,
4.89,-10.91,
4.89,-10.91,
4.89,-10.91,
4.89,-10.91,
4.89,-10.91,
4.89,-10.91,
4.9,-10.91,
4.9,-10.91,
4.9,-10.91,
4.9,-10.91,
4.9,-10.91,
4.9,-10.91,
4.9,-10.91,
4.9,-10.91,
4.9,-10.91,
4.9,-10.91,
4.91,-10.8,
4.91,-10.8,
4.91,-10.8,
4.91,-10.8,
4.91,-10.8,
4.91,-10.8,
4.91,-10.8,
4.91,-10.8,
4.91,-10.8,
4.92,-10.74,
4.92,-10.74,
4.92,-10.74,
4.92,-10.74,
4.92,-10.74,
4.92,-10.74,
4.92,-10.74,
4.92,-10.74,
4.92,-10.74,
4.92,-10.74,
4.86,-10.98,
4.86,-10.98,
4.86,-10.98,
4.86,-10.98,
4.86,-10.98,
4.86,-10.98,
4.86,-10.98,
4.86,-10.98,
4.86,-10.98,
4.86,-10.98,
4.82,-11.1,
4.82,-11.1,
4.82,-11.1,
4.82,-11.1,
4.82,-11.1,
4.82,-11.1,
4.82,-11.1,
4.82,-11.1,
4.82,-11.1,
4.96,-11.72,
4.96,-11.72,
4.96,-11.72,
4.96,-11.72,
4.96,-11.72,
4.96,-11.72,
4.96,-11.72,
4.96,-11.72,
5.03,-11.89,
5.03,-11.89,
5.03,-11.89,
5.03,-11.89,
5.03,-11.89,
5.03,-11.89,
5.03,-11.89,
5.03,-11.89,
5.03,-11.89,
5.03,-11.89,
5.03,-11.89,
5.03,-11.89,
4.89,-11.97,
4.89,-11.97,
4.89,-11.97,
4.89,-11.97,
4.89,-11.97,
4.89,-11.97,
4.89,-11.97,
4.89,-11.97,
4.89,-11.97,
4.89,-11.97,
4.89,-11.97,
4.46,-11.85,
4.46,-11.85,
4.46,-11.85,
4.46,-11.85,
4.46,-11.85,
4.24,-11.79,
4.24,-11.79,
4.24,-11.79,
4.24,-11.79,
4.24,-11.79,
4.24,-11.79,
4.24,-11.79,
4.24,-11.79,
4.24,-11.79,
4.24,-11.79,
4.24,-11.79,
3.85,-12.04,
3.85,-12.04,
3.85,-12.04,
3.85,-12.04,
3.85,-12.04,
3.85,-12.04,
3.85,-12.04,
3.85,-12.04,
3.66,-12.16,
3.66,-12.16,
3.66,-12.16,
3.66,-12.16,
3.66,-12.16,
3.66,-12.16,
3.66,-12.16,
3.66,-12.16,
3.66,-12.16,
3.18,-12.96,
3.18,-12.96,
3.18,-12.96,
3.18,-12.96,
3.18,-12.96,
3.18,-12.96,
3.18,-12.96,
3.18,-12.96,
3.18,-12.96,
2.62,-13.89,
2.62,-13.89,
2.62,-13.89,
2.62,-13.89,
2.62,-13.89,
2.62,-13.89,
2.62,-13.89,
2.34,-14.35,
2.34,-14.35,
2.34,-14.35,
2.34,-14.35,
2.34,-14.35,
2.34,-14.35,
2.34,-14.35,
2.34,-14.35,
2.34,-14.35,
2.34,-14.35,
2.34,-14.35,
2.34,-14.35,
2.34,-14.35,
2.07,-14.83,
2.07,-14.83,
2.07,-14.83,
2.07,-14.83,
2.07,-14.83,
2.07,-14.83,
1.94,-15.06,
1.94,-15.06,
1.94,-15.06,
1.94,-15.06,
1.94,-15.06,
1.94,-15.06,
1.94,-15.06,
1.94,-15.06,
1.94,-15.06,
1.94,-15.06,
1.94,-15.06,
1.94,-15.06,
1.97,-15.23,
1.97,-15.23,
1.97,-15.23,
1.97,-15.23,
1.97,-15.23,
1.97,-15.23,
1.97,-15.23,
1.97,-15.23,
1.99,-14.99,
1.99,-14.99,
1.99,-14.99,
1.99,-14.99,
1.99,-14.99,
1.99,-14.99,
1.99,-14.99,
1.99,-14.99,
1.99,-14.99,
2.1,-14.86,
2.1,-14.86,
2.1,-14.86,
2.1,-14.86,
2.1,-14.86,
2.1,-14.86,
2.1,-14.86,
2.1,-14.86,
2.66,-14.48,
2.66,-14.48,
2.66,-14.48,
2.66,-14.48,
2.66,-14.48,
2.66,-14.48,
2.66,-14.48,
2.66,-14.48,
2.66,-14.48,
2.66,-14.48,
2.66,-14.48,
2.66,-14.48,
2.94,-14.29,
2.94,-14.29,
2.94,-14.29,
2.94,-14.29,
2.94,-14.29,
2.94,-14.29,
2.94,-14.29,
2.94,-14.29,
2.94,-14.29,
4.14,-13.9,
4.14,-13.9,
4.14,-13.9,
4.14,-13.9,
4.14,-13.9,
4.14,-13.9,
4.14,-13.9,
4.14,-13.9,
4.14,-13.9,
4.14,-13.9,
4.14,-13.9,
4.14,-13.9,
4.73,-13.7,
4.73,-13.7,
4.73,-13.7,
4.73,-13.7,
4.73,-13.7,
4.73,-13.7,
4.73,-13.7,
5.91,-13.12,
5.91,-13.12,
5.91,-13.12,
5.91,-13.12,
5.91,-13.12,
5.91,-13.12,
5.91,-13.12,
5.91,-13.12,
5.91,-13.12,
5.91,-13.12,
7.0,-13.79,
7.0,-13.79,
7.0,-13.79,
7.0,-13.79,
7.0,-13.79,
7.0,-13.79,
7.0,-13.79,
7.0,-13.79,
7.0,-13.79,
7.0,-13.79,
7.0,-13.79,
7.54,-14.11,
7.54,-14.11,
7.54,-14.11,
7.54,-14.11,
7.65,-15.08,
7.65,-15.08,
7.65,-15.08,
7.65,-15.08,
7.65,-15.08,
7.65,-15.08,
7.65,-15.08,
7.65,-15.08,
7.65,-15.08,
7.65,-15.08,
7.65,-15.08,
7.65,-15.08,
7.7,-15.56,
7.7,-15.56,
7.7,-15.56,
7.7,-15.56,
7.7,-15.56,
7.7,-15.56,
7.7,-15.56,
6.57,-16.27,
6.57,-16.27,
6.57,-16.27,
6.57,-16.27,
6.57,-16.27,
6.57,-16.27,
6.57,-16.27,
6.57,-16.27,
6.57,-16.27,
6.57,-16.27,
6.0,-18.03,
6.0,-18.03,
6.0,-18.03,
6.0,-18.03,
6.0,-18.03,
6.0,-18.03,
6.0,-18.03,
6.0,-18.03,
6.0,-18.03,
3.96,-18.93,
3.96,-18.93,
3.96,-18.93,
3.96,-18.93,
3.96,-18.93,
3.96,-18.93,
3.96,-18.93,
3.96,-18.93,
3.96,-18.93,
3.96,-18.93,
3.96,-18.93,
3.96,-18.93,
3.96,-18.93,
3.96,-18.93,
3.96,-18.93,
3.96,-18.93,
3.96,-18.93,
1.4,-21.02,
1.4,-21.02,
1.4,-21.02,
1.4,-21.02,
1.4,-21.02,
1.4,-21.02,
1.4,-21.02,
1.4,-21.02,
0.11,-21.02,
0.11,-22.09,
0.11,-22.09,
0.11,-22.09,
0.11,-22.09,
0.11,-22.09,
0.11,-22.09,
-1.35,-23.77,
-1.35,-23.77,
-1.35,-23.77,
-1.35,-23.77,
-1.35,-23.77,
-1.35,-23.77,
-1.35,-23.77,
-1.35,-23.77,
-1.35,-23.77,
-2.09,-24.64,
-2.09,-24.64,
-2.09,-24.64,
-2.09,-24.64,
-2.09,-24.64,
-2.09,-24.64,
-2.92,-25.04,
-2.92,-25.04,
-2.92,-25.04,
-2.92,-25.04,
-2.92,-25.04,
-2.92,-25.04,
-2.92,-25.04,
-2.92,-25.04,
-2.92,-25.04,
-2.92,-25.04,
-2.92,-25.04,
-2.92,-25.04,
-2.92,-25.04,
-2.92,-25.04,
-2.92,-25.04,
-2.92,-25.04,
-2.92,-25.04,
-2.92,-25.04,
-3.69,-25.05,
-3.69,-25.05,
-3.69,-25.05,
-3.69,-25.05,
-3.69,-25.05,
-3.69,-25.05,
-4.08,-25.05,
-4.08,-25.06,
-4.08,-25.06,
-4.08,-25.06,
-4.08,-25.06,
-4.08,-25.06,
-4.38,-25.06,
-4.38,-24.62,
-4.38,-24.62,
-4.38,-24.62,
-4.38,-24.62,
-4.38,-24.62,
-4.38,-24.62,
-4.38,-24.62,
-4.38,-24.62,
-4.54,-24.4,
-4.54,-24.4,
-4.54,-24.4,
-4.54,-24.4,
-4.54,-24.4,
-4.54,-24.4,
-4.54,-24.4,
-4.54,-24.4,
-4.54,-24.4,
-4.54,-24.4,
-4.54,-24.4,
-4.54,-24.4,
-4.54,-24.4,
-4.54,-24.4,
-4.54,-24.4,
-4.54,-24.4,
-4.54,-24.4,
-5.54,-23.43,
-5.54,-23.43,
-5.54,-23.43,
-5.54,-23.43,
-5.54,-23.43,
-5.54,-23.43,
-5.54,-23.43,
-6.06,-23.01,
-6.06,-23.01,
-6.06,-23.01,
-6.06,-23.01,
-6.87,-22.8,
-6.87,-22.8,
-6.87,-22.8,
-6.87,-22.8,
-6.87,-22.8,
-6.87,-22.8,
-6.87,-22.8,
-6.87,-22.8,
-6.87,-22.8,
-6.87,-22.8,
-6.87,-22.8,
-6.87,-22.8,
-6.87,-22.8,
-6.97,-22.8,
-6.97,-21.78,
-6.97,-21.78,
-6.97,-21.78,
-6.97,-21.78,
-6.97,-21.78,
-6.97,-21.78,
-6.97,-21.78,
-7.03,-21.26,
-7.03,-21.26,
-7.03,-21.26,
-7.03,-21.26,
-7.03,-21.26,
-7.03,-21.26,
-7.03,-21.26,
-7.03,-21.26,
-5.79,-21.45,
-5.79,-21.45,
-5.79,-21.45,
-5.79,-21.45,
-5.79,-21.45,
-5.79,-21.45,
-5.79,-21.45,
-5.79,-21.45,
-5.79,-21.45,
-5.17,-21.45,
-5.17,-21.45,
-5.17,-19.84,
-5.17,-19.84,
-5.17,-19.84,
-5.17,-19.84,
-5.17,-19.84,
-5.17,-19.84,
-5.17,-19.84,
-5.17,-19.84,
-5.17,-19.84,
-3.58,-19.84,
-3.58,-18.99,
-3.58,-18.99,
-3.58,-18.99,
-3.58,-18.99,
-3.58,-18.99,
-3.58,-18.99,
-3.58,-18.99,
-0.84,-17.88,
-0.84,-17.88,
-0.84,-17.88,
-0.84,-17.88,
-0.84,-17.88,
-0.84,-17.88,
-0.84,-17.88,
-0.84,-17.88,
-0.84,-17.88,
0.51,-17.34,
0.51,-17.34,
0.51,-17.34,
0.51,-17.34,
0.51,-17.34,
0.51,-17.34,
0.51,-17.34,
0.51,-17.34,
0.51,-17.34,
0.51,-17.34,
0.51,-17.34,
0.51,-17.34,
0.51,-17.34,
0.51,-17.34,
3.0,-17.34,
3.0,-18.6,
3.0,-18.6,
3.0,-18.6,
3.0,-18.6,
3.0,-18.6,
4.23,-19.12,
4.23,-19.12,
4.23,-19.12,
4.23,-19.12,
4.23,-19.12,
4.23,-19.12,
4.77,-19.12,
4.77,-19.12,
4.77,-22.59,
4.77,-22.59,
4.77,-22.59,
4.77,-22.59,
4.77,-22.59,
4.77,-22.59,
4.77,-22.59,
4.77,-22.59,
4.77,-22.59,
4.77,-22.59,
4.77,-22.59,
4.77,-22.59,
4.77,-22.59,
5.03,-22.59,
5.03,-27.71,
5.03,-27.71,
5.03,-27.71,
5.03,-27.71,
5.03,-27.71,
5.03,-27.71,
3.91,-27.71,
3.91,-30.31,
3.91,-30.31,
3.91,-30.31,
3.91,-30.31,
3.91,-30.31,
3.91,-30.31,
3.91,-30.31,
3.91,-30.31,
3.91,-30.31,
1.98,-30.31,
1.98,-34.09,
1.98,-34.09,
1.98,-34.09,
1.98,-34.09,
1.98,-34.09,
1.98,-34.09,
1.98,-34.09,
1.98,-34.09,
1.04,-35.95,
1.04,-35.95,
1.04,-35.95,
1.04,-35.95,
1.04,-35.95,
1.04,-35.95,
1.04,-35.95,
1.04,-35.95,
1.04,-35.95,
0.34,-39.22,
0.34,-39.22,
0.34,-39.22,
0.34,-39.22,
0.34,-39.22,
0.34,-39.22,
0.34,-39.22,
0.34,-39.22,
0.34,-39.22,
-0.0,-39.22,
-0.0,-41.53,
-0.0,-41.53,
-0.0,-41.53,
-0.0,-41.53,
-0.0,-41.53,
-0.0,-41.53,
-0.0,-41.53,
-0.0,-41.53,
-0.0,-41.53,
-0.35,-42.71,
-0.35,-42.71,
-0.35,-42.71,
-0.35,-42.71,
-0.35,-42.71,
-0.35,-42.71,
-0.35,-42.71,
-0.35,-42.71,
-0.35,-42.71,
-0.35,-42.71,
-0.35,-42.71,
-0.52,-44.0,
-0.52,-44.0,
-0.52,-44.0,
-0.52,-44.0,
-1.0,-44.0,
-1.0,-44.0,
-1.0,-44.65,
-1.0,-44.65,
-1.0,-44.65,
-1.0,-44.65,
-1.0,-44.65,
-1.0,-44.65,
-1.0,-44.65,
-1.0,-44.65,
-1.38,-44.65,
-1.38,-46.19,
-1.38,-46.19,
-1.38,-46.19,
-1.38,-46.19,
-1.38,-46.19,
-1.38,-46.19,
-1.38,-46.19,
-1.38,-46.19,
-1.38,-46.19,
-1.38,-46.19,
-1.38,-46.19,
-1.38,-46.19,
-1.58,-46.19,
-1.58,-46.94,
-1.58,-46.94,
-1.58,-46.94,
-1.58,-46.94,
-1.58,-46.94,
-1.58,-46.94,
-1.58,-46.94,
-0.57,-46.94,
-0.57,-49.4,
-0.57,-49.4,
-0.57,-49.4,
-0.57,-49.4,
-0.57,-49.4,
-0.57,-49.4,
-0.57,-49.4,
-0.57,-49.4,
-0.05,-49.4,
-0.05,-49.4,
-0.05,-51.45,
-0.05,-51.45,
-0.05,-51.45,
-0.05,-51.45,
-0.05,-51.45,
-0.05,-51.45,
-0.05,-51.45,
0.53,-51.45,
0.53,-52.43,
0.53,-52.43,
0.53,-52.43,
0.53,-52.43,
0.53,-52.43,
0.53,-52.43,
0.53,-52.43,
0.53,-52.43,
0.53,-52.43,
0.08,-50.86,
0.08,-50.86,
0.08,-50.86,
0.08,-50.86,
0.08,-50.86,
0.08,-50.86,
0.08,-50.86,
0.08,-50.86,
0.08,-50.86,
-0.16,-50.86,
-0.16,-50.03,
-0.16,-50.03,
-0.16,-50.03,
-0.16,-50.03,
-0.16,-50.03,
-0.16,-50.03,
-0.16,-50.03,
-0.16,-50.03,
-0.78,-44.45,
-0.78,-44.45,
-0.78,-44.45,
-0.78,-44.45,
-0.78,-44.45,
-0.78,-44.45,
-0.78,-44.45,
-1.11,-44.45,
-1.11,-41.24,
-1.11,-41.24,
-1.11,-41.24,
-1.11,-41.24,
-1.11,-41.24,
-1.11,-41.24,
-1.11,-41.24,
-1.11,-41.24,
-1.11,-41.24,
-1.11,-41.24,
0.16,-41.24,
0.16,-39.71,
0.16,-39.71,
0.16,-39.71,
0.16,-39.71,
0.16,-39.71,
0.16,-39.71,
0.16,-39.71,
0.16,-39.71,
0.16,-39.71,
0.79,-39.71,
0.79,-41.07,
0.79,-41.07,
0.79,-41.07,
0.79,-41.07,
0.79,-41.07,
0.79,-41.07,
0.79,-41.07,
0.79,-41.07,
2.43,-41.65,
2.43,-41.65,
2.43,-41.65,
2.43,-41.65,
2.43,-41.65,
2.43,-41.65,
2.43,-41.65,
2.43,-41.65,
2.43,-41.65,
2.43,-41.65,
4.44,-41.65,
4.44,-41.01,
4.44,-41.01,
4.44,-41.01,
4.44,-41.01,
4.44,-41.01,
4.44,-41.01,
4.44,-41.01,
4.44,-41.01,
4.44,-41.01,
5.43,-41.01,
5.43,-40.69,
5.43,-40.69,
5.43,-40.69,
5.43,-40.69,
5.43,-40.69,
5.43,-40.69,
6.62,-40.69,
6.62,-40.69,
6.62,-40.69,
6.62,-40.69,
6.62,-37.54,
6.62,-37.54,
6.62,-37.54,
6.62,-37.54,
6.62,-37.54,
6.62,-37.54,
7.22,-32.95,
7.22,-32.95,
7.22,-32.95,
7.22,-32.95,
7.22,-32.95,
7.22,-32.95,
7.22,-32.95,
7.22,-32.95,
8.92,-30.56,
8.92,-30.56,
8.92,-30.56,
8.92,-30.56,
8.92,-30.56,
8.92,-30.56,
8.92,-30.56,
8.92,-30.56,
8.92,-30.56,
8.92,-30.56,
8.92,-30.56,
8.92,-30.56,
8.92,-30.56,
8.92,-30.56,
11.12,-30.56,
11.12,-27.87,
11.12,-27.87,
11.12,-27.87,
11.12,-27.87,
11.12,-27.87,
11.12,-27.87,
11.12,-27.87,
11.12,-27.87,
12.21,-27.87,
12.21,-26.51,
12.21,-26.51,
12.21,-26.51,
12.21,-26.51,
12.21,-26.51,
12.21,-26.51,
12.21,-26.51,
12.21,-26.51,
12.21,-26.51,
14.3,-24.73,
14.3,-24.73,
14.3,-24.73,
14.3,-24.73,
14.3,-24.73,
14.3,-24.73,
14.3,-24.73,
14.3,-24.73,
15.35,-24.73,
15.35,-22.0,
15.35,-22.0,
15.35,-22.0,
15.35,-22.0,
15.35,-22.0,
15.35,-22.0,
15.35,-22.0,
15.35,-22.0,
17.13,-20.65,
17.13,-20.65,
17.13,-20.65,
17.13,-20.65,
17.13,-20.65,
17.13,-20.65,
17.13,-20.65,
18.02,-20.65,
18.02,-18.0,
18.02,-18.0,
18.02,-18.0,
18.02,-18.0,
18.02,-18.0,
18.02,-18.0,
18.02,-18.0,
18.02,-18.0,
18.02,-18.0,
18.94,-18.0,
18.94,-16.68,
18.94,-16.68,
18.94,-16.68,
18.94,-16.68,
18.94,-16.68,
18.94,-16.68,
18.94,-16.68,
18.94,-16.68,
18.94,-16.68,
18.94,-16.68,
18.94,-16.68,
18.94,-16.68,
19.54,-14.78,
19.54,-14.78,
19.54,-14.78,
19.54,-14.78,
19.54,-14.78,
19.84,-13.84,
19.84,-13.84,
19.84,-13.84,
19.84,-13.84,
19.84,-13.84,
19.84,-13.84,
19.84,-13.84,
19.84,-13.84,
19.84,-13.84,
20.31,-13.84,
20.31,-11.77,
20.31,-11.77,
20.31,-11.77,
20.31,-11.77,
20.31,-11.77,
20.31,-11.77,
20.31,-11.77,
20.31,-11.77,
20.31,-11.77,
20.31,-11.77,
20.31,-11.77,
20.31,-11.77,
20.55,-10.24,
20.55,-10.24,
20.55,-10.24,
20.55,-10.24,
20.55,-10.24,
20.55,-10.24,
20.55,-10.24,
20.55,-10.24,
21.42,-10.24,
21.42,-9.49,
21.42,-9.49,
21.42,-9.49,
21.42,-9.49,
21.42,-9.49,
21.42,-9.49,
22.4,-9.49,
22.4,-9.49,
22.4,-9.22,
22.4,-9.22,
22.4,-9.22,
22.4,-9.22,
22.4,-9.22,
22.4,-9.22,
22.4,-9.22,
22.4,-9.22,
22.88,-9.22,
22.88,-9.08,
22.88,-9.08,
22.88,-9.08,
22.88,-9.08,
22.88,-9.08,
22.88,-9.08,
22.88,-9.08,
22.88,-9.08,
22.88,-9.08,
22.88,-9.08,
23.43,-9.08,
23.43,-8.62,
23.43,-8.62,
23.43,-8.62,
23.43,-8.62,
23.43,-8.62,
23.43,-8.62,
23.43,-8.62,
23.43,-8.62,
23.71,-8.62,
23.71,-7.12,
23.71,-7.12,
23.71,-7.12,
23.71,-7.12,
23.71,-7.12,
23.71,-7.12,
23.71,-7.12,
23.71,-7.12,
23.71,-7.12,
23.75,-7.12,
23.75,-7.12,
23.75,-6.36,
23.75,-6.36,
23.75,-6.36,
23.75,-6.36,
23.75,-6.36,
23.75,-6.36,
23.78,-6.36,
23.78,-6.36,
23.78,-4.17,
23.78,-4.17,
23.78,-4.17,
23.78,-4.17,
23.78,-4.17,
23.78,-4.17,
23.78,-4.17,
23.84,-4.17,
23.84,-4.17,
23.84,-3.07,
23.84,-3.07,
23.84,-3.07,
23.84,-3.07,
23.84,-3.07,
23.84,-3.07,
23.84,-3.07,
23.84,-3.07,
23.84,-3.07,
23.84,-3.07,
23.84,-3.07,
23.84,-3.07,
23.69,-3.07,
23.69,-3.07,
23.69,-1.26,
23.69,-1.26,
23.69,-1.26,
23.69,-1.26,
23.69,-1.26,
23.6,-1.26,
23.6,-0.37,
23.6,-0.37,
23.6,-0.37,
23.6,-0.37,
23.6,-0.37,
23.6,-0.37,
23.26,-0.37,
23.26,1.26,
23.26,1.26,
23.26,1.26,
23.26,1.26,
23.26,1.26,
23.26,1.26,
23.26,1.26,
23.26,1.26,
23.26,1.26,
23.26,1.26,
23.09,1.26,
23.09,2.43,
23.09,2.43,
23.09,2.43,
23.09,2.43,
23.09,2.43,
23.09,2.43,
23.09,2.43,
23.09,2.43,
23.09,2.43,
23.09,2.43,
23.3,3.03,
23.3,3.03,
23.3,3.03,
23.3,3.03,
23.3,3.03,
23.3,3.03,
23.3,3.03,
24.02,3.79,
24.02,3.79,
24.02,3.79,
24.02,3.79,
24.02,3.79,
24.02,3.79,
24.02,3.79,
24.02,3.79,
24.02,3.79,
24.38,3.79,
24.38,3.79,
24.38,3.79,
24.38,3.79,
24.38,4.17,
24.38,4.17,
24.38,4.17,
24.38,4.17,
24.38,4.17,
24.38,4.17,
25.15,4.17,
25.15,4.17,
25.15,4.17,
25.15,4.17,
25.15,4.17,
25.15,4.17,
25.15,5.61,
25.15,5.61,
25.15,5.61,
25.15,5.61,
25.15,5.61,
25.15,5.61,
25.53,5.61,
25.53,7.47,
25.53,7.47,
25.53,7.47,
25.53,7.47,
25.53,7.47,
26.07,7.47,
26.07,8.4,
26.07,8.4,
26.07,8.4,
26.07,8.4,
26.07,8.4,
26.07,8.4,
26.07,8.4,
26.07,8.4,
26.07,8.4,
26.33,8.4,
26.33,9.62,
26.33,9.62,
26.33,9.62,
26.33,9.62,
26.33,9.62,
26.33,9.62,
26.33,9.62,
26.33,9.62,
26.54,9.62,
26.54,9.62,
26.54,9.62,
26.54,9.62,
26.54,10.23,
26.54,10.23,
26.54,10.23,
26.54,10.23,
26.54,10.23,
26.54,10.23,
26.54,10.23,
26.54,10.23,
26.54,10.23,
26.54,10.23,
26.54,10.23,
26.39,10.23,
26.39,10.12,
26.39,10.12,
26.39,10.12,
26.39,10.12,
26.39,10.12,
26.39,10.12,
26.31,10.12,
26.31,10.06,
26.31,10.06,
26.31,10.06,
26.31,10.06,
26.31,10.06,
26.31,10.06,
26.12,10.06,
26.12,9.89,
26.12,9.89,
26.12,9.89,
26.12,9.89,
26.12,9.89,
26.12,9.89,
26.12,9.89,
26.12,9.89,
26.12,9.89,
26.12,9.89,
26.02,10.44,
26.02,10.44,
26.02,10.44,
26.02,10.44,
26.02,10.44,
26.02,10.44,
25.69,10.44,
25.69,10.71,
25.69,10.71,
25.69,10.71,
25.69,10.71,
25.69,10.71,
25.69,10.71,
25.69,10.71,
25.69,10.71,
25.69,10.71,
25.69,10.71,
25.69,10.71,
25.37,10.71,
25.37,10.89,
25.37,10.89,
25.37,10.89,
25.37,10.89,
25.37,10.89,
25.37,10.89,
25.21,10.89,
25.21,10.89,
25.21,10.89,
25.21,10.89,
25.21,10.98,
25.21,10.98,
25.21,10.98,
25.21,10.98,
25.21,10.98,
25.21,10.98,
25.21,10.98,
25.21,10.98,
25.01,10.98,
25.01,11.02,
25.01,11.02,
25.01,11.02,
25.01,11.02,
25.01,11.02,
25.01,11.02,
25.01,11.02,
24.91,11.02,
24.91,11.02,
24.91,11.05,
24.91,11.05,
24.91,11.05,
24.91,11.05,
24.91,11.05,
24.91,11.05,
24.91,11.05,
24.91,11.05,
24.91,11.05,
24.5,11.05,
24.5,11.07,
24.5,11.07,
24.5,11.07,
24.5,11.07,
24.5,11.07,
24.5,11.07,
24.3,11.07,
24.3,11.07,
24.3,11.07,
24.3,11.07,
24.3,11.07,
24.3,10.17,
24.3,10.17,
24.3,10.17,
24.3,10.17,
24.3,10.17,
24.3,10.17,
24.3,10.17,
24.3,10.17,
24.3,10.17,
24.3,10.17,
24.3,10.17,
23.1,10.17,
23.1,9.73,
23.1,9.73,
23.1,9.73,
21.04,11.44,
21.04,11.44,
21.04,11.44,
21.04,11.44,
21.04,11.44,
21.04,11.44,
21.04,11.44,
21.04,11.44,
20.16,11.44,
20.16,11.44,
20.16,11.44,
20.16,11.44,
20.16,12.21,
20.16,12.21,
20.16,12.21,
20.16,12.21,
20.16,12.21,
20.16,12.21,
20.16,12.21,
20.16,12.21,
19.81,12.21,
19.81,11.98,
19.81,11.98,
19.81,11.98,
19.81,11.98,
19.81,11.98,
19.81,11.98,
19.81,11.98,
19.64,11.98,
19.64,8.16,
19.64,8.16,
19.64,8.16,
19.64,8.16,
19.64,8.16,
19.64,8.16,
19.64,8.16,
19.64,8.16,
19.64,8.16,
19.64,8.16,
19.64,8.16,
20.13,8.16,
20.13,6.22,
20.13,6.22,
20.13,6.22,
20.13,6.22,
20.13,6.22,
20.13,6.22,
19.16,0.15,
19.16,0.15,
19.16,0.15,
19.16,0.15,
19.16,0.15,
19.16,0.15,
19.16,0.15,
19.16,0.15,
19.16,0.15,
19.16,0.15,
19.16,0.15,
19.16,0.15,
18.63,-2.99,
18.63,-2.99,
18.63,-2.99,
18.63,-2.99,
18.63,-2.99,
18.63,-2.99,
15.94,-2.99,
15.94,-1.74,
15.94,-1.74,
15.94,-1.74,
15.94,-1.74,
15.94,-1.74,
15.94,-1.74,
15.94,-1.74,
15.94,-1.74,
14.46,-1.74,
14.46,9.1,
14.46,9.1,
14.46,9.1,
14.46,9.1,
14.46,9.1,
14.46,9.1,
14.46,9.1,
14.46,9.1,
11.21,9.1,
11.21,14.6,
11.21,14.6,
11.21,14.6,
11.21,14.6,
11.21,14.6,
11.21,14.6,
11.21,14.6,
11.21,14.6,
9.54,14.6,
9.54,14.6,
9.54,15.87,
9.54,15.87,
9.54,15.87,
9.54,15.87,
9.54,15.87,
9.54,15.87,
7.57,15.87,
7.57,15.87,
7.57,16.21,
7.57,16.21,
7.57,16.21,
7.57,16.21,
7.57,16.21,
7.57,16.21,
7.57,16.21,
7.57,16.21,
7.57,16.21,
7.57,16.21,
7.58,16.21,
7.58,10.18,
7.58,10.18,
7.58,10.18,
7.58,10.18,
7.58,10.18,
7.58,10.18,
7.58,10.18,
7.58,10.18,
7.58,7.14,
7.58,7.14,
7.58,7.14,
7.58,7.14,
7.58,7.14,
7.58,7.14,
7.58,7.14,
7.58,7.14,
10.21,7.14,
10.21,7.14,
10.21,1.21,
10.21,1.21,
10.21,1.21,
10.21,1.21,
10.21,1.21,
10.21,1.21,
10.21,1.21,
10.21,1.21,
11.55,1.21,
11.55,-2.92,
11.55,-2.92,
11.55,-2.92,
11.55,-2.92,
11.55,-2.92,
11.55,-2.92,
11.55,-2.92,
11.55,-2.92,
11.55,-2.92,
11.55,-2.92,
11.55,-2.92,
13.4,-5.0,
13.4,-5.0,
13.4,-5.0,
13.4,-5.0,
13.4,-5.0,
13.4,-5.0,
13.4,-5.0,
13.4,-5.0,
13.4,-5.0,
13.92,-5.0,
13.92,-5.0,
13.92,-1.96,
13.92,-1.96,
13.92,-1.96,
13.92,-1.96,
13.92,-1.96,
13.92,-1.96,
13.92,-1.96,
13.92,-1.96,
13.92,-1.96,
13.92,-1.96,
14.16,-1.96,
14.16,-1.96,
14.16,-1.96,
14.16,-0.45,
14.16,-0.45,
14.16,-0.45,
14.16,-0.45,
14.16,-0.45,
13.53,4.35,
13.53,4.35,
13.53,4.35,
13.53,4.35,
13.53,4.35,
13.53,4.35,
13.22,5.53,
13.22,5.53,
13.22,5.53,
13.22,5.53,
13.22,5.53,
13.22,5.53,
13.22,5.53,
13.22,5.53,
13.22,5.53,
13.22,5.53,
13.22,5.53,
13.22,5.53,
12.56,6.11,
12.56,6.11,
12.56,6.11,
12.56,6.11,
12.56,6.11,
12.56,6.11,
12.56,6.11,
12.23,6.11,
12.23,2.2,
12.23,2.2,
12.23,2.2,
12.23,2.2,
12.23,2.2,
12.23,2.2,
12.23,2.2,
12.23,2.2,
12.23,2.2,
12.23,2.2,
9.84,2.2,
9.84,2.2,
9.84,0.24,
9.84,0.24,
9.84,0.24,
9.84,0.24,
9.84,0.24,
9.84,0.24,
6.05,0.24,
6.05,-3.39,
6.05,-3.39,
6.05,-3.39,
6.05,-3.39,
6.05,-3.39,
6.05,-3.39,
6.05,-3.39,
6.05,-3.39,
6.05,-3.39,
6.05,-3.39,
4.08,-3.39,
4.08,-5.09,
4.08,-5.09,
4.08,-5.09,
4.08,-5.09,
4.08,-5.09,
4.08,-5.09,
4.08,-5.09,
4.08,-5.09,
2.09,-5.09,
2.09,-5.94,
2.09,-5.94,
2.09,-5.94,
2.09,-5.94,
2.09,-5.94,
2.09,-5.94,
2.09,-5.94,
2.09,-5.94,
2.09,-5.94,
2.09,-5.94,
2.09,-5.94,
2.09,-5.94,
1.1,-5.26,
1.1,-5.26,
1.1,-5.26,
1.69,-5.26,
1.69,-5.26,
1.69,-5.26,
1.69,-5.26,
1.69,-5.26,
1.69,-4.91,
1.69,-4.91,
1.69,-4.91,
1.69,-4.91,
1.69,-4.91,
1.69,-4.91,
4.03,-4.91,
4.03,-4.91,
4.03,-4.04,
4.03,-4.04,
4.03,-4.04,
4.03,-4.04,
4.03,-4.04,
4.03,-4.04,
4.03,-4.04,
4.03,-4.04,
4.03,-4.04,
5.19,-4.04,
5.19,-3.6,
5.19,-3.6,
5.19,-3.6,
5.19,-3.6,
5.19,-3.6,
5.19,-3.6,
5.19,-3.6,
5.19,-3.6,
5.19,-3.6,
7.07,-3.6,
7.07,-2.68,
7.07,-2.68,
7.07,-2.68,
7.07,-2.68,
7.07,-2.68,
7.07,-2.68,
7.07,-2.68,
8.02,-2.68,
8.02,-2.68,
8.02,-2.68,
8.02,-1.39,
8.02,-1.39,
8.02,-1.39,
8.02,-1.39,
8.02,-1.39,
8.02,-1.39,
8.02,-1.39,
8.82,-0.75,
8.82,-0.75,
8.82,-0.75,
8.82,-0.75,
8.82,-0.75,
8.82,-0.75,
8.82,-0.75,
8.82,-0.75,
8.82,-0.75,
8.82,-0.75,
8.82,-0.75,
8.82,-0.75,
8.82,-0.75,
8.82,-0.75,
8.82,-0.75,
9.23,-0.75,
9.23,-0.75,
9.23,-0.5,
9.23,-0.5,
9.23,-0.5,
9.23,-0.5,
9.23,-0.5,
8.59,-0.37,
8.59,-0.37,
8.59,-0.37,
8.59,-0.37,
8.59,-0.37,
8.59,-0.37,
8.59,-0.37,
7.04,-0.37,
7.04,-1.21,
7.04,-1.21,
7.04,-1.21,
7.04,-1.21,
7.04,-1.21,
7.04,-1.21,
7.04,-1.21,
7.04,-1.21,
6.26,-1.21,
6.26,-1.21,
6.26,-1.92,
6.26,-1.92,
6.26,-1.92,
6.26,-1.92,
6.26,-1.92,
6.26,-1.92,
6.26,-1.92,
5.59,-1.92,
5.59,-1.92,
5.59,-2.28,
5.59,-2.28,
5.59,-2.28,
5.59,-2.28,
5.59,-2.28,
5.59,-2.28,
5.59,-2.28,
5.25,-2.28,
5.25,-2.44,
5.25,-2.44,
5.25,-2.44,
5.25,-2.44,
5.25,-2.44,
5.25,-2.44,
5.25,-2.44,
5.25,-2.44,
5.25,-2.44,
5.25,-2.44,
5.25,-2.44,
4.44,-2.44,
4.44,-2.51,
4.44,-2.51,
4.44,-2.51,
4.44,-2.51,
4.44,-2.51,
4.44,-2.51,
4.44,-2.51,
4.44,-2.51,
3.89,-2.51,
3.89,-1.87,
3.89,-1.87,
3.89,-1.87,
3.89,-1.87,
3.89,-1.87,
3.89,-1.87,
3.89,-1.87,
3.61,-1.87,
3.61,-1.87,
3.61,-1.55,
3.61,-1.55,
3.61,-1.55,
3.61,-1.55,
3.61,-1.55,
3.61,-1.55,
3.61,-1.55,
3.61,-1.55,
3.61,-1.55,
4.33,-1.55,
4.33,-0.68,
4.33,-0.68,
4.33,-0.68,
4.33,-0.68,
4.33,-0.68,
4.33,-0.68,
4.69,-0.68,
4.69,0.62,
4.69,0.62,
4.69,0.62,
4.69,0.62,
4.69,0.62,
4.69,0.62,
4.69,0.62,
4.69,0.62,
4.69,0.62,
5.74,0.62,
5.74,0.62,
5.74,1.26,
5.74,1.26,
5.74,1.26,
5.74,1.26,
5.74,1.26,
5.74,1.26,
5.74,1.26,
5.74,1.26,
5.74,1.26,
5.74,1.26,
6.26,1.26,
6.26,1.26,
6.26,1.71,
6.26,1.71,
6.26,1.71,
6.26,1.71,
6.26,1.71,
6.26,1.71,
6.26,1.71,
7.44,1.71,
7.44,1.71,
7.44,1.93,
7.44,1.93,
7.44,1.93,
7.44,1.93,
7.44,1.93,
7.44,1.93,
7.44,1.93,
7.44,1.93,
8.08,1.93,
8.08,2.3,
8.08,2.3,
8.08,2.3,
8.08,2.3,
8.08,2.3,
8.41,2.3,
8.41,2.3,
8.41,2.3,
8.41,2.3,
8.41,2.28,
8.41,2.28,
8.41,2.28,
8.41,2.28,
8.41,2.28,
8.41,2.28,
8.41,2.28,
8.1,2.28,
8.1,2.28,
8.1,2.28,
8.1,2.28,
8.1,2.28,
8.1,2.28,
8.1,2.28,
8.1,2.28,
8.1,2.28,
8.1,2.28,
7.95,2.28,
7.95,2.16,
7.95,2.16,
7.95,2.16,
7.95,2.16,
7.95,2.16,
7.95,2.16,
7.95,2.16,
7.95,2.16,
7.69,2.16,
7.69,2.16,
7.69,2.11,
7.69,2.11,
7.69,2.11,
7.69,2.11,
7.69,2.11,
7.69,2.11,
7.69,2.11,
7.69,2.11,
7.39,2.11,
7.39,1.4,
7.39,1.4,
7.39,1.4,
7.39,1.4,
7.39,1.4,
7.39,1.4,
7.39,1.4,
7.39,1.4,
7.23,1.4,
7.23,1.05,
7.23,1.05,
7.23,1.05,
7.23,1.05,
7.23,1.05,
7.23,1.05,
7.23,1.05,
7.23,1.05,
7.23,1.05,
7.23,1.05,
7.23,1.05,
7.21,1.05,
7.21,-0.13,
7.21,-0.13,
7.21,-0.13,
7.21,-0.13,
7.21,-0.13,
7.21,-0.13,
7.2,-0.13,
7.2,-2.21,
7.2,-2.21,
7.2,-2.21,
7.2,-2.21,
7.2,-2.21,
7.2,-2.21,
7.2,-2.21,
7.2,-2.21,
7.33,-2.21,
7.33,-3.25,
7.33,-3.25,
7.33,-3.25,
7.33,-3.25,
7.33,-3.25,
7.33,-3.25,
7.33,-3.25,
7.33,-3.25,
7.33,-3.25,
7.33,-3.25,
7.39,-4.82,
7.39,-4.82,
7.39,-4.82,
7.39,-4.82,
7.39,-4.82,
7.39,-4.82,
7.39,-4.82,
7.39,-4.82,
7.39,-4.82,
7.39,-4.82,
7.08,-4.82,
7.08,-5.6,
7.08,-5.6,
7.08,-5.6,
7.08,-5.6,
7.08,-5.6,
7.08,-5.6,
7.08,-5.6,
7.08,-5.6,
7.08,-5.6,
7.08,-5.6,
6.44,-6.22,
6.44,-6.22,
6.44,-6.22,
6.44,-6.22,
6.44,-6.22,
6.44,-6.22,
6.13,-6.22,
6.13,-6.22,
6.13,-6.22,
6.13,-6.22,
6.13,-6.22,
6.13,-6.22,
6.13,-6.22,
6.13,-6.22,
6.13,-6.22,
6.13,-6.22,
6.13,-6.22,
5.42,-6.22,
5.42,-6.21,
5.42,-6.21,
5.42,-6.21,
5.42,-6.21,
5.42,-6.21,
5.42,-6.21,
5.42,-6.21,
5.07,-6.21,
5.07,-6.21,
5.07,-6.01,
5.07,-6.01,
5.07,-6.01,
5.07,-6.01,
5.07,-6.01,
5.07,-6.01,
5.07,-6.01,
5.07,-6.01,
4.37,-6.01,
4.37,-5.91,
4.37,-5.91,
4.37,-5.91,
4.37,-5.91,
4.37,-5.91,
4.37,-5.91,
4.37,-5.91,
4.37,-5.91,
4.37,-5.91,
4.37,-5.91,
3.57,-5.91,
3.57,-5.78,
3.57,-5.78,
3.57,-5.78,
3.57,-5.78,
3.57,-5.78,
3.57,-5.78,
3.57,-5.78,
3.57,-5.78,
3.17,-5.78,
3.17,-5.71,
3.17,-5.71,
3.17,-5.71,
3.17,-5.71,
3.17,-5.71,
3.17,-5.71,
3.17,-5.71,
3.17,-5.71,
3.17,-5.71,
3.17,-5.71,
3.22,-5.71,
3.22,-5.71,
3.22,-5.12,
3.22,-5.12,
3.22,-5.12,
3.22,-5.12,
3.22,-5.12,
3.22,-5.12,
3.22,-5.12,
3.25,-5.12,
3.25,-2.51,
3.25,-2.51,
3.25,-2.51,
3.25,-2.51,
3.25,-2.51,
3.25,-2.51,
3.25,-2.51,
3.25,-2.51,
3.41,-1.2,
3.41,-1.2,
3.41,-1.2,
3.41,-1.2,
3.41,-1.2,
3.41,-1.2,
3.41,-1.2,
3.41,-1.2,
3.41,-1.2,
3.49,-1.2,
3.49,-1.2,
3.49,0.06,
3.49,0.06,
3.49,0.06,
3.49,0.06,
3.49,0.06,
3.49,0.06,
3.49,0.06,
3.49,0.06,
3.49,0.06,
3.49,0.06,
3.49,0.06,
3.46,0.06,
3.46,0.69,
3.46,0.69,
3.46,0.69,
3.46,0.69,
3.46,0.69,
4.51,0.04,
4.51,0.04,
4.51,0.04,
4.51,0.04,
4.51,0.04,
4.51,0.04,
5.03,0.04,
5.03,-1.46,
5.03,-1.46,
5.03,-1.46,
5.03,-1.46,
5.03,-1.46,
5.03,-1.46,
5.03,-1.46,
5.03,-1.46,
5.03,-1.46,
5.03,-1.46,
5.03,-1.46,
6.1,-1.46,
6.1,-2.21,
6.1,-2.21,
6.1,-2.21,
6.1,-2.21,
6.1,-2.21,
6.1,-2.21,
6.1,-2.21,
6.62,-3.02,
6.62,-3.02,
6.62,-3.02,
6.62,-3.02,
6.62,-3.02,
6.62,-3.02,
6.62,-3.02,
6.62,-3.02,
6.62,-3.02,
6.62,-3.02,
6.62,-3.02,
6.23,-3.02,
6.23,-3.43,
6.23,-3.43,
6.23,-3.43,
6.23,-3.43,
6.23,-3.43,
6.23,-3.43,
6.23,-3.43,
4.18,-3.43,
4.18,-3.43,
4.18,-4.35,
4.18,-4.35,
4.18,-4.35,
4.18,-4.35,
4.18,-4.35,
4.18,-4.35,
4.18,-4.35,
4.18,-4.35,
4.18,-4.35,
4.18,-4.35,
3.14,-4.82,
3.14,-4.82,
3.14,-4.82,
3.14,-4.82,
3.14,-4.82,
3.14,-4.82,
3.14,-4.82,
1.22,-5.75,
1.22,-5.75,
1.22,-5.75,
1.22,-5.75,
1.22,-5.75,
1.22,-5.75,
1.22,-5.75,
1.22,-5.75,
1.22,-5.75,
1.22,-5.75,
0.26,-5.75,
0.26,-5.75,
0.26,-6.52,
0.26,-6.52,
0.26,-6.52,
0.26,-6.52,
0.26,-6.52,
-0.64,-6.52,
-0.64,-6.52,
-0.64,-6.52,
-0.64,-6.52,
-0.64,-6.91,
-0.64,-6.91,
-0.64,-6.91,
-0.64,-6.91,
-0.64,-6.91,
-0.64,-6.91,
-0.64,-6.91,
-0.64,-6.91,
-1.09,-6.91,
-1.09,-6.82,
-1.09,-6.82,
-1.09,-6.82,
-1.09,-6.82,
-1.09,-6.82,
-1.09,-6.82,
-1.09,-6.82,
-0.8,-6.82,
-0.8,-6.82,
-0.8,-6.77,
-0.8,-6.77,
-0.8,-6.77,
-0.8,-6.77,
-0.8,-6.77,
-0.8,-6.77,
-0.8,-6.77,
-0.8,-6.77,
0.3,-6.77,
0.3,-6.77,
0.3,-6.77,
0.3,-6.77,
0.3,-6.65,
0.3,-6.65,
0.3,-6.65,
0.3,-6.65,
0.3,-6.65,
0.3,-6.65,
