1.79,2.05,
1.79,2.05,
1.79,2.05,
1.77,2.05,
1.77,2.05,
1.77,2.05,
1.77,2.0,
1.77,2.0,
1.77,2.0,
1.77,2.0,
1.76,2.0,
1.76,2.0,
1.76,2.0,
1.76,1.94,
1.76,1.94,
1.76,1.94,
1.76,1.94,
1.76,1.94,
1.76,1.94,
1.76,1.94,
1.85,1.94,
1.85,1.94,
1.85,1.94,
1.85,1.94,
1.85,2.09,
1.85,2.09,
1.85,2.09,
1.85,2.09,
1.9,2.09,
1.9,2.09,
1.9,2.09,
1.9,2.09,
1.9,2.09,
1.9,2.09,
1.9,2.16,
1.9,2.16,
1.9,2.16,
1.9,2.16,
1.9,2.16,
1.9,2.16,
1.9,2.16,
1.9,2.16,
1.9,2.16,
1.9,2.16,
1.9,2.16,
1.9,2.16,
1.9,2.12,
1.9,2.12,
1.9,2.12,
1.85,2.12,
1.85,2.12,
1.85,2.12,
1.85,2.1,
1.85,2.1,
1.85,2.1,
1.83,2.1,
1.83,2.1,
1.83,2.1,
1.83,2.1,
1.83,2.1,
1.83,2.07,
1.83,2.07,
1.83,2.07,
1.83,2.07,
1.83,2.07,
1.83,2.07,
1.84,2.07,
1.84,2.07,
1.84,2.07,
1.84,2.07,
1.84,2.05,
1.84,2.05,
1.84,2.05,
1.84,2.05,
1.84,2.05,
1.85,2.05,
1.85,2.05,
1.85,2.05,
1.85,2.05,
1.85,2.05,
1.85,2.05,
1.85,2.05,
1.85,2.05,
1.85,2.01,
1.85,2.01,
1.85,2.01,
1.85,2.01,
1.85,2.01,
1.8,2.01,
1.8,2.01,
1.8,2.01,
1.8,2.01,
1.8,1.86,
1.8,1.86,
1.8,1.86,
1.72,1.86,
1.72,1.86,
1.72,1.86,
1.72,1.86,
1.72,1.78,
1.72,1.78,
1.72,1.78,
1.72,1.78,
1.72,1.78,
1.72,1.78,
1.72,1.78,
1.72,1.78,
1.68,1.78,
1.68,1.78,
1.68,1.78,
1.68,1.78,
1.68,1.78,
1.68,1.85,
1.68,1.85,
1.69,1.85,
1.69,1.85,
1.69,1.89,
1.69,1.89,
1.69,1.89,
1.69,1.89,
1.69,1.89,
1.69,1.89,
1.69,1.89,
1.69,1.89,
1.69,1.89,
1.69,1.89,
1.69,1.89,
1.69,2.0,
1.69,2.0,
1.69,2.0,
1.69,2.0,
1.69,2.0,
1.69,2.0,
1.69,2.0,
1.69,1.97,
1.69,1.97,
1.69,1.97,
1.69,1.97,
1.69,1.97,
1.69,1.97,
1.69,1.97,
1.69,1.97,
1.69,1.97,
1.69,1.97,
1.69,1.97,
1.69,1.97,
1.69,1.97,
1.69,1.97,
1.69,1.97,
1.69,1.96,
1.69,1.96,
1.69,1.96,
1.69,1.96,
1.69,1.96,
1.77,1.96,
1.77,1.96,
1.77,1.96,
1.77,1.96,
1.77,1.96,
1.77,2.05,
1.77,2.05,
1.77,2.05,
1.77,2.05,
1.77,2.05,
1.77,2.05,
1.77,2.09,
1.77,2.09,
1.77,2.09,
1.77,2.09,
1.77,2.09,
1.77,2.09,
1.77,2.09,
1.77,2.09,
1.77,2.09,
1.77,2.09,
1.77,2.09,
1.77,2.09,
1.77,2.09,
1.77,2.02,
1.77,2.02,
1.65,2.02,
1.65,2.02,
1.65,2.02,
1.65,2.02,
1.65,1.98,
1.65,1.98,
1.65,1.98,
1.65,1.98,
1.65,1.98,
1.65,1.98,
1.58,1.98,
1.58,1.98,
1.58,1.98,
1.58,1.98,
1.58,1.91,
1.58,1.91,
1.58,1.91,
1.58,1.91,
1.58,1.91,
1.57,1.91,
1.57,1.83,
1.57,1.83,
1.57,1.83,
1.57,1.83,
1.57,1.83,
1.57,1.83,
1.57,1.83,
1.57,1.83,
1.57,1.83,
1.57,1.83,
1.57,1.83,
1.55,1.83,
1.55,1.83,
1.55,1.83,
1.55,1.83,
1.55,1.79,
1.55,1.79,
1.55,1.79,
1.55,1.79,
1.55,1.79,
1.54,1.79,
1.54,1.79,
1.54,1.79,
1.54,1.79,
1.54,1.79,
1.54,1.79,
1.56,1.79,
1.56,1.79,
1.56,1.79,
1.56,1.79,
1.56,1.79,
1.56,1.78,
1.56,1.78,
1.56,1.78,
1.56,1.78,
1.56,1.78,
1.57,1.78,
1.57,1.78,
1.57,1.78,
1.57,1.78,
1.57,1.78,
1.57,1.81,
1.57,1.81,
1.57,1.81,
1.57,1.81,
1.57,1.81,
1.57,1.81,
1.57,1.81,
1.57,1.81,
1.57,1.81,
1.64,1.81,
1.64,1.81,
1.64,1.81,
1.64,1.93,
1.64,1.93,
1.64,1.93,
1.64,1.93,
1.64,1.93,
1.68,1.93,
1.68,1.93,
1.68,1.93,
1.68,1.99,
1.68,1.99,
1.68,1.99,
1.68,1.99,
1.67,1.99,
1.67,1.99,
1.67,1.97,
1.67,1.97,
1.67,1.97,
1.67,1.97,
1.67,1.97,
1.67,1.97,
1.64,1.97,
1.64,1.97,
1.64,1.97,
1.64,1.96,
1.64,1.96,
1.64,1.96,
1.64,1.96,
1.64,1.96,
1.62,1.96,
1.62,1.96,
1.62,1.96,
1.62,1.96,
1.62,1.96,
1.62,1.96,
1.62,1.96,
1.62,1.88,
1.62,1.88,
1.62,1.88,
1.62,1.88,
1.63,1.88,
1.63,1.88,
1.63,1.88,
1.63,1.88,
1.63,1.84,
1.63,1.84,
1.63,1.84,
1.63,1.84,
1.63,1.84,
1.63,1.84,
1.63,1.84,
1.63,1.84,
1.63,1.84,
1.63,1.95,
1.63,1.95,
1.63,1.95,
1.63,1.95,
1.67,1.95,
1.67,1.95,
1.67,1.95,
1.67,1.92,
1.67,1.92,
1.67,1.92,
1.67,1.92,
1.67,1.92,
1.67,1.92,
1.67,1.92,
1.67,1.92,
1.67,1.92,
1.67,1.92,
1.67,1.91,
1.67,1.91,
1.67,1.91,
1.67,1.91,
1.67,1.91,
1.66,1.91,
1.66,1.91,
1.66,1.91,
1.66,1.77,
1.66,1.77,
1.66,1.77,
1.66,1.77,
1.66,1.77,
1.72,1.77,
1.72,1.77,
1.72,1.77,
1.72,1.77,
1.72,1.71,
1.72,1.71,
1.72,1.71,
1.72,1.71,
1.72,1.71,
1.72,1.71,
1.75,1.71,
1.75,1.71,
1.75,1.71,
1.75,1.71,
1.75,1.84,
1.75,1.84,
1.75,1.84,
1.75,1.84,
1.75,1.84,
1.75,1.84,
1.75,1.84,
1.79,1.84,
1.79,1.84,
1.79,1.84,
1.79,1.84,
1.79,1.94,
1.79,1.94,
1.81,1.94,
1.81,1.94,
1.81,1.94,
1.81,1.94,
1.81,1.94,
1.81,1.94,
1.81,1.94,
1.81,1.94,
1.81,1.99,
1.81,1.99,
1.81,1.99,
1.81,1.99,
1.81,1.99,
1.81,1.99,
1.75,1.99,
1.75,1.99,
1.75,1.99,
1.75,2.0,
1.75,2.0,
1.75,2.0,
1.75,2.0,
1.75,2.0,
1.68,2.0,
1.68,2.0,
1.68,2.0,
1.68,2.0,
1.68,2.0,
1.68,2.0,
1.68,2.0,
1.64,2.0,
1.64,2.0,
1.64,2.0,
1.64,2.0,
1.64,1.99,
1.64,1.99,
1.64,1.99,
1.64,1.99,
1.64,1.99,
1.65,1.99,
1.65,1.99,
1.65,1.99,
1.65,1.98,
1.65,1.98,
1.65,1.98,
1.65,1.98,
1.65,1.98,
1.65,1.98,
1.65,1.98,
1.65,1.98,
1.66,1.98,
1.66,1.98,
1.66,1.98,
1.66,1.98,
1.66,1.98,
1.66,1.88,
1.66,1.88,
1.66,1.88,
1.66,1.88,
1.62,1.88,
1.62,1.88,
1.62,1.88,
1.62,1.88,
1.62,1.88,
1.62,1.84,
1.62,1.84,
1.62,1.84,
1.62,1.84,
1.62,1.84,
1.6,1.84,
1.6,1.84,
1.6,1.84,
1.6,1.84,
1.6,1.82,
1.6,1.82,
1.6,1.82,
1.6,1.82,
1.6,1.82,
1.6,1.82,
1.6,1.82,
1.6,1.82,
1.6,1.82,
1.6,1.82,
1.59,1.82,
1.59,1.82,
1.59,1.83,
1.62,1.83,
1.62,1.83,
1.62,1.83,
1.62,1.83,
1.62,1.83,
1.62,1.83,
1.62,1.83,
1.62,1.83,
1.62,1.83,
1.62,1.83,
1.62,1.83,
1.62,1.83,
1.62,1.83,
1.64,1.83,
1.64,1.83,
1.64,1.83,
1.64,1.83,
1.64,1.96,
1.64,1.96,
1.64,1.96,
1.64,1.96,
1.64,1.96,
1.58,1.96,
1.58,1.96,
1.58,1.96,
1.58,1.97,
1.58,1.97,
1.58,1.97,
1.58,1.97,
1.55,1.97,
1.55,1.97,
1.55,1.97,
1.55,1.97,
1.55,1.97,
1.55,1.97,
1.55,1.97,
1.55,1.97,
1.55,1.97,
1.55,1.97,
1.55,1.97,
1.55,1.97,
1.55,1.97,
1.65,1.97,
1.65,1.97,
1.65,1.97,
1.65,1.97,
1.65,1.97,
1.65,1.97,
1.65,1.97,
1.65,1.97,
1.65,1.97,
1.75,1.97,
1.75,1.97,
1.75,1.97,
1.75,1.98,
1.75,1.98,
1.75,1.98,
1.75,1.98,
1.75,1.98,
1.81,1.98,
1.81,1.98,
1.81,1.98,
1.81,1.81,
1.81,1.81,
1.81,1.81,
1.81,1.81,
1.81,1.81,
1.81,1.81,
1.81,1.81,
1.65,1.81,
1.65,1.81,
1.65,1.81,
1.65,1.73,
1.65,1.73,
1.65,1.73,
1.65,1.73,
1.58,1.73,
1.58,1.73,
1.58,1.73,
1.58,1.42,
1.58,1.42,
1.58,1.42,
1.58,1.42,
1.58,1.42,
1.58,1.42,
1.58,1.42,
1.63,1.42,
1.63,1.42,
1.63,1.42,
1.63,1.42,
1.63,2.35,
1.63,2.35,
1.63,2.35,
1.63,2.35,
2.26,2.35,
2.26,2.35,
2.26,2.35,
2.26,2.35,
2.26,2.35,
2.26,2.81,
2.26,2.81,
2.26,2.81,
2.26,2.81,
2.26,2.81,
2.26,2.81,
2.26,2.81,
2.58,2.81,
2.58,2.81,
2.58,2.81,
2.58,2.81,
2.58,3.04,
2.58,3.04,
2.58,3.04,
2.58,3.04,
2.58,3.04,
3.29,3.04,
3.29,3.04,
3.29,3.04,
3.29,3.15,
3.29,3.15,
3.29,3.15,
3.29,3.15,
3.29,3.15,
3.29,3.15,
3.29,3.15,
3.65,3.15,
3.65,3.15,
3.65,3.15,
3.65,3.15,
3.65,3.74,
3.65,3.74,
3.65,3.74,
4.08,3.74,
4.08,3.74,
4.08,3.74,
4.08,3.74,
4.08,3.74,
4.08,4.65,
4.08,4.65,
4.08,4.65,
4.08,4.65,
4.08,4.65,
4.08,4.65,
4.3,4.65,
4.3,4.65,
4.3,4.65,
4.3,4.65,
4.3,4.65,
4.3,4.65,
4.3,4.65,
4.3,4.65,
4.3,4.65,
4.3,5.11,
4.3,5.11,
4.3,5.11,
4.3,5.11,
4.3,5.11,
4.57,5.11,
4.57,5.11,
4.57,5.27,
4.57,5.27,
4.57,5.27,
4.58,5.27,
4.58,5.27,
4.58,5.27,
4.58,5.27,
4.58,5.27,
4.58,5.35,
4.58,5.35,
4.58,5.35,
4.58,5.35,
4.58,5.35,
4.58,5.35,
4.58,5.35,
4.58,5.35,
4.58,5.35,
4.58,5.29,
4.58,5.29,
4.58,5.29,
4.58,5.29,
4.58,5.29,
4.35,5.29,
4.35,5.29,
4.35,5.29,
4.35,5.29,
4.35,5.29,
4.35,5.29,
4.35,5.25,
4.35,5.25,
4.35,5.25,
4.35,5.25,
4.35,5.25,
4.35,5.25,
4.24,5.25,
4.24,5.25,
4.24,5.25,
4.24,5.25,
4.24,4.25,
4.24,4.25,
4.24,4.25,
4.24,4.25,
4.24,4.25,
3.91,4.25,
3.91,4.25,
3.91,4.25,
3.91,4.25,
3.91,4.25,
3.91,2.66,
3.91,2.66,
3.91,2.66,
3.91,2.66,
3.4,2.66,
3.4,2.66,
3.4,2.66,
3.4,2.66,
3.4,2.66,
3.4,2.66,
3.4,1.86,
3.4,1.86,
3.4,1.86,
3.4,1.86,
3.4,1.86,
3.4,1.86,
3.4,1.86,
3.15,1.86,
3.15,1.86,
3.15,1.86,
3.15,1.86,
3.15,0.92,
3.15,0.92,
3.15,0.92,
3.15,0.92,
2.67,0.92,
2.67,0.92,
2.67,0.92,
2.67,0.44,
2.67,0.44,
2.67,0.44,
2.67,0.44,
2.67,0.44,
2.67,0.44,
2.67,0.44,
2.43,0.44,
2.43,0.44,
2.43,0.12,
2.43,0.12,
2.43,0.12,
2.43,0.12,
2.43,0.12,
2.43,0.12,
2.43,0.12,
2.43,0.12,
2.22,-0.33,
2.22,-0.33,
2.22,-0.33,
2.22,-0.33,
2.22,-0.33,
2.22,-0.33,
2.22,-0.33,
2.22,-0.33,
2.22,-0.33,
2.12,-0.33,
2.12,-0.33,
2.12,-0.33,
2.12,-0.33,
2.12,-0.55,
2.12,-0.55,
2.12,-0.55,
2.12,-0.55,
2.12,-0.55,
2.12,-0.55,
2.06,-0.55,
2.06,-0.55,
2.06,-0.55,
2.06,-0.17,
2.06,-0.17,
2.06,-0.17,
2.06,-0.17,
2.06,-0.17,
2.06,-0.17,
1.78,-0.17,
1.78,-0.17,
1.78,-0.17,
1.78,0.03,
1.78,0.03,
1.78,0.03,
1.78,0.03,
1.78,0.03,
1.78,0.03,
1.64,0.03,
1.64,0.03,
1.64,0.03,
1.64,0.42,
1.64,0.42,
1.64,0.42,
1.64,0.42,
1.64,0.42,
1.64,0.42,
1.64,0.42,
1.64,0.42,
1.49,0.42,
1.49,0.42,
1.49,0.42,
1.49,0.42,
1.49,0.61,
1.49,0.61,
1.49,0.61,
1.49,0.61,
1.42,0.61,
1.42,0.61,
1.42,0.61,
1.42,0.61,
1.42,0.73,
1.42,0.73,
1.42,0.73,
1.42,0.73,
1.42,0.73,
1.42,0.73,
1.61,0.73,
1.61,0.73,
1.61,0.73,
1.61,0.33,
1.61,0.33,
1.61,0.33,
1.61,0.33,
1.61,0.33,
1.61,0.33,
1.61,0.33,
1.61,0.33,
1.79,0.33,
1.79,0.33,
1.79,0.14,
1.79,0.14,
1.79,0.14,
1.79,0.14,
1.79,0.14,
1.79,0.14,
1.79,0.14,
1.87,0.14,
1.87,0.14,
1.87,-0.21,
1.87,-0.21,
1.87,-0.21,
1.87,-0.21,
1.87,-0.21,
1.87,-0.21,
1.8,-0.21,
1.8,-0.21,
1.8,-0.21,
1.8,-0.21,
1.8,-0.38,
1.8,-0.38,
1.8,-0.38,
1.8,-0.38,
1.8,-0.38,
1.8,-0.38,
1.77,-0.38,
1.77,-0.38,
1.77,-0.38,
1.77,-0.38,
1.77,-0.38,
1.77,-0.29,
1.77,-0.29,
1.77,-0.29,
1.77,-0.29,
1.77,-0.29,
1.89,-0.29,
1.89,-0.29,
1.89,-0.29,
1.89,-0.29,
1.89,0.01,
1.89,0.01,
1.89,0.01,
1.95,0.01,
1.95,0.01,
1.95,0.01,
1.95,0.01,
1.95,0.01,
1.95,0.01,
1.95,0.01,
1.95,0.01,
1.95,0.01,
1.95,0.01,
1.95,0.01,
1.95,0.01,
1.95,0.01,
1.95,0.16,
1.95,0.16,
1.95,0.16,
1.9,0.16,
1.9,0.16,
1.9,0.16,
1.9,0.16,
1.9,0.16,
1.9,0.16,
1.9,0.16,
1.9,0.16,
1.9,0.16,
1.94,0.16,
1.94,0.16,
1.94,0.16,
1.94,0.16,
1.94,0.16,
1.96,0.16,
1.96,0.16,
1.96,0.16,
1.96,0.16,
1.96,0.16,
1.96,0.05,
1.96,0.05,
1.96,0.05,
1.96,0.05,
1.96,0.05,
1.96,0.05,
1.96,0.05,
1.84,0.05,
1.84,0.05,
1.84,0.05,
1.84,-0.0,
1.84,-0.0,
1.84,-0.0,
1.84,-0.0,
1.84,-0.0,
1.84,-0.0,
1.78,-0.0,
1.78,-0.22,
1.78,-0.22,
1.78,-0.22,
1.78,-0.22,
1.78,-0.22,
1.78,-0.22,
1.29,-0.22,
1.29,-0.22,
1.29,-0.22,
1.29,-0.22,
1.29,-0.22,
1.29,-0.7,
1.29,-0.7,
1.29,-0.7,
1.29,-0.7,
1.29,-0.7,
1.29,-0.7,
0.96,-0.7,
0.96,-0.7,
0.96,-0.7,
0.96,-0.7,
0.96,-0.94,
0.96,-0.94,
0.96,-0.94,
0.96,-0.94,
0.96,-0.94,
0.96,-0.94,
0.96,-0.94,
0.96,-0.94,
0.8,-0.94,
0.8,-0.94,
0.8,-1.95,
0.8,-1.95,
0.8,-1.95,
0.8,-1.95,
0.8,-1.95,
0.69,-1.95,
0.69,-1.95,
0.69,-1.95,
0.69,-1.95,
0.69,-1.95,
0.69,-2.46,
0.69,-2.46,
0.69,-2.46,
0.69,-2.46,
0.69,-2.46,
0.63,-2.46,
0.63,-2.46,
0.63,-2.46,
0.63,-2.46,
0.63,-1.3,
0.63,-1.3,
0.63,-1.3,
0.63,-1.3,
0.63,-1.3,
1.05,-1.3,
1.05,-1.3,
1.05,1.36,
1.05,1.36,
1.05,1.36,
1.05,1.36,
1.05,1.36,
1.05,1.36,
1.05,1.36,
1.05,1.36,
1.26,1.36,
1.26,1.36,
1.26,2.7,
1.26,2.7,
1.26,2.7,
1.26,2.7,
1.26,2.7,
1.26,2.7,
1.26,2.7,
1.26,2.7,
1.68,2.7,
1.68,1.8,
1.68,1.8,
1.68,1.8,
1.68,1.8,
1.68,1.8,
1.68,1.8,
1.68,1.8,
2.08,1.8,
2.08,1.8,
2.08,1.8,
2.08,1.8,
2.08,1.8,
2.08,1.35,
2.08,1.35,
2.08,1.35,
2.08,1.35,
2.08,1.35,
2.28,1.35,
2.28,1.35,
2.28,1.35,
2.28,1.35,
2.28,1.35,
2.28,-0.46,
2.28,-0.46,
2.28,-0.46,
2.28,-0.46,
2.28,-0.46,
2.4,-0.46,
2.4,-0.46,
2.4,-0.46,
2.4,-0.46,
2.4,-1.36,
2.4,-1.36,
2.4,-1.36,
2.4,-1.36,
2.47,-1.36,
2.47,-1.36,
2.47,-1.36,
2.47,-1.36,
2.47,-1.36,
2.47,-1.36,
2.47,-1.36,
2.47,0.0,
2.47,0.0,
2.25,0.0,
2.25,0.0,
2.25,0.0,
2.25,0.0,
2.25,0.0,
2.25,0.0,
2.25,-0.71,
2.25,-0.71,
2.25,-0.71,
2.25,-0.71,
2.07,-0.71,
2.07,-0.71,
2.07,-0.71,
2.07,-0.71,
2.07,-0.71,
2.07,-0.71,
2.07,-0.71,
2.07,-0.71,
2.07,-1.06,
2.07,-1.06,
2.07,-1.06,
2.07,-1.06,
2.07,-1.06,
1.99,-1.06,
1.99,-1.06,
1.99,-1.06,
1.99,-3.45,
1.99,-3.45,
1.99,-3.45,
1.99,-3.45,
1.99,-3.45,
1.51,-3.45,
1.51,-3.45,
1.51,-3.45,
1.51,-4.63,
1.51,-4.63,
1.51,-4.63,
1.51,-4.63,
1.51,-4.63,
1.51,-4.63,
1.28,-4.63,
1.28,-4.63,
1.28,-4.63,
1.28,-4.63,
1.28,-4.63,
1.28,-5.31,
1.28,-5.31,
1.28,-5.31,
1.28,-5.31,
1.28,-5.31,
0.1,-5.31,
0.1,-5.31,
0.1,-5.31,
0.1,-5.31,
0.1,-3.01,
0.1,-3.01,
0.1,-3.01,
0.1,-3.01,
0.1,-3.01,
-0.49,-3.01,
-0.49,-3.01,
-0.49,-3.01,
-0.49,-1.85,
-0.49,-1.85,
-0.49,-1.85,
-0.49,-1.85,
-0.56,-1.85,
-0.56,-1.85,
-0.56,-1.85,
-0.56,-1.85,
-0.56,-1.85,
-0.56,-1.85,
-0.56,-1.85,
-0.56,-1.85,
-0.56,-1.85,
-0.56,0.94,
-0.56,0.94,
-0.56,0.94,
-0.56,0.94,
-0.56,0.94,
0.36,0.94,
0.36,0.94,
0.36,0.94,
0.36,2.33,
0.36,2.33,
0.36,2.33,
0.36,2.33,
0.36,2.33,
0.36,2.33,
0.36,2.33,
0.83,2.33,
0.83,2.33,
0.83,2.33,
0.83,3.87,
0.83,3.87,
0.83,3.87,
0.83,3.87,
0.83,3.87,
1.88,3.87,
1.88,4.64,
1.88,4.64,
1.88,4.64,
1.88,4.64,
1.88,4.64,
1.88,4.64,
1.88,4.64,
1.88,4.64,
2.41,4.64,
2.41,4.64,
2.41,4.64,
2.41,2.25,
2.41,2.25,
2.41,2.25,
2.41,2.25,
2.41,2.25,
2.41,2.25,
2.41,2.25,
2.41,2.25,
2.41,2.25,
3.49,2.25,
3.49,2.25,
3.49,2.25,
3.49,0.2,
3.49,0.2,
3.69,0.2,
3.69,0.2,
3.69,0.2,
3.69,-0.83,
3.69,-0.83,
3.69,-0.83,
3.69,-0.83,
3.69,-0.83,
3.69,-0.83,
3.79,-0.83,
3.79,-0.83,
3.79,-0.83,
3.79,-0.83,
3.79,-0.94,
3.79,-0.94,
3.79,-0.94,
3.79,-0.94,
3.79,-0.94,
3.79,-0.94,
3.79,-0.94,
3.01,-0.94,
3.01,-0.94,
3.01,-0.94,
3.01,-0.94,
3.01,-1.0,
3.01,-1.0,
3.01,-1.0,
3.01,-1.0,
3.01,-1.0,
3.01,-1.0,
2.63,-1.0,
2.63,-1.0,
2.63,-1.0,
2.63,-1.0,
2.63,-1.83,
2.63,-1.83,
2.63,-1.83,
2.63,-1.83,
1.32,-1.83,
1.32,-1.83,
1.32,-1.83,
1.32,-1.83,
1.32,-1.83,
1.32,-2.93,
1.32,-2.93,
0.67,-2.93,
0.67,-2.93,
0.67,-2.93,
0.67,-2.93,
0.67,-2.93,
0.67,-2.93,
0.67,-2.93,
0.67,-3.48,
0.67,-3.48,
0.67,-3.48,
-0.98,-3.48,
-0.98,-3.48,
-0.98,-3.48,
-0.98,-3.48,
-0.98,-3.48,
-0.98,-3.48,
-0.98,-3.48,
-0.98,-3.48,
-0.98,-3.48,
-0.98,-3.48,
-0.98,-3.48,
-0.98,-3.48,
-0.98,-3.77,
-0.98,-3.77,
-0.98,-3.77,
-0.98,-3.77,
-0.98,-3.77,
-0.98,-3.77,
-2.19,-3.77,
-2.19,-3.77,
-2.19,-3.77,
-2.19,-3.92,
-2.19,-3.92,
-2.19,-3.92,
-2.19,-3.92,
-2.19,-3.92,
-2.19,-3.92,
-2.79,-3.92,
-2.79,-3.92,
-2.79,-3.82,
-2.86,-3.82,
-2.86,-3.82,
-2.86,-3.82,
-2.86,-3.82,
-2.86,-3.82,
-2.86,-3.78,
-2.86,-3.78,
-2.86,-3.78,
-2.86,-3.78,
-2.86,-3.78,
-2.86,-3.78,
-2.9,-3.78,
-2.9,-3.78,
-2.9,-2.92,
-2.9,-2.92,
-2.9,-2.92,
-2.9,-2.92,
-2.9,-2.92,
-2.9,-2.92,
-2.27,-2.92,
-2.27,-2.92,
-2.27,-2.92,
-2.27,-2.1,
-2.27,-2.1,
-2.27,-2.1,
-2.27,-2.1,
-1.25,-2.1,
-1.25,-2.1,
-1.25,-2.1,
-1.25,-2.1,
-1.25,-2.1,
-1.25,-2.1,
-1.25,-1.69,
-1.25,-1.69,
-1.25,-1.69,
-1.25,-1.69,
-1.25,-1.69,
-1.25,-1.69,
-0.73,-1.69,
-0.73,-0.67,
-0.73,-0.67,
-0.73,-0.67,
-0.73,-0.67,
-0.73,-0.67,
-0.73,-0.67,
-0.09,-0.67,
-0.09,-0.67,
-0.09,-0.67,
-0.09,-0.67,
-0.09,-0.67,
-0.09,-0.67,
-0.09,-0.15,
-0.09,-0.15,
-0.09,-0.15,
0.23,-0.15,
0.23,-0.15,
0.23,-0.15,
0.23,-0.15,
0.23,-0.15,
0.23,-0.15,
0.23,-0.15,
0.23,-0.15,
0.23,-0.15,
0.23,0.58,
0.23,0.58,
0.23,0.58,
0.23,0.58,
0.23,0.58,
1.22,0.58,
1.22,0.58,
1.22,0.58,
1.22,0.58,
1.22,0.98,
1.22,0.98,
1.22,0.98,
1.22,0.98,
1.71,0.98,
1.71,0.98,
1.71,0.98,
1.71,1.17,
1.71,1.17,
1.71,1.17,
1.71,1.17,
1.71,1.17,
1.71,1.17,
2.4,1.17,
2.4,1.17,
2.4,-0.14,
2.4,-0.14,
2.4,-0.14,
2.4,-0.14,
2.4,-0.14,
2.4,-0.14,
2.4,-0.14,
2.4,-0.14,
2.4,-0.14,
2.4,-0.14,
1.96,-0.14,
1.96,-0.14,
1.96,-0.14,
1.96,-0.14,
1.96,-0.79,
1.96,-0.79,
1.96,-0.79,
1.96,-0.79,
1.96,-0.79,
1.96,-0.79,
1.74,-0.79,
1.74,-0.79,
1.74,-0.79,
1.74,-2.13,
1.74,-2.13,
1.74,-2.13,
1.74,-2.13,
1.74,-2.13,
1.74,-2.13,
1.74,-2.13,
0.5,-2.81,
0.5,-2.81,
0.5,-2.81,
0.5,-2.81,
0.5,-2.81,
-0.12,-2.81,
-0.12,-2.81,
-0.12,-2.81,
-0.12,-3.54,
-0.12,-3.54,
-0.12,-3.54,
-0.12,-3.54,
-0.12,-3.54,
-0.12,-3.54,
-0.12,-3.54,
-0.12,-3.54,
-0.12,-3.54,
-0.94,-3.54,
-0.94,-3.54,
-0.94,-3.54,
-0.94,-5.34,
-0.94,-5.34,
-0.94,-5.34,
-0.94,-5.34,
-0.94,-5.34,
-1.22,-5.34,
-1.22,-5.34,
-1.22,-5.34,
-1.22,-5.34,
-1.22,-6.24,
-1.22,-6.24,
-1.22,-6.24,
-1.22,-6.24,
-1.22,-6.24,
-1.37,-6.24,
-1.37,-6.24,
-1.37,-6.24,
-1.37,-6.24,
-1.37,-6.39,
-1.37,-6.39,
-1.37,-6.39,
-1.37,-6.39,
-1.37,-6.39,
-1.37,-6.39,
-1.37,-6.39,
-1.37,-6.39,
-1.28,-6.47,
-1.28,-6.47,
-1.28,-6.47,
-1.28,-6.47,
-1.28,-6.47,
-1.28,-6.47,
-1.28,-6.47,
-1.28,-6.47,
-1.28,-6.47,
-1.28,-6.47,
-1.28,-6.47,
-1.24,-5.42,
-1.24,-5.42,
-1.24,-5.42,
-1.24,-5.42,
-1.24,-5.42,
-0.88,-5.42,
-0.88,-5.42,
-0.88,-5.42,
-0.88,-5.42,
-0.88,-5.81,
-0.88,-5.81,
-0.88,-5.81,
-0.88,-5.81,
-0.88,-5.81,
-0.7,-5.81,
-0.7,-5.81,
-0.7,-5.81,
-0.7,-6.01,
-0.7,-6.01,
-0.7,-6.01,
-0.7,-6.01,
-0.7,-6.01,
-0.7,-6.01,
-0.7,-6.01,
-1.12,-6.01,
-1.12,-6.01,
-1.12,-6.01,
-1.12,-6.68,
-1.12,-6.68,
-1.12,-6.68,
-1.12,-6.68,
-1.12,-6.68,
-1.12,-6.68,
-1.55,-6.68,
-1.55,-6.68,
-1.55,-6.68,
-1.55,-6.68,
-1.55,-7.02,
-1.55,-7.02,
-1.55,-7.02,
-1.55,-7.02,
-1.55,-7.02,
-1.55,-7.02,
-1.76,-7.02,
-1.76,-7.02,
-1.76,-7.02,
-1.76,-7.02,
-1.76,-6.06,
-1.76,-6.06,
-1.76,-6.06,
-1.76,-6.06,
-1.76,-6.06,
-1.18,-6.06,
-1.18,-6.06,
-1.18,-6.06,
-1.18,-6.06,
-1.18,-6.06,
-1.18,-5.58,
-1.18,-5.58,
-1.18,-5.58,
-1.18,-5.58,
-1.18,-5.58,
-1.18,-5.58,
-1.18,-5.58,
-0.89,-5.58,
-0.89,-5.58,
-0.89,-5.01,
-0.89,-5.01,
-0.89,-5.01,
-0.89,-5.01,
-0.89,-5.01,
-0.89,-5.01,
-0.89,-5.01,
0.06,-5.01,
0.06,-5.01,
0.06,-4.78,
0.06,-4.78,
0.06,-4.78,
0.06,-4.78,
0.06,-4.78,
0.06,-4.78,
1.07,-4.78,
1.07,-4.78,
1.07,-4.78,
1.07,-4.78,
1.07,-4.67,
1.07,-4.67,
1.07,-4.67,
1.07,-4.67,
1.07,-4.67,
1.07,-4.67,
1.07,-4.67,
1.07,-4.67,
1.07,-4.67,
1.56,-4.67,
1.56,-4.67,
1.56,-2.42,
1.56,-2.42,
1.56,-2.42,
1.56,-2.42,
1.56,-2.42,
1.56,-2.42,
1.56,-2.42,
2.68,-2.42,
2.68,-2.42,
2.68,-2.42,
2.68,-1.33,
2.68,-1.33,
2.68,-1.33,
2.68,-1.33,
2.68,-1.33,
3.23,-1.33,
3.23,-1.33,
3.23,-1.33,
3.23,0.86,
3.23,0.86,
3.23,0.86,
3.23,0.86,
3.23,0.86,
3.23,0.86,
3.23,0.86,
3.84,0.86,
3.84,0.86,
3.84,0.86,
3.84,-0.46,
3.84,-0.46,
3.84,-0.46,
3.84,-0.46,
3.84,-0.46,
3.84,-0.46,
4.15,-0.46,
4.15,-0.46,
4.15,-0.46,
4.15,-0.46,
4.15,-1.13,
4.15,-1.13,
4.15,-1.13,
4.15,-1.13,
4.15,-1.13,
3.62,-1.13,
3.62,-1.13,
3.62,-1.13,
3.62,-1.13,
3.62,-1.13,
3.62,-1.13,
3.62,-1.13,
3.62,-3.86,
3.62,-3.86,
3.62,-3.86,
3.62,-3.86,
1.49,-3.86,
1.49,-3.86,
1.49,-5.24,
1.49,-5.24,
1.49,-5.24,
1.49,-5.24,
0.43,-5.24,
0.43,-5.24,
0.43,-5.24,
0.43,-5.24,
0.43,-5.24,
0.43,-5.24,
0.43,-6.38,
0.43,-6.38,
0.43,-6.38,
0.43,-6.38,
-1.32,-6.38,
-1.32,-6.38,
-1.32,-6.38,
-1.32,-6.38,
-1.32,-6.38,
-1.32,-6.38,
-1.32,-6.38,
-1.32,-6.94,
-1.32,-6.94,
-1.32,-6.94,
-1.32,-6.94,
-1.32,-6.94,
-2.18,-6.94,
-2.18,-6.94,
-2.18,-5.68,
-2.18,-5.68,
-2.18,-5.68,
-2.18,-5.68,
-2.18,-5.68,
-2.18,-5.68,
-2.18,-5.68,
-2.18,-5.68,
-2.18,-5.68,
-2.18,-5.68,
-2.18,-5.68,
-2.28,-5.68,
-2.28,-5.68,
-2.28,-5.68,
-2.28,-5.19,
-2.28,-5.19,
-2.28,-5.19,
-2.28,-5.19,
-2.28,-5.19,
-0.75,-5.19,
-0.75,-5.19,
-0.75,-5.19,
-0.75,-4.94,
-0.75,-4.94,
-0.75,-4.94,
-0.75,-4.94,
0.05,-4.94,
0.05,-4.94,
0.05,-4.94,
0.05,-4.94,
0.05,-4.94,
0.05,-4.94,
0.05,-4.03,
0.05,-4.03,
0.05,-4.03,
0.05,-4.03,
0.05,-4.03,
1.03,-4.03,
1.03,-4.03,
1.03,-4.03,
1.03,-3.57,
1.03,-3.57,
1.03,-3.57,
1.03,-3.57,
1.03,-3.57,
1.53,-3.57,
1.53,-3.57,
1.53,-3.57,
1.53,-3.57,
1.53,-3.57,
1.53,-3.57,
1.53,-6.42,
1.53,-6.42,
1.53,-6.42,
1.53,-6.42,
1.53,-6.42,
1.98,-6.42,
1.98,-6.42,
1.98,-6.42,
1.98,-6.42,
1.98,-6.42,
1.98,-6.42,
1.98,-10.7,
1.98,-10.7,
2.21,-10.7,
2.21,-10.7,
2.21,-10.7,
2.21,-10.7,
2.21,-10.7,
2.21,-12.82,
2.21,-12.82,
2.21,-12.82,
2.21,-12.82,
2.21,-12.82,
2.16,-12.82,
2.16,-12.82,
2.16,-13.45,
2.16,-13.45,
2.16,-13.45,
2.16,-13.45,
2.16,-13.45,
2.16,-13.45,
2.16,-13.45,
2.16,-13.45,
2.12,-13.45,
2.12,-13.45,
2.12,-13.75,
2.12,-13.75,
2.12,-13.75,
2.12,-13.75,
2.12,-13.75,
2.12,-13.75,
2.1,-13.75,
2.1,-13.75,
2.1,-13.75,
2.1,-13.75,
2.1,-13.75,
2.1,-11.29,
2.1,-11.29,
2.1,-11.29,
2.1,-11.29,
2.1,-11.29,
2.92,-11.29,
2.92,-11.29,
2.92,-11.29,
2.92,-10.09,
2.92,-10.09,
2.92,-10.09,
2.92,-10.09,
2.92,-10.09,
2.92,-10.09,
2.92,-10.09,
3.32,-10.09,
3.32,-10.09,
3.32,-10.09,
3.32,-10.09,
3.32,-10.09,
3.32,-6.68,
3.32,-6.68,
3.32,-6.68,
3.32,-6.68,
3.32,-6.68,
4.22,-6.68,
4.22,-6.68,
4.22,-6.68,
4.22,-0.66,
4.22,-0.66,
4.22,-0.66,
4.22,-0.66,
4.22,-0.66,
4.22,-0.66,
5.94,-0.66,
5.94,-0.66,
5.94,2.19,
5.94,2.19,
5.94,2.19,
5.94,2.19,
5.94,2.19,
5.94,2.19,
5.94,2.19,
5.94,2.19,
5.94,2.19,
6.82,2.19,
6.82,2.19,
6.82,5.1,
6.82,5.1,
6.82,5.1,
6.82,5.1,
6.82,5.1,
6.82,5.1,
8.65,5.1,
8.65,5.1,
8.65,5.1,
8.65,5.1,
8.65,6.52,
8.65,6.52,
8.65,6.52,
8.65,6.52,
8.65,6.52,
9.6,6.52,
9.6,6.52,
9.6,6.52,
9.6,6.19,
9.6,6.19,
9.6,6.19,
9.6,6.19,
9.6,6.19,
9.6,6.19,
9.6,6.19,
10.11,6.19,
10.11,6.19,
10.11,6.19,
10.11,6.19,
10.11,1.77,
10.11,1.77,
10.11,1.77,
10.11,1.77,
10.11,1.77,
10.11,1.77,
10.37,1.77,
10.37,1.77,
10.37,1.77,
10.37,1.77,
10.37,-0.5,
10.37,-0.5,
10.37,-0.5,
10.37,-0.5,
10.37,-0.5,
9.17,-0.5,
9.17,-0.5,
9.17,-0.5,
9.17,-8.82,
9.17,-8.82,
9.17,-8.82,
9.17,-8.82,
9.17,-8.82,
6.04,-8.82,
6.04,-8.82,
6.04,-8.82,
6.04,-8.82,
6.04,-12.98,
6.04,-12.98,
6.04,-12.98,
6.04,-12.98,
6.04,-12.98,
6.04,-12.98,
6.04,-12.98,
4.64,-12.98,
4.64,-12.98,
4.64,-12.98,
4.64,-12.98,
4.64,-12.98,
4.64,-12.98,
4.64,-19.16,
4.64,-19.16,
4.64,-19.16,
4.64,-19.16,
4.64,-19.16,
4.64,-19.16,
4.64,-19.16,
4.64,-19.16,
4.64,-19.16,
1.96,-19.16,
1.96,-19.16,
1.96,-19.16,
1.96,-22.22,
1.96,-22.22,
1.96,-22.22,
1.96,-22.22,
0.7,-22.22,
0.7,-22.22,
0.7,-28.89,
0.7,-28.89,
0.7,-28.89,
-1.14,-28.89,
-1.14,-28.89,
-1.14,-28.89,
-1.14,-28.89,
-1.14,-35.06,
-1.14,-35.06,
-1.14,-35.06,
-1.14,-35.06,
-1.14,-35.06,
-1.14,-35.06,
-1.76,-35.06,
-1.76,-35.06,
-1.76,-35.06,
-1.76,-35.06,
-1.76,-35.06,
-1.76,-35.06,
-1.76,-38.12,
-1.76,-38.12,
-1.76,-38.12,
-2.09,-38.12,
-2.09,-38.12,
-2.09,-38.12,
-2.09,-38.12,
-2.09,-36.53,
-2.09,-36.53,
-2.09,-36.53,
-2.09,-36.53,
-2.09,-36.53,
-2.09,-36.53,
-2.09,-36.53,
-1.61,-36.53,
-1.61,-36.53,
-1.61,-36.53,
-1.61,-36.53,
-1.61,-35.6,
-1.61,-35.6,
-1.61,-35.6,
-1.61,-35.6,
-1.36,-35.6,
-1.36,-35.6,
-1.36,-35.6,
-1.36,-35.6,
-1.36,-35.6,
-1.36,-35.6,
-1.36,-35.6,
-1.36,-35.6,
-1.36,-35.6,
-1.36,-33.06,
-1.36,-33.06,
-1.36,-33.06,
-1.36,-33.06,
1.21,-32.92,
1.21,-32.92,
1.21,-32.92,
1.21,-32.92,
1.21,-32.92,
1.21,-32.92,
2.52,-32.92,
2.52,-32.92,
2.52,-32.92,
2.52,-32.92,
2.52,-32.92,
2.52,-32.92,
2.52,-32.84,
2.52,-32.84,
2.52,-32.84,
5.81,-32.84,
5.81,-32.84,
5.81,-32.84,
5.81,-32.84,
5.81,-32.84,
5.81,-36.81,
5.81,-36.81,
5.81,-36.81,
8.06,-36.81,
8.06,-36.81,
8.06,-36.81,
8.06,-36.81,
8.06,-36.81,
8.06,-38.89,
8.06,-38.89,
8.06,-38.89,
8.06,-38.89,
9.21,-38.89,
9.21,-38.89,
9.21,-38.89,
9.21,-38.89,
9.21,-38.89,
9.21,-41.29,
9.21,-41.29,
9.21,-41.29,
9.21,-41.29,
9.21,-41.29,
9.21,-41.29,
9.21,-41.29,
8.35,-41.29,
8.35,-41.29,
8.35,-41.29,
8.35,-41.29,
8.35,-40.18,
8.35,-40.18,
8.35,-40.18,
8.35,-40.18,
7.9,-40.18,
7.9,-40.18,
7.9,-40.18,
7.9,-39.62,
7.9,-39.62,
7.9,-39.62,
7.9,-39.62,
7.9,-39.62,
7.9,-39.62,
6.17,-39.62,
6.17,-39.62,
6.17,-39.62,
6.17,-39.62,
6.17,-39.62,
6.17,-33.93,
6.17,-33.93,
6.17,-33.93,
6.17,-33.93,
6.17,-33.93,
4.05,-33.93,
4.05,-33.93,
4.05,-33.93,
4.05,-33.93,
4.05,-33.93,
4.05,-33.93,
4.05,-30.94,
4.05,-30.94,
4.05,-30.94,
2.94,-30.94,
2.94,-30.94,
2.94,-30.94,
2.94,-30.94,
2.94,-28.69,
2.94,-28.69,
2.94,-28.69,
2.94,-28.69,
2.94,-28.69,
2.94,-28.69,
2.94,-28.69,
2.94,-28.69,
1.74,-28.69,
1.74,-28.69,
1.74,-27.68,
1.74,-27.68,
1.74,-27.68,
1.74,-27.68,
1.74,-27.68,
1.74,-27.68,
1.74,-27.68,
1.74,-27.68,
1.12,-27.68,
1.12,-28.58,
1.12,-28.58,
1.12,-28.58,
1.12,-28.58,
1.12,-28.58,
1.12,-28.58,
0.49,-28.58,
0.49,-28.58,
0.49,-28.58,
0.49,-28.58,
0.49,-26.31,
0.49,-26.31,
0.49,-26.31,
0.49,-26.31,
0.17,-26.31,
0.17,-26.31,
0.17,-26.31,
0.17,-26.31,
0.17,-26.31,
0.17,-25.27,
0.17,-25.27,
0.17,-25.27,
0.17,-25.27,
0.17,-25.27,
0.17,-25.27,
0.17,-25.27,
0.17,-25.27,
0.17,-25.27,
0.17,-25.27,
-0.1,-25.27,
-0.1,-25.27,
-0.1,-25.27,
-0.1,-25.27,
-0.1,-25.27,
-0.1,-25.27,
-0.1,-23.63,
-0.1,-23.63,
-0.1,-23.63,
-0.1,-23.63,
0.71,-23.63,
0.71,-23.63,
0.71,-23.63,
0.71,-22.86,
0.71,-22.86,
0.71,-22.86,
0.71,-22.86,
1.13,-22.86,
1.13,-22.86,
1.13,-21.1,
1.13,-21.1,
1.13,-21.1,
1.13,-21.1,
1.13,-21.1,
1.13,-21.1,
4.4,-21.1,
4.4,-21.1,
4.4,-21.1,
4.4,-18.48,
4.4,-18.48,
4.4,-18.48,
4.4,-18.48,
4.4,-18.48,
4.4,-18.48,
4.4,-18.48,
6.0,-18.48,
6.0,-18.48,
6.0,-18.48,
6.0,-17.19,
6.0,-17.19,
6.0,-17.19,
6.0,-17.19,
6.0,-17.19,
6.0,-17.19,
9.81,-17.19,
9.81,-17.19,
9.81,-13.16,
9.81,-13.16,
9.81,-13.16,
9.81,-13.16,
9.81,-13.16,
9.81,-13.16,
13.58,-13.16,
13.58,-13.16,
13.58,-13.16,
13.58,-13.16,
13.58,-11.12,
13.58,-11.12,
13.58,-11.12,
13.58,-11.12,
13.58,-11.12,
13.58,-11.12,
13.58,-11.12,
15.39,-11.12,
15.39,-11.12,
15.39,-11.12,
15.39,-11.12,
15.39,-11.13,
15.39,-11.13,
15.39,-11.13,
15.39,-11.13,
15.39,-11.13,
16.15,-11.13,
16.15,-11.13,
16.15,-11.14,
16.15,-11.14,
16.15,-11.14,
16.15,-11.14,
16.15,-11.14,
16.53,-11.14,
16.53,-11.14,
16.53,-11.14,
16.53,-11.14,
16.53,-11.14,
16.53,-11.14,
16.53,-10.88,
16.53,-10.88,
16.53,-10.88,
16.53,-10.88,
16.77,-10.88,
16.77,-10.88,
16.77,-10.88,
16.77,-10.88,
16.77,-10.88,
16.77,-7.09,
16.77,-7.09,
16.77,-7.09,
16.77,-7.09,
16.9,-7.09,
16.9,-7.09,
16.9,-7.09,
16.9,-7.09,
16.9,-7.09,
16.9,-7.09,
16.9,-5.15,
16.9,-5.15,
16.9,-5.15,
17.11,-5.15,
17.11,-5.15,
17.11,-5.15,
17.11,-5.15,
17.11,-5.15,
17.11,-5.15,
17.11,-0.49,
17.11,-0.49,
17.11,-0.49,
17.11,-0.49,
17.11,-0.49,
17.11,-0.49,
17.7,-0.49,
17.7,-0.49,
17.7,1.89,
17.7,1.89,
17.7,1.89,
17.7,1.89,
17.7,1.89,
17.7,1.89,
17.7,1.89,
17.7,1.89,
17.99,1.89,
17.99,1.89,
17.99,3.72,
17.99,3.72,
17.99,3.72,
17.99,3.72,
17.99,3.72,
17.99,3.72,
17.99,3.72,
20.55,3.72,
20.55,4.58,
20.55,4.58,
20.55,4.58,
20.55,4.58,
20.55,4.58,
20.55,4.58,
21.81,4.58,
21.81,4.58,
21.81,4.58,
21.81,4.58,
21.81,4.58,
21.81,5.03,
21.81,5.03,
21.81,5.03,
21.81,5.03,
23.98,5.03,
23.98,5.03,
23.98,5.03,
23.98,5.03,
23.98,5.03,
23.98,5.03,
23.98,9.67,
23.98,9.67,
23.98,9.67,
23.98,9.67,
25.14,9.67,
25.14,9.67,
25.14,9.67,
25.14,12.0,
25.14,12.0,
25.14,12.0,
25.14,12.0,
25.14,12.0,
25.14,12.0,
25.14,12.0,
25.14,12.0,
25.14,12.0,
25.14,12.0,
25.66,12.0,
25.66,12.0,
25.66,12.0,
25.66,12.0,
25.66,12.0,
25.66,12.0,
25.66,21.45,
25.66,21.45,
25.66,21.45,
25.66,21.45,
25.66,21.45,
25.06,21.45,
25.06,21.45,
25.06,21.45,
25.06,21.45,
25.06,26.06,
25.06,26.06,
25.06,26.06,
25.06,26.06,
25.06,26.06,
24.77,26.06,
24.77,26.06,
24.77,26.06,
24.77,26.06,
24.77,19.19,
24.77,19.19,
23.35,19.19,
23.35,19.19,
23.35,19.19,
23.35,19.19,
23.35,12.89,
23.35,12.89,
23.35,12.89,
23.35,12.89,
23.35,12.89,
23.35,12.89,
22.64,12.89,
22.64,12.89,
22.64,12.89,
22.64,12.89,
22.64,9.74,
22.64,9.74,
22.64,9.74,
22.64,9.74,
22.64,9.74,
20.47,9.74,
20.47,9.74,
20.47,9.74,
20.47,6.33,
20.47,6.33,
20.47,6.33,
20.47,6.33,
20.47,6.33,
20.47,6.33,
17.57,6.33,
17.57,6.33,
17.57,6.33,
17.57,6.33,
17.57,6.33,
17.57,4.59,
17.57,4.59,
17.57,4.59,
15.99,4.59,
15.99,4.59,
15.99,4.59,
15.99,4.59,
15.99,3.97,
15.99,3.97,
15.99,3.97,
15.99,3.97,
15.99,3.97,
15.99,3.97,
11.85,3.97,
11.85,3.97,
11.85,3.97,
11.85,3.97,
11.85,3.1,
11.85,3.1,
11.85,3.1,
11.85,3.1,
11.85,3.1,
11.85,3.1,
11.85,3.1,
11.85,3.1,
11.85,3.1,
9.67,3.1,
9.67,3.1,
9.67,3.1,
9.67,3.1,
9.67,2.6,
9.67,2.6,
9.67,2.6,
9.67,2.6,
4.81,2.6,
4.81,2.6,
4.81,27.95,
4.81,27.95,
4.81,27.95,
4.81,27.95,
4.81,27.95,
4.81,27.95,
4.81,27.95,
4.81,27.95,
3.26,27.95,
3.26,27.95,
3.26,27.95,
3.26,34.55,
3.26,34.55,
3.26,34.55,
3.26,34.55,
3.26,34.55,
2.51,34.55,
2.51,34.55,
2.51,34.55,
2.51,34.55,
2.51,34.55,
2.51,34.55,
2.51,34.55,
2.51,25.75,
2.51,25.75,
2.51,25.75,
2.51,25.75,
8.73,25.75,
8.73,25.75,
8.73,25.75,
8.73,25.75,
8.73,25.75,
8.73,18.65,
8.73,18.65,
8.73,18.65,
11.77,18.65,
11.77,18.65,
11.77,18.65,
11.77,18.65,
11.77,18.65,
11.77,18.65,
11.77,19.83,
11.77,19.83,
11.77,19.83,
11.77,19.83,
11.77,19.83,
11.77,19.83,
18.77,19.83,
18.77,19.83,
18.77,19.83,
18.77,10.27,
18.77,10.27,
18.77,10.27,
18.77,10.27,
18.77,10.27,
18.77,10.27,
22.1,10.27,
22.1,10.27,
22.1,5.92,
22.1,5.92,
22.1,5.92,
22.1,5.92,
22.1,5.92,
22.1,5.92,
22.1,5.92,
22.1,5.92,
22.1,5.92,
18.54,5.92,
18.54,5.92,
18.54,5.92,
18.54,5.92,
18.54,5.92,
18.54,6.99,
18.54,6.99,
18.54,6.99,
18.54,6.99,
18.54,6.99,
10.67,6.99,
10.67,6.99,
10.67,7.55,
10.67,7.55,
10.67,7.55,
10.67,7.55,
10.67,7.55,
10.67,7.55,
6.45,7.55,
6.45,7.55,
6.45,7.55,
6.45,13.31,
6.45,13.31,
6.45,13.31,
6.45,13.31,
6.45,13.31,
6.45,13.31,
4.98,13.31,
4.98,13.31,
4.98,13.31,
4.98,13.31,
4.98,13.31,
4.98,9.76,
4.98,9.76,
4.98,9.76,
4.98,9.76,
4.98,9.76,
4.98,9.76,
4.98,9.76,
4.11,9.76,
4.11,9.76,
4.11,9.76,
4.11,9.76,
4.11,7.55,
4.11,7.55,
4.11,7.55,
4.11,7.55,
4.11,7.55,
7.26,7.55,
7.26,7.55,
7.26,10.51,
7.26,10.51,
7.26,10.51,
7.26,10.51,
7.26,10.51,
7.26,10.51,
7.26,10.51,
7.26,10.51,
7.26,10.51,
9.91,10.51,
9.91,10.51,
9.91,10.51,
9.91,11.92,
9.91,11.92,
9.91,11.92,
9.91,11.92,
11.25,11.92,
11.25,11.92,
11.25,11.92,
11.25,11.92,
11.25,17.35,
11.25,17.35,
11.25,17.35,
11.25,17.35,
11.25,17.35,
11.25,17.35,
11.81,17.35,
11.81,17.35,
11.81,17.35,
11.81,19.89,
11.81,19.89,
11.81,19.89,
11.81,19.89,
11.81,19.89,
11.81,19.89,
11.81,19.89,
12.03,19.89,
12.03,19.89,
12.03,16.48,
12.03,16.48,
12.03,16.48,
12.03,16.48,
12.03,16.48,
12.03,16.48,
12.03,16.48,
12.03,16.48,
12.03,16.48,
14.05,16.48,
14.05,16.48,
14.05,16.48,
14.05,12.06,
14.05,12.06,
14.05,12.06,
14.05,12.06,
15.01,12.06,
15.01,12.06,
15.01,12.06,
15.01,9.8,
15.01,9.8,
15.01,9.8,
15.01,9.8,
15.01,9.8,
15.01,9.8,
15.01,9.8,
15.66,9.8,
15.66,9.8,
15.66,10.3,
15.66,10.3,
15.66,10.3,
15.66,10.3,
15.66,10.3,
15.66,10.3,
15.66,10.3,
13.53,10.3,
13.53,10.3,
13.53,10.3,
13.53,10.3,
13.53,10.3,
13.53,10.55,
13.53,10.55,
13.53,10.55,
13.53,10.55,
13.53,10.55,
13.53,10.55,
13.53,10.55,
13.53,10.55,
12.43,10.55,
12.43,10.55,
12.43,11.56,
12.43,11.56,
12.43,11.56,
12.43,11.56,
8.96,11.56,
8.96,11.56,
8.96,11.56,
8.96,9.89,
8.96,9.89,
8.96,9.89,
8.96,9.89,
8.96,9.89,
8.96,9.89,
7.21,9.89,
7.21,9.89,
7.21,9.89,
7.21,9.89,
7.21,9.89,
7.21,9.07,
7.21,9.07,
7.21,9.07,
7.21,9.07,
7.21,9.07,
7.21,9.07,
4.66,9.07,
4.66,9.07,
4.66,9.07,
4.66,6.17,
4.66,6.17,
4.66,6.17,
4.66,6.17,
4.66,6.17,
4.66,6.17,
4.66,6.17,
1.93,6.17,
1.93,6.17,
1.93,4.7,
1.93,4.7,
1.93,4.7,
1.93,4.7,
1.93,4.7,
1.93,4.7,
1.93,4.7,
1.93,4.7,
1.93,4.7,
0.59,4.7,
0.59,4.7,
0.59,4.7,
0.59,3.62,
0.59,3.62,
0.59,3.62,
0.59,3.62,
0.59,3.62,
-0.16,3.62,
-0.16,3.62,
-0.16,3.62,
-0.16,3.62,
-0.16,3.09,
-0.16,3.09,
-0.16,3.09,
-0.16,3.09,
-0.16,3.09,
-0.16,3.09,
-0.53,3.09,
-0.53,3.09,
-0.53,4.18,
-0.53,4.18,
-0.53,4.18,
-0.53,4.18,
-0.53,4.18,
-0.53,4.18,
0.07,4.18,
0.07,4.18,
0.07,4.18,
0.07,5.01,
0.07,5.01,
0.07,5.01,
0.07,5.01,
0.07,5.01,
0.07,5.01,
0.07,5.01,
0.07,5.01,
0.37,5.43,
0.37,5.43,
0.37,5.43,
0.37,5.43,
0.37,5.43,
0.37,5.43,
0.37,5.43,
1.34,5.43,
1.34,5.43,
1.34,5.43,
1.34,4.9,
1.34,4.9,
1.34,4.9,
1.34,4.9,
1.34,4.9,
1.34,4.9,
1.34,4.9,
1.34,4.9,
2.06,4.9,
2.06,4.9,
2.06,4.9,
2.06,4.64,
2.06,4.64,
2.06,4.64,
2.06,4.64,
2.41,4.64,
2.41,4.64,
2.41,4.64,
2.41,4.68,
2.41,4.68,
2.41,4.68,
2.41,4.68,
2.41,4.68,
2.41,4.68,
2.41,4.68,
2.69,4.68,
2.69,4.68,
2.69,4.67,
2.69,4.67,
2.69,4.67,
2.69,4.67,
2.69,4.67,
2.69,4.67,
2.69,4.67,
2.69,4.67,
2.69,4.67,
2.69,4.67,
2.83,4.67,
2.83,4.67,
2.83,4.66,
2.83,4.66,
2.83,4.66,
2.83,4.66,
2.83,4.66,
2.83,4.66,
2.83,4.66,
2.83,4.66,
2.83,4.66,
2.45,4.66,
2.45,4.66,
2.45,4.66,
2.45,4.66,
2.45,4.6,
2.45,4.6,
2.45,4.6,
2.45,4.6,
2.45,4.6,
2.45,4.6,
1.41,4.6,
1.41,4.6,
1.41,4.56,
1.41,4.56,
1.41,4.56,
1.41,4.56,
1.41,4.56,
1.41,4.56,
0.89,4.56,
0.89,4.56,
0.89,4.56,
0.89,4.56,
0.89,4.05,
0.89,4.05,
0.89,4.05,
0.89,4.05,
0.14,4.05,
0.14,4.05,
0.14,3.79,
0.14,3.79,
0.14,3.79,
0.14,3.79,
0.14,3.79,
0.14,3.79,
-0.23,3.79,
-0.23,3.79,
-0.23,3.79,
-0.23,3.69,
-0.23,3.69,
-0.23,3.69,
-0.23,3.69,
-0.23,3.69,
-0.23,3.69,
-0.23,3.69,
-0.23,3.69,
-0.23,3.69,
-0.23,3.69,
-0.23,3.69,
-0.64,3.69,
-0.64,3.69,
-0.64,3.49,
-0.64,3.49,
-0.64,3.49,
-0.64,3.49,
-0.64,3.49,
-0.64,3.49,
-0.84,3.49,
-0.84,3.49,
-0.84,3.39,
-0.84,3.39,
-0.84,3.39,
-0.84,3.39,
-0.84,3.39,
-0.84,3.39,
-0.84,3.39,
-0.65,3.39,
-0.65,3.39,
-0.65,2.75,
-0.65,2.75,
-0.65,2.75,
-0.65,2.75,
0.22,2.75,
0.22,2.75,
0.22,2.75,
0.22,2.75,
0.22,2.75,
0.22,2.75,
0.22,2.42,
0.22,2.42,
0.22,2.42,
0.22,2.42,
0.22,2.42,
0.22,2.42,
0.22,2.42,
0.66,2.42,
0.66,2.42,
0.66,2.42,
0.66,2.42,
0.66,2.26,
0.66,2.26,
0.66,2.26,
0.66,2.26,
0.66,2.26,
1.59,2.26,
1.59,2.26,
1.59,2.26,
1.59,3.94,
1.59,3.94,
1.59,3.94,
1.59,3.94,
1.59,3.94,
2.05,3.94,
2.05,3.94,
2.05,3.94,
2.05,3.94,
2.05,4.8,
2.05,4.8,
2.05,4.8,
2.05,4.8,
3.49,4.8,
3.49,4.8,
3.49,4.8,
3.49,4.8,
3.49,4.8,
3.49,7.73,
3.49,7.73,
3.49,7.73,
3.49,7.73,
3.49,7.73,
3.49,7.73,
3.49,7.73,
5.85,7.73,
5.85,7.73,
5.85,7.73,
5.85,7.73,
5.85,9.21,
5.85,9.21,
5.85,9.21,
5.85,9.21,
5.85,9.21,
5.85,9.21,
5.85,9.21,
5.85,9.21,
7.04,9.21,
7.04,10.69,
7.04,10.69,
7.04,10.69,
7.04,10.69,
7.04,10.69,
7.04,10.69,
7.04,10.69,
7.04,10.69,
9.04,10.69,
9.04,11.41,
9.04,11.41,
9.04,11.41,
9.04,11.41,
9.04,11.41,
9.04,11.41,
9.04,11.41,
10.03,11.41,
10.03,11.41,
10.03,11.41,
10.03,10.04,
10.03,10.04,
10.03,10.04,
10.03,10.04,
10.03,10.04,
10.03,10.04,
10.22,10.04,
10.22,10.04,
10.22,10.04,
10.22,10.04,
10.22,10.04,
10.22,7.57,
10.22,7.57,
10.22,7.57,
10.22,7.57,
10.22,7.57,
10.32,7.57,
10.32,7.57,
10.32,7.57,
10.32,7.57,
10.32,7.57,
10.32,7.57,
10.32,7.57,
10.32,7.57,
10.32,6.33,
10.32,6.33,
10.32,6.33,
9.26,6.33,
9.26,6.33,
9.26,6.05,
9.26,6.05,
9.26,6.05,
9.26,6.05,
9.26,6.05,
9.26,6.05,
9.26,6.05,
9.26,6.05,
8.12,6.05,
8.12,6.05,
8.12,5.91,
8.12,5.91,
8.12,5.91,
8.12,5.91,
8.12,5.91,
8.12,5.91,
7.56,5.91,
7.56,5.91,
7.56,5.91,
7.56,5.91,
7.56,5.91,
7.56,6.3,
7.56,6.3,
7.56,6.3,
7.56,6.3,
7.56,6.3,
7.11,6.3,
7.11,4.61,
7.11,4.61,
7.11,4.61,
7.11,4.61,
7.11,4.61,
6.88,4.61,
6.88,4.61,
6.88,4.61,
6.88,4.61,
6.88,4.61,
6.88,4.61,
6.88,4.61,
6.88,4.61,
6.88,4.61,
6.88,3.77,
6.88,3.77,
6.88,3.77,
6.88,3.77,
5.89,3.77,
5.89,0.49,
5.89,0.49,
5.89,0.49,
5.89,0.49,
5.89,0.49,
5.89,0.49,
4.8,0.49,
4.8,0.49,
4.8,0.49,
4.8,-1.14,
4.8,-1.14,
4.8,-1.14,
4.8,-1.14,
4.8,-1.14,
4.8,-1.14,
4.26,-1.14,
4.26,-1.14,
4.26,-1.14,
4.26,-1.14,
4.26,-3.0,
4.26,-3.0,
4.26,-3.0,
4.26,-3.0,
4.26,-3.0,
4.26,-3.0,
4.26,-3.0,
4.26,-3.0,
3.91,-3.0,
3.91,-3.0,
3.91,-3.0,
3.91,-3.92,
3.91,-3.92,
3.91,-3.92,
3.91,-3.92,
3.91,-3.92,
3.74,-3.92,
3.74,-3.92,
3.74,-3.92,
3.74,-3.92,
3.74,-3.09,
3.74,-3.09,
3.74,-3.09,
3.74,-3.09,
3.74,-3.09,
3.74,-3.09,
3.74,-3.09,
3.86,-3.09,
3.86,-1.0,
3.86,-1.0,
3.86,-1.0,
3.86,-1.0,
3.86,-1.0,
3.86,-1.0,
3.86,-1.0,
3.91,-1.0,
3.91,-1.0,
3.91,-1.0,
3.91,0.04,
3.91,0.04,
3.91,0.04,
3.91,0.04,
3.91,0.04,
3.91,0.04,
3.91,0.04,
4.73,0.04,
4.73,0.04,
4.73,0.04,
4.73,0.82,
4.73,0.82,
4.73,0.82,
4.73,0.82,
4.73,0.82,
4.73,0.82,
4.73,0.82,
5.22,0.82,
5.22,0.82,
5.22,0.82,
5.22,1.21,
5.22,1.21,
5.22,1.21,
5.22,1.21,
5.22,1.21,
5.22,1.21,
5.22,1.21,
5.46,1.21,
5.46,1.24,
5.46,1.24,
5.46,1.24,
5.46,1.24,
5.46,1.24,
5.46,1.24,
5.46,1.24,
5.46,1.24,
5.46,1.24,
4.79,1.24,
4.79,1.24,
4.79,0.64,
4.79,0.64,
4.79,0.64,
4.79,0.64,
4.79,0.64,
4.79,0.64,
4.46,0.64,
4.46,0.64,
4.46,0.64,
4.46,0.64,
4.46,0.35,
4.46,0.35,
4.46,0.35,
4.46,0.35,
4.46,0.35,
3.59,0.35,
3.59,0.35,
3.59,0.35,
3.59,0.46,
3.59,0.46,
3.59,0.46,
3.59,0.46,
3.59,0.46,
3.59,0.46,
3.59,0.46,
3.59,0.46,
2.93,0.46,
2.93,0.46,
2.93,0.46,
2.93,0.52,
2.93,0.52,
2.93,0.52,
2.93,0.52,
2.93,0.52,
2.6,0.52,
2.6,0.26,
2.6,0.26,
2.6,0.26,
2.6,0.26,
2.6,0.26,
2.6,0.26,
2.6,0.26,
1.92,0.26,
1.92,0.26,
1.92,0.26,
1.92,0.13,
1.92,0.13,
1.92,0.13,
1.92,0.13,
1.92,0.13,
1.92,0.13,
1.92,0.13,
1.92,0.13,
1.92,0.13,
1.92,0.13,
1.58,0.13,
1.58,0.13,
1.58,0.13,
1.58,-1.84,
1.58,-1.84,
1.58,-1.84,
1.58,-1.84,
1.58,-1.84,
1.58,-1.84,
1.58,-1.84,
0.56,-1.84,
0.56,-5.53,
0.56,-5.53,
0.56,-5.53,
0.56,-5.53,
0.56,-5.53,
0.06,-5.53,
0.06,-5.53,
0.06,-5.53,
0.06,-5.53,
0.06,-5.53,
0.06,-7.38,
0.06,-7.38,
0.06,-7.38,
0.06,-7.38,
-1.83,-7.38,
-1.83,-7.38,
-1.83,-9.74,
-1.83,-9.74,
-1.83,-9.74,
-1.83,-9.74,
-1.83,-9.74,
-1.83,-9.74,
-1.83,-9.74,
-4.42,-9.74,
-4.42,-9.74,
-4.42,-9.74,
-4.42,-9.74,
-4.42,-9.74,
-4.42,-9.74,
-4.42,-10.9,
-4.42,-10.9,
-4.42,-10.9,
-4.42,-10.9,
-4.42,-10.9,
-4.42,-10.9,
-5.71,-10.9,
-5.71,-10.9,
-5.71,-8.23,
-5.71,-8.23,
-5.71,-8.23,
-5.71,-8.23,
-5.71,-8.23,
-5.71,-8.23,
-6.14,-8.23,
-6.14,-8.23,
-6.14,-1.2,
-6.14,-1.2,
-6.14,-1.2,
-6.14,-1.2,
-6.14,-1.2,
-6.14,-1.2,
-6.14,-1.2,
-6.35,-1.2,
-6.35,-1.2,
-6.35,-1.2,
-6.35,-1.2,
-6.35,-1.2,
-6.35,-1.2,
-6.35,-1.2,
-6.35,2.34,
-6.35,2.34,
-6.35,2.34,
-6.35,2.34,
-6.35,2.34,
-6.35,2.34,
-3.99,2.34,
-3.99,2.34,
-3.99,2.34,
-3.99,7.62,
-3.99,7.62,
-3.99,7.62,
-3.99,7.62,
-3.99,7.62,
-3.99,7.62,
0.72,7.62,
0.72,7.62,
0.72,10.24,
0.72,10.24,
0.72,10.24,
0.72,10.24,
0.72,10.24,
0.72,10.24,
3.14,10.24,
3.14,12.16,
3.14,12.16,
3.14,12.16,
3.14,12.16,
3.14,12.16,
3.14,12.16,
3.14,12.16,
5.79,12.16,
5.79,12.16,
5.79,13.12,
5.79,13.12,
5.79,13.12,
5.79,13.12,
5.79,13.12,
7.1,13.12,
7.1,13.12,
7.1,13.12,
7.1,13.12,
7.1,13.12,
7.1,11.32,
7.1,11.32,
7.1,11.32,
7.1,11.32,
7.1,11.32,
7.1,11.32,
5.05,11.32,
5.05,11.32,
5.05,11.32,
5.05,11.32,
5.05,7.46,
5.05,7.46,
5.05,7.46,
5.05,7.46,
5.05,7.46,
5.05,7.46,
5.05,7.46,
4.05,7.46,
4.05,7.46,
4.05,7.46,
4.05,7.46,
4.05,5.51,
4.05,5.51,
4.05,5.51,
4.05,5.51,
4.05,5.51,
1.04,5.51,
1.04,5.51,
1.04,2.37,
1.04,2.37,
1.04,2.37,
1.04,2.37,
1.04,2.37,
1.04,2.37,
1.04,2.37,
1.04,2.37,
-1.25,2.37,
-1.25,2.37,
-1.25,2.37,
-1.25,0.81,
-1.25,0.81,
-1.25,0.81,
-1.25,0.81,
-1.25,0.81,
-1.25,0.81,
-2.39,0.81,
-2.39,0.81,
-2.39,1.69,
-2.39,1.69,
-2.39,1.69,
-2.39,1.69,
-2.39,1.69,
-2.39,1.69,
-2.39,1.69,
-2.39,1.69,
-3.46,1.69,
-3.46,1.69,
-3.46,3.85,
-3.46,3.85,
-3.46,3.85,
-3.46,3.85,
-3.46,3.85,
-3.99,3.85,
-3.99,3.85,
-3.99,3.85,
-3.99,4.94,
-3.99,4.94,
-3.99,4.94,
-3.99,4.94,
-3.99,4.94,
-3.99,4.94,
-3.99,4.94,
-3.99,4.94,
-3.28,4.94,
-3.28,4.94,
-3.28,4.94,
-3.28,7.01,
-3.28,7.01,
-3.28,7.01,
-3.28,7.01,
-3.28,7.01,
-1.17,7.01,
-1.17,7.01,
-1.17,7.01,
-1.17,7.01,
-1.17,7.01,
-1.17,7.01,
-1.17,7.01,
-1.17,8.05,
-1.17,8.05,
