-1.31,1.64,
-1.31,1.64,
-1.31,1.64,
-1.31,1.64,
-1.31,1.64,
-1.31,1.64,
-1.31,1.64,
-1.24,1.64,
-1.24,1.64,
-1.24,1.64,
-1.24,1.64,
-1.24,1.77,
-1.24,1.77,
-1.24,1.77,
-1.2,1.77,
-1.2,1.77,
-1.2,1.77,
-1.2,1.77,
-1.2,1.83,
-1.2,1.83,
-1.2,1.83,
-1.2,1.83,
-1.2,1.83,
-1.2,1.83,
-1.12,1.83,
-1.12,1.83,
-1.12,1.72,
-1.12,1.72,
-1.12,1.72,
-1.12,1.72,
-1.12,1.72,
-1.12,1.72,
-1.07,1.72,
-1.07,1.72,
-1.07,1.72,
-1.07,1.72,
-1.07,1.72,
-1.07,1.72,
-1.07,1.53,
-1.07,1.53,
-1.07,1.53,
-1.07,1.53,
-1.08,1.53,
-1.08,1.53,
-1.08,1.53,
-1.08,1.53,
-1.08,1.53,
-1.08,1.53,
-1.08,1.53,
-1.08,1.53,
-1.08,1.43,
-1.08,1.43,
-1.08,1.43,
-1.08,1.43,
-1.08,1.43,
-1.08,1.43,
-1.08,1.43,
-1.08,1.43,
-1.08,1.43,
-1.08,1.43,
-1.08,1.45,
-1.08,1.45,
-1.08,1.45,
-1.08,1.45,
-1.08,1.45,
-1.07,1.45,
-1.07,1.45,
-1.07,1.47,
-1.07,1.47,
-1.07,1.47,
-1.07,1.47,
-1.07,1.47,
-1.16,1.47,
-1.16,1.47,
-1.16,1.47,
-1.16,1.54,
-1.16,1.54,
-1.16,1.54,
-1.16,1.54,
-1.16,1.54,
-1.16,1.54,
-1.16,1.54,
-1.16,1.54,
-1.16,1.54,
-1.16,1.54,
-1.16,1.54,
-1.16,1.54,
-1.21,1.54,
-1.21,1.54,
-1.21,1.54,
-1.21,1.58,
-1.21,1.58,
-1.21,1.58,
-1.21,1.58,
-1.21,1.58,
-1.19,1.58,
-1.19,1.58,
-1.19,1.54,
-1.19,1.54,
-1.19,1.54,
-1.19,1.54,
-1.18,1.54,
-1.18,1.54,
-1.18,1.54,
-1.18,1.62,
-1.18,1.62,
-1.18,1.62,
-1.18,1.62,
-1.18,1.62,
-1.16,1.62,
-1.16,1.62,
-1.16,1.66,
-1.16,1.66,
-1.16,1.66,
-1.16,1.66,
-1.16,1.66,
-1.16,1.66,
-1.16,1.66,
-1.16,1.66,
-1.16,1.66,
-1.16,1.66,
-1.16,1.66,
-1.09,1.66,
-1.09,1.66,
-1.09,1.66,
-1.09,1.83,
-1.09,1.83,
-1.09,1.83,
-1.09,1.83,
-1.09,1.83,
-1.06,1.83,
-1.06,1.92,
-1.06,1.92,
-1.06,1.92,
-1.06,1.92,
-1.06,1.92,
-1.06,1.92,
-1.04,1.92,
-1.04,1.92,
-1.04,1.92,
-1.04,1.92,
-1.04,1.95,
-1.04,1.95,
-1.04,1.95,
-1.04,1.95,
-1.04,1.95,
-1.04,1.95,
-1.03,1.95,
-1.03,1.95,
-1.03,1.96,
-1.03,1.96,
-1.03,1.96,
-1.03,1.96,
-1.03,1.96,
-1.03,1.96,
-1.03,1.96,
-1.03,1.96,
-1.13,1.96,
-1.13,1.96,
-1.13,1.96,
-1.13,1.97,
-1.13,1.97,
-1.13,1.97,
-1.13,1.97,
-1.13,1.97,
-1.13,1.97,
-1.13,1.97,
-1.17,1.97,
-1.17,1.97,
-1.17,1.88,
-1.17,1.88,
-1.17,1.88,
-1.17,1.88,
-1.17,1.88,
-1.17,1.88,
-1.17,1.88,
-1.18,1.83,
-1.18,1.83,
-1.18,1.83,
-1.18,1.83,
-1.18,1.83,
-1.18,1.83,
-1.18,1.83,
-1.18,1.83,
-1.18,1.83,
-1.16,1.83,
-1.16,1.83,
-1.16,1.81,
-1.16,1.81,
-1.16,1.81,
-1.16,1.81,
-1.16,1.81,
-1.15,1.81,
-1.15,1.81,
-1.15,1.81,
-1.15,1.81,
-1.15,1.8,
-1.15,1.8,
-1.15,1.8,
-1.15,1.8,
-1.15,1.8,
-1.21,1.8,
-1.21,1.8,
-1.21,1.8,
-1.21,1.8,
-1.21,1.67,
-1.21,1.67,
-1.21,1.67,
-1.21,1.67,
-1.21,1.67,
-1.21,1.67,
-1.25,1.67,
-1.25,1.67,
-1.25,1.67,
-1.25,1.58,
-1.25,1.58,
-1.25,1.58,
-1.25,1.58,
-1.25,1.58,
-1.25,1.58,
-1.25,1.58,
-1.3,1.58,
-1.3,1.58,
-1.3,1.58,
-1.3,1.54,
-1.3,1.54,
-1.3,1.54,
-1.3,1.54,
-1.3,1.54,
-1.3,1.54,
-1.41,1.54,
-1.41,1.54,
-1.41,1.54,
-1.41,1.54,
-1.41,1.54,
-1.41,1.52,
-1.41,1.52,
-1.41,1.52,
-1.41,1.52,
-1.41,1.52,
-1.41,1.52,
-1.41,1.52,
-1.47,1.52,
-1.47,1.52,
-1.47,1.51,
-1.47,1.51,
-1.47,1.51,
-1.47,1.51,
-1.47,1.51,
-1.47,1.51,
-1.47,1.51,
-1.47,1.51,
-1.47,1.51,
-1.47,1.51,
-1.47,1.51,
-1.47,1.51,
-1.47,1.51,
-1.47,1.51,
-1.47,1.51,
-1.47,1.51,
-1.47,1.51,
-1.47,1.51,
-1.47,1.51,
-1.47,1.56,
-1.47,1.56,
-1.47,1.56,
-1.47,1.56,
-1.47,1.56,
-1.28,1.56,
-1.28,1.56,
-1.28,1.59,
-1.28,1.59,
-1.28,1.59,
-1.28,1.59,
-1.28,1.59,
-1.28,1.59,
-1.28,1.59,
-1.18,1.59,
-1.18,1.59,
-1.18,1.59,
-1.18,1.59,
-1.18,1.59,
-1.18,1.56,
-1.18,1.56,
-1.18,1.56,
-1.18,1.56,
-1.16,1.56,
-1.16,1.56,
-1.16,1.56,
-1.16,1.56,
-1.16,1.56,
-1.16,1.55,
-1.16,1.55,
-1.16,1.55,
-1.16,1.55,
-1.16,1.55,
-1.16,1.55,
-1.12,1.55,
-1.12,1.55,
-1.12,1.55,
-1.12,1.64,
-1.12,1.64,
-1.12,1.64,
-1.12,1.64,
-1.12,1.64,
-1.1,1.64,
-1.1,1.64,
-1.1,1.64,
-1.1,1.64,
-1.1,1.64,
-1.1,1.69,
-1.1,1.69,
-1.1,1.69,
-1.1,1.69,
-1.1,1.69,
-1.1,1.69,
-1.07,1.69,
-1.07,1.69,
-1.07,1.69,
-1.07,1.69,
-1.07,1.69,
-1.07,1.69,
-1.07,1.69,
-1.07,1.78,
-1.07,1.78,
-1.07,1.78,
-1.07,1.78,
-1.07,1.78,
-1.07,1.78,
-1.07,1.78,
-1.07,1.78,
-1.05,1.78,
-1.05,1.78,
-1.05,1.8,
-1.05,1.8,
-1.05,1.8,
-1.18,1.8,
-1.18,1.8,
-1.18,1.81,
-1.18,1.81,
-1.18,1.81,
-1.18,1.81,
-1.18,1.81,
-1.18,1.81,
-1.18,1.81,
-1.18,1.81,
-1.39,1.6,
-1.39,1.6,
-1.39,1.6,
-1.39,1.6,
-1.39,1.6,
-1.39,1.6,
-1.39,1.6,
-1.39,1.6,
-1.39,1.6,
-1.5,1.6,
-1.5,1.49,
-1.5,1.49,
-1.5,1.49,
-1.5,1.49,
-1.5,1.49,
-1.5,1.49,
-1.5,1.49,
-1.71,1.49,
-1.71,1.49,
-1.71,1.34,
-1.71,1.34,
-1.71,1.34,
-1.71,1.34,
-1.71,1.34,
-1.71,1.34,
-1.71,1.34,
-1.71,1.34,
-1.71,1.34,
-1.71,1.34,
-1.71,1.34,
-1.71,1.34,
-1.81,1.34,
-1.81,1.34,
-1.81,1.27,
-1.81,1.27,
-1.81,1.27,
-1.81,1.27,
-1.81,1.27,
-1.81,1.27,
-1.72,1.27,
-1.72,1.27,
-1.72,1.27,
-1.72,1.4,
-1.72,1.4,
-1.72,1.4,
-1.72,1.4,
-1.72,1.4,
-1.68,1.4,
-1.68,1.4,
-1.68,1.4,
-1.68,1.52,
-1.68,1.52,
-1.68,1.52,
-1.68,1.52,
-1.68,1.52,
-1.43,1.52,
-1.43,1.52,
-1.43,1.58,
-1.43,1.58,
-1.43,1.58,
-1.43,1.58,
-1.43,1.58,
-1.43,1.58,
-1.31,1.58,
-1.31,1.58,
-1.31,1.58,
-1.31,1.68,
-1.31,1.68,
-1.31,1.68,
-1.31,1.68,
-1.31,1.68,
-1.31,1.68,
-1.31,1.68,
-1.31,1.68,
-1.31,1.68,
-1.25,1.68,
-1.25,1.68,
-1.25,1.68,
-1.25,1.73,
-1.25,1.73,
-1.25,1.73,
-1.25,1.73,
-1.25,1.73,
-1.31,1.73,
-1.31,1.73,
-1.31,1.8,
-1.31,1.8,
-1.31,1.8,
-1.31,1.8,
-1.31,1.8,
-1.31,1.8,
-1.33,1.8,
-1.33,1.8,
-1.33,1.98,
-1.33,1.98,
-1.33,1.98,
-1.33,1.98,
-1.33,1.98,
-1.33,1.98,
-1.33,1.98,
-1.33,1.98,
-1.33,1.98,
-1.33,1.98,
-1.33,2.06,
-1.33,2.06,
-1.33,2.06,
-1.33,2.06,
-1.33,2.06,
-1.33,2.06,
-1.33,2.06,
-1.26,2.06,
-1.26,2.06,
-1.26,1.99,
-1.26,1.99,
-1.26,1.99,
-1.26,1.99,
-1.26,1.99,
-1.26,1.99,
-1.26,1.99,
-1.26,1.99,
-1.26,1.99,
-1.26,1.99,
-1.23,1.99,
-1.23,1.99,
-1.23,1.95,
-1.23,1.95,
-1.23,1.95,
-1.23,1.95,
-1.23,1.95,
-1.23,1.95,
-1.23,1.95,
-1.23,1.95,
-1.25,1.95,
-1.25,1.95,
-1.25,1.95,
-1.25,1.95,
-1.25,1.95,
-1.25,1.95,
-1.25,1.95,
-1.25,1.95,
-1.26,1.95,
-1.26,1.95,
-1.26,1.95,
-1.26,1.95,
-1.26,1.95,
-1.26,1.95,
-1.26,1.95,
-1.26,1.95,
-1.26,1.95,
-1.16,1.95,
-1.16,1.95,
-1.16,1.95,
-1.16,2.24,
-1.16,2.24,
-1.16,2.24,
-1.16,2.24,
-1.16,2.24,
-1.16,2.24,
-1.16,2.24,
-1.16,2.24,
-1.11,2.24,
-1.11,2.68,
-1.11,2.68,
-1.11,2.68,
-1.11,2.68,
-1.11,2.68,
-0.83,2.68,
-0.83,2.68,
-0.83,2.9,
-0.83,2.9,
-0.83,2.9,
-0.83,2.9,
-0.83,2.9,
-0.83,2.9,
-0.62,2.9,
-0.62,2.9,
-0.62,2.9,
-0.62,2.56,
-0.62,2.56,
-0.62,2.56,
-0.62,2.56,
-0.62,2.56,
-0.62,2.56,
-0.52,2.56,
-0.52,2.56,
-0.52,2.4,
-0.52,2.4,
-0.52,2.4,
-0.52,2.4,
-0.52,2.4,
-0.52,2.4,
-0.52,2.4,
-0.52,2.4,
-0.52,2.4,
-0.64,2.4,
-0.64,2.4,
-0.64,2.01,
-0.64,2.01,
-0.64,2.01,
-0.64,2.01,
-0.64,2.01,
-0.64,2.01,
-0.64,2.01,
-0.7,2.01,
-0.7,2.01,
-0.7,2.01,
-0.7,2.01,
-0.7,1.93,
-0.7,1.93,
-0.7,1.93,
-0.7,1.93,
-0.7,1.93,
-0.7,1.93,
-0.7,1.93,
-0.7,1.93,
-0.92,1.93,
-0.92,1.93,
-0.92,1.93,
-0.92,1.93,
-0.92,1.93,
-0.92,1.93,
-0.92,1.93,
-0.92,1.93,
-0.92,1.88,
-0.92,1.88,
-0.92,1.88,
-0.92,1.88,
-0.92,1.88,
-0.92,1.88,
-0.92,1.88,
-1.03,1.91,
-1.03,1.91,
-1.03,1.91,
-1.03,1.91,
-1.03,1.91,
-1.1,1.91,
-1.1,1.91,
-1.1,1.91,
-1.1,1.92,
-1.1,1.92,
-1.1,1.92,
-1.1,1.92,
-1.09,1.92,
-1.09,1.92,
-1.09,1.85,
-1.09,1.85,
-1.09,1.85,
-1.09,1.85,
-1.09,1.85,
-1.09,1.85,
-1.09,1.85,
-1.09,1.85,
-1.09,1.85,
-1.09,1.85,
-1.09,1.82,
-1.09,1.82,
-1.09,1.82,
-1.09,1.82,
-1.09,1.82,
-0.99,1.82,
-0.99,1.82,
-0.99,1.82,
-0.99,1.82,
-0.99,1.82,
-0.99,1.82,
-0.99,1.82,
-0.99,1.82,
-0.99,1.96,
-0.99,1.96,
-0.99,1.96,
-0.99,1.96,
-0.99,1.96,
-0.99,1.96,
-0.99,1.96,
-0.94,1.96,
-0.94,1.96,
-0.94,1.96,
-0.94,1.96,
-0.94,1.96,
-0.94,1.96,
-0.94,1.96,
-0.94,1.96,
-0.61,1.96,
-0.61,1.96,
-0.61,1.96,
-0.61,1.96,
-0.61,1.96,
-0.61,1.96,
-0.39,1.96,
-0.39,1.96,
-0.39,1.96,
-0.39,1.96,
-0.39,1.96,
-0.39,1.77,
-0.39,1.77,
-0.39,1.77,
-0.39,1.77,
-0.39,1.77,
-0.39,1.77,
-0.39,1.77,
-0.28,1.77,
-0.28,1.77,
-0.28,1.77,
-0.28,1.67,
-0.28,1.67,
-0.28,1.67,
-0.28,1.67,
-0.28,1.67,
-0.22,1.67,
-0.22,1.67,
-0.22,1.26,
-0.22,1.26,
-0.22,1.26,
-0.22,1.26,
-0.22,1.26,
-0.22,1.26,
-0.22,1.26,
-0.22,1.26,
-0.22,1.26,
-0.22,1.26,
-0.22,1.26,
-0.2,1.26,
-0.2,1.27,
-0.2,1.27,
-0.2,1.27,
-0.2,1.27,
-0.2,1.27,
-0.2,1.27,
-0.38,1.27,
-0.38,1.27,
-0.38,1.28,
-0.38,1.28,
-0.38,1.28,
-0.38,1.28,
-0.38,1.28,
-0.47,1.28,
-0.47,1.28,
-0.47,1.4,
-0.47,1.4,
-0.47,1.4,
-0.47,1.4,
-0.47,1.4,
-0.47,1.4,
-0.47,1.4,
-0.47,1.4,
-0.64,1.4,
-0.64,1.46,
-0.64,1.46,
-0.64,1.46,
-0.64,1.46,
-0.64,1.46,
-0.64,1.46,
-0.64,1.46,
-0.64,1.46,
-0.64,1.46,
-0.64,1.46,
-0.64,1.46,
-0.64,1.46,
-0.64,1.46,
-0.64,1.46,
-0.64,1.46,
-0.79,1.46,
-0.79,1.77,
-0.79,1.77,
-0.79,1.77,
-0.79,1.77,
-0.79,1.77,
-0.87,1.77,
-0.87,1.77,
-0.87,1.92,
-0.87,1.92,
-0.87,1.92,
-0.87,1.92,
-0.87,1.92,
-0.84,1.92,
-0.84,1.92,
-0.84,2.2,
-0.84,2.2,
-0.84,2.2,
-0.84,2.2,
-0.84,2.2,
-0.84,2.2,
-0.84,2.2,
-0.82,2.2,
-0.82,2.2,
-0.82,2.4,
-0.82,2.4,
-0.82,2.4,
-0.82,2.4,
-0.82,2.4,
-0.82,2.4,
-0.82,2.4,
-0.82,2.4,
-0.53,2.4,
-0.53,2.4,
-0.53,2.5,
-0.53,2.5,
-0.53,2.5,
-0.53,2.5,
-0.53,2.5,
-0.53,2.5,
-0.53,2.5,
-0.53,2.5,
-0.07,2.5,
-0.07,2.5,
-0.07,2.54,
-0.07,2.54,
-0.07,2.54,
-0.07,2.54,
-0.07,2.54,
-0.07,2.54,
0.16,2.56,
0.16,2.56,
0.16,2.56,
0.16,2.56,
0.16,2.56,
0.16,2.56,
0.16,2.56,
0.16,2.56,
0.16,2.56,
0.16,2.56,
0.16,2.56,
0.37,2.56,
0.37,2.56,
0.37,2.56,
0.37,2.1,
0.37,2.1,
0.37,2.1,
0.37,2.1,
0.37,2.1,
0.48,2.1,
0.48,2.1,
0.48,0.9,
0.48,0.9,
0.48,0.9,
0.48,0.9,
0.48,0.9,
0.48,0.9,
0.48,0.9,
0.48,0.9,
0.48,0.9,
0.36,0.9,
0.36,0.9,
0.36,0.29,
0.36,0.29,
0.36,0.29,
0.36,0.29,
0.36,0.29,
0.36,0.29,
0.36,0.29,
0.36,0.29,
0.36,0.29,
0.31,0.29,
0.31,0.29,
0.31,0.29,
0.31,0.29,
0.31,-0.08,
0.31,-0.08,
0.31,-0.08,
0.31,-0.08,
0.31,-0.08,
-0.08,-0.08,
-0.08,-0.08,
-0.08,-0.26,
-0.08,-0.26,
-0.08,-0.26,
-0.08,-0.26,
-0.08,-0.26,
-0.08,-0.26,
-0.3,-0.26,
-0.3,-0.27,
-0.3,-0.27,
-0.3,-0.27,
-0.3,-0.27,
-0.42,-0.27,
-0.42,-0.27,
-0.42,-0.27,
-0.42,-0.27,
-0.42,-0.27,
-0.42,-0.27,
-0.42,-0.27,
-0.42,-0.27,
-0.42,-0.27,
-0.42,-0.27,
-0.42,-0.27,
-0.42,-0.27,
-0.42,-0.27,
-0.51,-0.11,
-0.51,-0.11,
-0.51,-0.11,
-0.51,-0.11,
-0.56,-0.11,
-0.56,-0.66,
-0.56,-0.66,
-0.56,-0.66,
-0.56,-0.66,
-0.56,-0.66,
-0.56,-0.66,
-0.56,-0.66,
-0.56,-0.66,
-0.56,-0.66,
-0.56,-0.66,
-0.56,-0.66,
-0.56,-0.66,
-0.56,-0.66,
-0.78,-0.66,
-0.78,-0.94,
-0.78,-0.94,
-0.78,-0.94,
-0.78,-0.94,
-0.78,-0.94,
-0.78,-0.94,
-0.78,-0.94,
-1.06,-0.94,
-1.06,-0.94,
-1.06,-0.94,
-1.06,-1.15,
-1.06,-1.15,
-1.06,-1.15,
-1.2,-1.15,
-1.2,-1.15,
-1.2,-1.15,
-1.2,-1.25,
-1.2,-1.25,
-1.2,-1.25,
-1.2,-1.25,
-1.2,-1.25,
-1.2,-1.25,
-1.2,-1.25,
-1.2,-1.25,
-1.17,-1.7,
-1.17,-1.7,
-1.17,-1.7,
-1.17,-1.7,
-1.17,-1.7,
-1.17,-1.7,
-1.17,-1.7,
-1.17,-1.7,
-1.17,-1.7,
-1.17,-1.7,
-1.15,-1.7,
-1.15,-1.7,
-1.15,-1.7,
-1.15,-2.29,
-1.15,-2.29,
-1.15,-2.29,
-1.15,-2.29,
-1.15,-2.29,
-1.11,-2.29,
-1.11,-2.29,
-1.11,-2.58,
-1.11,-2.58,
-1.11,-2.58,
-1.11,-2.58,
-1.11,-2.58,
-1.11,-2.58,
-1.11,-2.58,
-1.1,-2.58,
-1.1,-2.58,
-1.1,-2.16,
-1.1,-2.16,
-1.1,-2.16,
-1.1,-2.16,
-1.1,-2.16,
-1.1,-2.16,
-1.1,-2.16,
-1.1,-2.16,
-1.1,-2.16,
-1.1,-2.16,
-0.42,-2.16,
-0.42,-1.95,
-0.42,-1.95,
-0.42,-1.95,
-0.42,-1.95,
-0.42,-1.95,
-0.42,-1.95,
0.12,-1.58,
0.12,-1.58,
0.12,-1.58,
0.12,-1.58,
0.12,-1.58,
0.12,-1.58,
0.12,-1.58,
0.12,-1.58,
0.12,-1.58,
0.12,-1.58,
0.4,-1.58,
0.4,-1.58,
0.4,-1.58,
0.4,-1.4,
0.4,-1.4,
0.4,-1.4,
0.4,-1.4,
0.4,-1.4,
0.4,-1.4,
0.58,-1.4,
0.58,-1.4,
0.58,-1.4,
0.58,-0.88,
0.58,-0.88,
0.58,-0.88,
0.58,-0.88,
0.58,-0.88,
0.58,-0.88,
0.67,-0.88,
0.67,0.38,
0.67,0.38,
0.67,0.38,
0.67,0.38,
0.67,0.38,
0.67,0.38,
0.67,0.38,
0.67,0.38,
0.67,0.38,
0.67,0.38,
0.67,0.38,
0.67,0.38,
0.95,0.38,
0.95,0.38,
0.95,0.38,
0.95,0.38,
0.95,0.38,
0.95,1.02,
0.75,1.02,
0.75,1.02,
0.75,2.64,
0.75,2.64,
0.75,2.64,
0.75,2.64,
0.75,2.64,
0.75,2.64,
0.75,2.64,
0.75,2.64,
0.75,2.64,
0.75,2.64,
0.75,2.64,
0.75,2.64,
0.75,2.64,
0.65,2.64,
0.65,2.64,
0.65,2.64,
0.65,3.45,
0.65,3.45,
0.65,3.45,
0.65,3.45,
0.65,3.45,
0.65,3.45,
-0.16,3.45,
-0.16,3.87,
-0.16,3.87,
-0.16,3.87,
-0.16,3.87,
-0.56,3.87,
-0.56,3.09,
-0.56,3.09,
-0.56,3.09,
-0.56,3.09,
-0.56,3.09,
-0.56,3.09,
-0.56,3.09,
-1.38,3.09,
-1.38,2.7,
-1.38,2.7,
-1.38,2.7,
-1.38,2.7,
-1.38,2.7,
-1.38,2.7,
-1.38,2.7,
-1.38,2.7,
-1.38,2.7,
-1.78,2.7,
-1.78,2.7,
-1.78,2.32,
-1.78,2.32,
-1.78,2.32,
-1.78,2.32,
-1.78,2.32,
-1.78,2.32,
-1.79,2.32,
-1.79,2.32,
-1.79,2.32,
-1.79,2.13,
-1.79,2.13,
-1.79,2.13,
-1.79,2.13,
-1.79,2.13,
-1.79,2.13,
-1.79,2.13,
-1.79,2.13,
-1.79,2.13,
-1.79,2.13,
-1.03,2.13,
-1.03,1.85,
-1.03,1.85,
-1.03,1.85,
-1.03,1.85,
-1.03,1.85,
-1.03,1.85,
-1.03,1.85,
-0.64,1.85,
-0.64,1.71,
-0.64,1.71,
-0.64,1.71,
-0.64,1.71,
-0.64,1.71,
-0.64,1.71,
-0.64,1.71,
-0.64,1.71,
-0.64,1.71,
0.03,1.71,
0.03,3.02,
0.03,3.02,
0.03,3.02,
0.03,3.02,
0.03,3.02,
0.03,3.02,
0.03,3.02,
0.03,3.02,
0.36,3.02,
0.36,3.02,
0.36,3.02,
0.36,4.37,
0.36,4.37,
0.36,4.37,
0.36,4.37,
0.36,4.37,
0.36,4.37,
0.36,4.37,
1.21,4.37,
1.21,5.04,
1.21,5.04,
1.21,5.04,
1.21,5.04,
1.21,5.04,
1.21,5.04,
1.21,5.04,
1.21,5.04,
1.21,5.04,
1.21,5.04,
1.21,5.04,
2.0,5.07,
2.0,5.07,
2.0,5.07,
2.0,5.07,
2.0,5.07,
2.0,5.07,
2.0,5.07,
2.0,5.07,
2.39,5.07,
2.39,5.07,
2.39,5.09,
2.39,5.09,
2.39,5.09,
2.39,5.09,
2.39,5.09,
2.39,5.09,
2.39,5.09,
2.39,5.09,
2.25,5.09,
2.25,4.9,
2.25,4.9,
2.25,4.9,
2.25,4.9,
2.25,4.9,
2.25,4.9,
2.18,4.9,
2.18,4.9,
2.18,4.53,
2.18,4.53,
2.18,4.53,
2.18,4.53,
2.18,4.53,
2.18,4.53,
1.58,4.53,
1.58,4.34,
1.58,4.34,
1.58,4.34,
1.58,4.34,
1.58,4.34,
1.58,4.34,
1.58,4.34,
1.58,4.34,
1.58,4.34,
1.58,4.34,
1.58,4.34,
1.58,4.34,
1.27,4.34,
1.27,3.56,
1.27,3.56,
1.27,3.56,
1.27,3.56,
1.27,3.56,
1.27,3.56,
1.27,3.17,
1.27,3.17,
1.27,3.17,
1.27,3.17,
1.27,3.17,
1.27,3.17,
1.09,3.17,
1.09,3.17,
1.09,3.17,
1.09,3.17,
1.09,3.17,
1.09,1.96,
1.09,1.96,
1.09,1.96,
1.09,1.96,
1.09,1.96,
1.09,1.96,
1.09,1.96,
1.09,1.96,
1.0,1.96,
1.0,1.36,
1.0,1.36,
1.0,1.36,
1.0,1.36,
1.0,1.36,
1.0,1.36,
1.39,2.17,
1.39,2.17,
1.39,2.17,
1.39,2.17,
1.39,2.17,
1.39,2.17,
1.39,2.17,
1.39,2.17,
1.39,2.17,
1.39,2.17,
1.58,2.17,
1.58,2.11,
1.58,2.11,
1.58,2.11,
1.58,2.11,
1.58,2.11,
1.58,2.11,
2.52,2.11,
2.52,2.11,
2.52,2.11,
2.52,2.09,
2.52,2.09,
2.52,2.09,
2.52,2.09,
2.52,2.09,
2.52,2.09,
2.52,2.09,
2.52,2.09,
3.21,2.09,
3.21,2.09,
3.21,1.96,
3.21,1.96,
3.21,1.96,
3.21,1.96,
3.21,1.96,
3.21,1.96,
3.21,1.96,
3.21,1.96,
3.21,1.96,
3.21,1.96,
3.21,1.96,
3.56,1.96,
3.56,1.96,
3.56,1.96,
3.56,1.9,
3.56,1.9,
3.56,1.9,
3.56,1.9,
3.76,1.9,
3.76,2.47,
3.76,2.47,
3.76,2.47,
3.76,2.47,
3.76,2.47,
3.76,2.47,
3.76,2.47,
3.76,2.47,
3.76,2.47,
3.76,2.47,
3.86,2.47,
3.86,2.47,
3.86,3.24,
3.86,3.24,
3.86,3.24,
3.86,3.24,
3.86,3.24,
3.86,3.24,
3.86,3.24,
3.97,3.24,
3.97,3.24,
3.97,3.63,
3.97,3.63,
3.97,3.63,
3.97,3.63,
3.97,3.63,
3.97,3.63,
3.97,3.63,
4.03,3.63,
4.03,3.63,
4.03,3.22,
4.03,3.22,
4.03,3.22,
4.03,3.22,
4.03,3.22,
4.03,3.22,
3.81,3.22,
3.81,3.22,
3.81,3.02,
3.81,3.02,
3.81,3.02,
3.81,3.02,
3.81,3.02,
3.81,3.02,
3.81,3.02,
3.81,3.02,
3.81,3.02,
3.49,3.02,
3.49,3.02,
3.49,3.06,
3.49,3.06,
3.49,3.06,
3.49,3.06,
3.49,3.06,
3.49,3.06,
3.34,3.06,
3.34,3.06,
3.34,3.06,
3.34,3.06,
3.34,3.08,
3.34,3.08,
3.34,3.08,
3.34,3.08,
3.34,3.08,
3.34,3.08,
2.88,3.08,
2.88,3.08,
2.88,3.08,
2.88,1.88,
2.88,1.88,
2.88,1.88,
2.88,1.88,
2.88,1.88,
2.88,1.88,
2.66,1.88,
2.66,1.88,
2.66,1.88,
2.66,1.88,
2.66,1.88,
2.66,1.36,
2.66,1.36,
2.66,1.36,
2.66,1.36,
2.66,1.36,
2.66,1.36,
2.66,1.36,
2.66,1.36,
2.66,1.36,
2.69,1.36,
2.69,1.11,
2.69,1.11,
2.69,1.11,
2.69,1.11,
2.69,1.11,
2.69,1.11,
3.16,1.11,
3.16,1.11,
3.16,1.56,
3.16,1.56,
3.16,1.56,
3.16,1.56,
3.16,1.56,
3.16,1.56,
3.39,1.56,
3.39,1.56,
3.39,1.56,
3.39,1.56,
3.39,1.79,
3.39,1.79,
3.39,1.79,
3.39,1.79,
3.39,1.79,
3.39,1.79,
3.96,1.79,
3.96,1.79,
3.96,1.02,
3.96,1.02,
3.96,1.02,
3.96,1.02,
3.96,1.02,
3.96,1.02,
4.24,1.02,
4.24,1.02,
4.24,-0.44,
4.24,-0.44,
4.24,-0.44,
4.24,-0.44,
4.24,-0.44,
4.24,-0.44,
4.24,-0.44,
4.38,-0.44,
4.38,-0.44,
4.38,-0.44,
4.38,-0.44,
4.38,-1.16,
4.38,-1.16,
4.38,-1.16,
4.38,-1.16,
4.38,-1.16,
4.38,-1.16,
4.38,-1.16,
4.38,-1.16,
4.45,-1.16,
4.45,-1.84,
4.45,-1.84,
4.45,-1.84,
4.45,-1.84,
4.45,-1.84,
4.45,-1.84,
4.45,-1.84,
4.45,-1.84,
4.45,-1.84,
3.97,-1.84,
3.97,-1.84,
3.97,-2.18,
3.97,-2.18,
3.97,-2.18,
3.97,-2.18,
3.97,-2.18,
3.97,-2.18,
3.97,-2.18,
3.14,-2.18,
3.14,-2.72,
3.14,-2.72,
3.14,-2.72,
3.14,-2.72,
3.14,-2.72,
3.14,-2.72,
3.14,-2.72,
3.14,-2.72,
3.14,-2.72,
2.72,-2.72,
2.72,-2.72,
2.72,-2.72,
2.72,-3.0,
2.72,-3.0,
2.72,-3.0,
2.72,-3.0,
2.72,-3.0,
2.72,-3.0,
1.89,-3.0,
1.89,-3.0,
1.89,-3.52,
1.89,-3.52,
1.89,-3.52,
1.89,-3.52,
1.89,-3.52,
1.89,-3.52,
1.89,-3.52,
1.48,-3.62,
1.48,-3.62,
1.48,-3.62,
1.48,-3.62,
1.48,-3.62,
1.48,-3.62,
1.48,-3.62,
1.48,-3.62,
1.48,-3.62,
1.48,-3.62,
1.18,-3.62,
1.18,-3.62,
1.18,-3.62,
1.18,-3.67,
1.18,-3.67,
1.18,-3.67,
1.18,-3.67,
1.36,-3.67,
1.36,-3.67,
1.36,-3.67,
1.36,-3.27,
1.36,-3.27,
1.36,-3.27,
1.36,-3.27,
1.36,-3.27,
1.36,-3.27,
1.36,-3.27,
1.45,-3.27,
1.45,-3.27,
1.45,-3.07,
1.45,-3.07,
1.45,-3.07,
1.45,-3.07,
1.45,-3.07,
1.45,-3.07,
1.45,-3.07,
1.45,-3.07,
1.45,-3.07,
1.63,-3.07,
1.63,-1.79,
1.63,-1.79,
1.63,-1.79,
1.63,-1.79,
1.63,-1.79,
1.63,-1.79,
1.63,-1.79,
1.63,-1.79,
1.63,-1.79,
1.63,-1.79,
1.72,-1.79,
1.72,-1.79,
1.72,-1.79,
1.72,-1.31,
1.72,-1.31,
1.72,-1.31,
1.72,-1.31,
1.28,-1.31,
1.28,-1.31,
1.28,-1.31,
1.28,-1.31,
1.28,-1.06,
1.28,-1.06,
1.28,-1.06,
1.28,-1.06,
1.28,-1.06,
1.28,-1.06,
1.28,-1.06,
1.28,-1.06,
1.06,-1.06,
1.06,-1.06,
1.06,-1.06,
1.06,-1.06,
1.06,-1.06,
1.06,-1.06,
1.06,-1.06,
1.06,-1.06,
1.06,-1.64,
1.06,-1.64,
1.06,-1.64,
1.06,-1.64,
1.06,-1.64,
0.88,-1.64,
0.88,-1.64,
0.88,-1.92,
0.88,-1.92,
0.88,-1.92,
0.88,-1.92,
0.88,-1.92,
1.37,-1.92,
1.37,-1.92,
1.37,-2.72,
1.37,-2.72,
1.37,-2.72,
1.37,-2.72,
1.37,-2.72,
1.37,-2.72,
1.62,-3.12,
1.62,-3.12,
1.62,-3.12,
1.62,-3.12,
1.62,-3.12,
1.62,-3.12,
1.62,-3.12,
1.62,-3.12,
1.62,-3.12,
1.62,-3.12,
1.62,-3.12,
1.62,-3.12,
1.57,-3.26,
1.57,-3.26,
1.57,-3.26,
1.57,-3.26,
1.57,-3.26,
1.57,-3.26,
1.55,-3.26,
1.55,-3.26,
1.55,-3.14,
1.55,-3.14,
1.55,-3.14,
1.55,-3.14,
1.55,-3.14,
1.55,-3.14,
1.75,-3.08,
1.75,-3.08,
1.75,-3.08,
1.75,-3.08,
1.75,-3.08,
1.75,-3.08,
1.75,-3.08,
1.75,-3.08,
1.75,-3.08,
1.2,-3.08,
1.2,-2.77,
1.2,-2.77,
1.2,-2.77,
1.2,-2.77,
1.2,-2.77,
1.2,-2.77,
1.2,-2.77,
1.2,-2.77,
1.2,-2.77,
0.92,-2.77,
0.92,-2.77,
0.92,-2.61,
0.92,-2.61,
0.92,-2.61,
0.92,-2.61,
0.92,-2.61,
0.92,-2.61,
0.92,-2.61,
0.92,-2.61,
0.92,-2.61,
0.92,-2.61,
0.49,-2.61,
0.49,-2.61,
0.49,-3.14,
0.49,-3.14,
0.49,-3.14,
0.49,-3.14,
0.49,-3.14,
0.49,-3.14,
0.28,-3.14,
0.28,-3.14,
0.28,-3.14,
0.28,-3.82,
0.28,-3.82,
0.28,-3.82,
0.28,-3.82,
0.08,-3.82,
0.08,-3.82,
0.08,-3.82,
0.08,-3.82,
0.08,-3.82,
0.08,-3.82,
0.08,-4.16,
0.08,-4.16,
0.08,-4.16,
0.08,-4.16,
0.08,-4.16,
-0.02,-4.16,
-0.02,-4.16,
-0.02,-4.16,
-0.02,-4.75,
-0.02,-4.75,
-0.02,-4.75,
-0.02,-4.75,
-0.02,-4.75,
-0.19,-4.75,
-0.19,-4.75,
-0.19,-4.75,
-0.19,-5.03,
-0.19,-5.03,
-0.19,-5.03,
-0.19,-5.03,
-0.19,-5.03,
-0.19,-5.03,
-0.19,-5.03,
-0.19,-5.03,
-0.19,-5.03,
-0.19,-5.03,
-0.1,-5.03,
-0.1,-5.03,
-0.1,-5.03,
-0.1,-5.03,
-0.1,-4.03,
-0.1,-4.03,
-0.1,-4.03,
-0.05,-4.03,
-0.05,-4.03,
-0.05,-3.53,
-0.05,-3.53,
-0.05,-3.53,
-0.05,-3.53,
-0.05,-3.53,
-0.05,-3.53,
-0.05,-3.53,
-0.05,-3.53,
-0.05,-3.53,
-0.05,-3.53,
-0.05,-3.53,
0.45,-3.53,
0.45,-3.69,
0.45,-3.69,
0.45,-3.69,
0.45,-3.69,
0.45,-3.69,
0.45,-3.69,
0.45,-3.69,
0.7,-3.69,
0.7,-3.69,
0.7,-4.05,
0.7,-4.05,
0.7,-4.05,
0.7,-4.05,
0.7,-4.05,
1.36,-4.05,
1.36,-4.05,
1.36,-4.23,
1.36,-4.23,
1.36,-4.23,
1.36,-4.23,
1.36,-4.23,
1.36,-4.23,
1.36,-4.23,
1.97,-4.23,
1.97,-4.23,
1.97,-2.72,
1.97,-2.72,
1.97,-2.72,
1.97,-2.72,
1.97,-2.72,
1.97,-2.72,
1.97,-2.72,
1.97,-2.72,
1.97,-2.72,
2.27,-2.72,
2.27,-1.97,
2.27,-1.97,
2.27,-1.97,
2.27,-1.97,
2.27,-1.97,
2.27,-1.97,
2.51,-1.97,
2.51,-1.97,
2.51,-1.97,
2.51,-1.97,
2.51,0.51,
2.51,0.51,
2.51,0.51,
2.51,0.51,
2.51,0.51,
2.51,0.51,
2.51,0.51,
2.63,1.68,
2.63,1.68,
2.63,1.68,
2.63,1.68,
2.63,1.68,
2.63,1.68,
2.63,1.68,
2.63,1.68,
2.62,1.68,
2.62,1.68,
2.62,2.27,
2.62,2.27,
2.62,2.27,
2.62,2.27,
2.62,2.27,
2.62,2.27,
2.62,2.27,
2.62,2.27,
2.62,2.27,
2.62,2.27,
2.62,2.27,
2.62,2.27,
2.62,2.27,
2.62,1.47,
2.62,1.47,
2.62,1.47,
2.62,1.47,
2.62,1.47,
2.62,1.47,
2.53,1.47,
2.53,1.06,
2.53,1.06,
2.53,1.06,
2.53,1.06,
2.53,1.06,
2.53,1.06,
2.53,1.06,
1.4,1.06,
1.4,1.06,
1.4,1.06,
1.4,1.06,
1.4,-0.26,
1.4,-0.26,
1.4,-0.26,
1.4,-0.26,
1.4,-0.26,
1.4,-0.26,
0.83,-0.26,
0.83,-0.26,
0.83,-0.92,
0.83,-0.92,
0.83,-0.92,
0.83,-0.92,
0.83,-0.92,
0.83,-0.92,
0.83,-0.92,
0.83,-0.92,
-0.9,-0.92,
-0.9,-0.92,
-0.9,-2.51,
-0.9,-2.51,
-0.9,-2.51,
-0.9,-2.51,
-0.9,-2.51,
-0.9,-2.51,
-0.9,-2.51,
-0.9,-2.51,
-0.9,-2.51,
-0.9,-2.51,
-0.9,-2.51,
-1.75,-2.51,
-1.75,-2.51,
-1.75,-4.38,
-1.75,-4.38,
-1.75,-4.38,
-1.75,-4.38,
-3.13,-4.38,
-3.13,-4.38,
-3.13,-5.3,
-3.13,-5.3,
-3.13,-5.3,
-3.13,-5.3,
-3.13,-5.3,
-3.13,-5.3,
-3.13,-5.3,
-3.13,-5.3,
-4.07,-5.3,
-4.07,-5.3,
-4.07,-5.3,
-4.07,-5.67,
-4.07,-5.67,
-4.07,-5.67,
-4.07,-5.67,
-4.07,-5.67,
-4.53,-5.67,
-4.53,-5.67,
-4.53,-5.67,
-4.53,-5.67,
-4.53,-5.67,
-4.53,-5.86,
-4.53,-5.86,
-4.53,-5.86,
-4.53,-5.86,
-4.53,-5.86,
-4.53,-5.86,
-3.5,-5.86,
-3.5,-5.86,
-3.5,-5.1,
-3.5,-5.1,
-3.5,-5.1,
-3.5,-5.1,
-3.5,-5.1,
-3.5,-5.1,
-3.5,-5.1,
-2.99,-5.1,
-2.99,-3.76,
-2.99,-3.76,
-2.99,-3.76,
-2.99,-3.76,
-2.99,-3.76,
-2.99,-3.76,
-2.99,-3.76,
-2.99,-3.76,
-2.99,-3.76,
-1.42,-3.76,
-1.42,-3.1,
-1.42,-3.1,
-1.42,-3.1,
-1.42,-3.1,
-1.42,-3.1,
-1.42,-3.1,
-1.42,-3.1,
-0.66,-3.1,
-0.66,-3.1,
-0.66,-3.38,
-0.66,-3.38,
-0.66,-3.38,
-0.66,-3.38,
-0.66,-3.38,
-0.66,-3.38,
-0.66,-3.38,
-0.66,-3.38,
-0.66,-3.38,
-0.66,-3.38,
0.62,-3.38,
0.62,-3.52,
0.62,-3.52,
0.62,-3.52,
0.62,-3.52,
0.62,-3.52,
0.62,-3.52,
0.69,-3.52,
0.69,-3.52,
0.69,-3.52,
0.69,-3.52,
0.69,-3.85,
0.69,-3.85,
0.69,-3.85,
0.69,-3.85,
0.69,-3.85,
0.69,-3.85,
0.69,-3.85,
0.73,-3.85,
0.73,-4.01,
0.73,-4.01,
0.73,-4.01,
0.73,-4.01,
0.73,-4.01,
0.73,-4.01,
-0.07,-4.01,
-0.07,-4.01,
-0.07,-4.28,
-0.07,-4.28,
-0.07,-4.28,
-0.07,-4.28,
-0.07,-4.28,
-0.07,-4.28,
-0.07,-4.28,
-0.07,-4.28,
-0.49,-4.28,
-0.49,-4.28,
-0.49,-2.66,
-0.49,-2.66,
-0.49,-2.66,
-0.49,-2.66,
-0.49,-2.66,
-0.49,-2.66,
-0.49,-2.66,
-0.49,-2.66,
-0.49,-2.66,
-0.49,-2.66,
-0.54,-2.66,
-0.54,-1.82,
-0.54,-1.82,
-0.54,-1.82,
-0.54,-1.82,
-0.54,-1.82,
-0.54,-1.82,
-0.54,-1.82,
-0.54,-1.82,
-0.02,-1.82,
-0.02,-1.82,
-0.02,-3.55,
-0.02,-3.55,
-0.02,-3.55,
-0.02,-3.55,
-0.02,-3.55,
-0.02,-3.55,
-0.02,-3.55,
-0.02,-3.55,
0.24,-4.47,
0.24,-4.47,
0.24,-4.47,
0.24,-4.47,
0.24,-4.47,
0.24,-4.47,
0.24,-4.47,
0.24,-4.47,
0.72,-4.47,
0.72,-8.33,
0.72,-8.33,
0.72,-8.33,
0.72,-8.33,
0.72,-8.33,
0.72,-8.33,
0.72,-8.33,
0.72,-8.33,
0.72,-8.33,
0.96,-8.33,
0.96,-10.56,
0.96,-10.56,
0.96,-10.56,
0.96,-10.56,
0.96,-10.56,
0.96,-10.56,
0.96,-10.56,
0.96,-10.56,
0.71,-11.62,
0.71,-11.62,
0.71,-11.62,
0.71,-11.62,
0.71,-11.62,
0.71,-11.62,
0.71,-11.62,
0.59,-11.62,
0.59,-11.62,
0.59,-11.62,
0.59,-9.21,
0.59,-9.21,
0.59,-9.21,
0.59,-9.21,
0.59,-9.21,
0.59,-9.21,
-0.33,-9.21,
-0.33,-9.21,
-0.33,-7.98,
-0.33,-7.98,
-0.33,-7.98,
-0.33,-7.98,
-0.33,-7.98,
-0.33,-7.98,
-0.33,-7.98,
-0.33,-7.98,
-0.33,-7.98,
-0.33,-7.98,
-0.33,-7.98,
-0.33,-7.98,
-0.33,-7.98,
-0.59,-7.98,
-0.59,-7.98,
-0.59,-7.98,
-0.59,-7.98,
-0.59,-7.98,
-0.59,-7.58,
-0.59,-7.58,
-0.59,-7.58,
-0.59,-7.58,
-0.73,-7.38,
-0.73,-7.38,
-0.73,-7.38,
-0.73,-7.38,
-0.73,-7.38,
-0.73,-7.38,
-0.73,-7.38,
-0.73,-7.38,
-0.42,-9.95,
-0.42,-9.95,
-0.42,-9.95,
-0.42,-9.95,
-0.42,-9.95,
-0.42,-9.95,
-0.42,-9.95,
-0.42,-9.95,
-0.26,-9.95,
-0.26,-9.95,
-0.26,-12.91,
-0.26,-12.91,
-0.26,-12.91,
-0.26,-12.91,
-0.26,-12.91,
-0.26,-12.91,
-0.44,-12.91,
-0.44,-12.91,
-0.44,-14.34,
-0.44,-14.34,
-0.44,-14.34,
-0.44,-14.34,
-0.44,-14.34,
-0.44,-14.34,
-0.44,-14.34,
-0.44,-14.34,
-1.35,-14.34,
-1.35,-14.34,
-1.35,-14.34,
-1.35,-15.74,
-1.35,-15.74,
-1.35,-15.74,
-1.35,-15.74,
-1.35,-15.74,
-1.8,-15.74,
-1.8,-15.74,
-1.8,-15.74,
-1.8,-15.74,
-1.8,-16.43,
-1.8,-16.43,
-1.8,-16.43,
-1.8,-16.43,
-1.8,-16.43,
-1.8,-16.43,
-1.8,-16.43,
-1.8,-16.43,
-1.65,-16.43,
-1.65,-17.27,
-1.65,-17.27,
-1.65,-17.27,
-1.65,-17.27,
-1.65,-17.27,
-1.58,-17.27,
-1.58,-17.27,
-1.58,-17.27,
-1.58,-17.27,
-1.58,-20.43,
-1.58,-20.43,
-1.58,-20.43,
-1.58,-20.43,
-1.58,-20.43,
-0.47,-20.43,
-0.47,-20.43,
-0.47,-20.43,
-0.47,-22.12,
-0.47,-22.12,
-0.47,-22.12,
-0.47,-22.12,
-0.47,-22.12,
-0.47,-22.12,
-0.47,-22.12,
-0.47,-22.12,
0.09,-22.12,
0.09,-22.12,
0.09,-22.12,
0.09,-26.97,
0.09,-26.97,
0.09,-26.97,
0.09,-26.97,
0.09,-26.97,
1.03,-26.97,
1.03,-26.97,
1.03,-26.97,
1.03,-26.97,
1.03,-26.97,
1.03,-29.3,
1.03,-29.3,
1.03,-29.3,
1.03,-29.3,
1.03,-29.3,
1.87,-29.3,
1.87,-29.3,
1.87,-31.14,
1.87,-31.14,
1.87,-31.14,
1.87,-31.14,
1.87,-31.14,
1.87,-31.14,
1.87,-31.14,
1.87,-31.14,
1.87,-31.14,
1.87,-31.14,
2.26,-31.14,
2.26,-31.14,
2.26,-32.2,
2.26,-32.2,
2.26,-32.2,
2.26,-32.2,
2.26,-32.2,
2.26,-32.2,
2.26,-32.2,
3.19,-32.2,
3.19,-32.2,
3.19,-31.81,
3.19,-31.81,
3.19,-31.81,
3.63,-31.81,
3.63,-31.81,
3.63,-31.81,
3.63,-31.81,
3.63,-31.81,
3.63,-31.81,
3.63,-31.76,
3.63,-31.76,
3.63,-31.76,
3.63,-31.76,
3.63,-31.76,
4.89,-31.76,
4.89,-31.76,
4.89,-31.76,
4.89,-31.74,
4.89,-31.74,
4.89,-31.74,
4.89,-31.74,
4.89,-31.74,
4.89,-31.74,
4.89,-31.74,
4.89,-31.74,
4.89,-31.74,
6.6,-31.74,
6.6,-31.74,
6.6,-31.74,
6.6,-30.94,
6.6,-30.94,
6.6,-30.94,
6.6,-30.94,
6.6,-30.94,
6.6,-30.94,
7.47,-30.94,
7.47,-30.94,
7.47,-30.54,
7.47,-30.54,
7.47,-30.54,
7.47,-30.54,
7.47,-30.54,
7.47,-30.54,
8.54,-30.54,
8.54,-30.54,
8.54,-30.54,
8.54,-30.54,
8.54,-30.54,
8.54,-30.54,
8.54,-30.54,
8.54,-30.78,
8.54,-30.78,
8.54,-30.78,
8.54,-30.78,
9.09,-30.78,
9.09,-30.78,
9.09,-31.28,
9.09,-31.28,
9.09,-31.28,
9.09,-31.28,
9.09,-31.28,
9.09,-31.28,
9.09,-31.28,
9.22,-31.28,
9.22,-31.28,
9.22,-31.53,
9.22,-31.53,
9.22,-31.53,
9.22,-31.53,
9.22,-31.53,
9.22,-31.53,
9.22,-31.53,
9.22,-31.53,
9.28,-31.53,
9.28,-31.53,
9.28,-31.31,
9.28,-31.31,
9.28,-31.31,
9.28,-31.31,
9.28,-31.31,
8.95,-31.31,
8.95,-31.31,
8.95,-31.31,
8.95,-31.31,
8.95,-31.31,
8.95,-31.31,
8.95,-31.31,
8.95,-31.31,
8.95,-31.31,
8.95,-31.31,
8.95,-31.31,
8.95,-31.31,
8.95,-31.19,
8.17,-29.77,
8.17,-29.77,
8.17,-29.77,
8.17,-29.77,
8.17,-29.77,
8.17,-29.77,
8.17,-29.77,
8.17,-29.77,
8.17,-29.77,
8.17,-29.77,
8.17,-29.77,
8.17,-29.77,
8.17,-29.77,
8.17,-29.77,
7.78,-29.77,
7.78,-29.77,
7.78,-29.04,
7.78,-29.04,
7.78,-29.04,
7.57,-29.04,
7.57,-29.04,
7.57,-28.37,
7.57,-28.37,
7.57,-28.37,
7.57,-28.37,
7.57,-28.37,
7.47,-28.37,
7.47,-28.37,
7.47,-27.93,
7.47,-27.93,
7.47,-27.93,
7.47,-27.93,
7.47,-27.93,
7.47,-27.93,
7.47,-27.93,
7.8,-27.93,
7.8,-27.93,
7.8,-27.93,
7.8,-27.72,
7.8,-27.72,
7.8,-27.72,
7.8,-27.72,
7.8,-27.72,
7.8,-27.72,
8.43,-27.72,
8.43,-27.72,
8.43,-27.72,
8.43,-27.72,
8.43,-26.55,
8.43,-26.55,
8.43,-26.55,
8.43,-26.55,
8.43,-26.55,
8.43,-26.55,
8.43,-26.55,
8.76,-26.55,
8.76,-26.55,
8.76,-26.55,
8.76,-25.98,
8.76,-25.98,
8.76,-25.98,
8.76,-25.98,
8.76,-25.98,
8.76,-25.98,
8.76,-25.98,
8.76,-25.98,
8.76,-25.98,
9.69,-25.98,
9.69,-25.98,
9.69,-25.98,
9.69,-24.47,
9.69,-24.47,
9.69,-24.47,
9.69,-24.47,
9.69,-24.47,
10.15,-24.47,
10.15,-23.58,
10.15,-23.58,
10.15,-23.58,
10.15,-23.58,
10.15,-23.58,
10.15,-23.58,
11.31,-23.58,
11.31,-23.58,
11.31,-23.13,
11.31,-23.13,
11.31,-23.13,
11.31,-23.13,
11.31,-23.13,
11.31,-23.13,
11.31,-23.13,
11.31,-23.13,
11.31,-23.13,
11.88,-23.13,
11.88,-23.13,
11.88,-23.33,
11.88,-23.33,
11.88,-23.33,
11.88,-23.33,
11.88,-23.33,
13.39,-23.33,
13.39,-23.33,
13.39,-23.33,
13.39,-23.33,
13.39,-23.33,
13.39,-23.33,
13.39,-23.43,
13.39,-23.43,
13.39,-23.43,
13.39,-23.43,
13.39,-23.43,
13.39,-23.43,
14.76,-23.43,
14.76,-23.43,
14.76,-23.43,
14.76,-23.84,
14.76,-23.84,
14.76,-23.84,
14.76,-23.84,
14.76,-23.84,
14.76,-23.84,
15.44,-23.84,
15.44,-23.84,
15.44,-24.0,
15.44,-24.0,
15.44,-24.0,
15.44,-24.0,
15.44,-24.0,
15.95,-24.0,
15.95,-24.0,
15.95,-24.0,
15.95,-24.0,
15.95,-24.0,
15.95,-24.0,
15.95,-24.09,
15.95,-24.09,
15.95,-24.09,
15.95,-24.09,
15.95,-24.09,
15.95,-24.09,
16.21,-24.09,
16.21,-23.2,
16.21,-23.2,
16.21,-23.2,
16.21,-23.2,
16.21,-23.2,
16.21,-23.2,
16.21,-23.2,
16.21,-23.2,
15.82,-23.2,
15.82,-23.2,
15.82,-23.2,
15.82,-22.75,
15.82,-22.75,
15.82,-22.75,
15.82,-22.75,
15.82,-22.75,
15.82,-22.75,
15.82,-22.75,
15.04,-21.31,
15.04,-21.31,
15.04,-21.31,
15.04,-21.31,
15.04,-21.31,
15.04,-21.31,
15.04,-21.31,
15.04,-21.31,
14.63,-21.31,
14.63,-21.31,
14.63,-21.31,
14.63,-21.31,
14.63,-20.59,
14.63,-20.59,
14.63,-20.59,
14.63,-20.59,
14.63,-20.59,
14.63,-20.59,
14.54,-19.81,
14.54,-19.81,
14.54,-19.81,
14.54,-19.81,
14.54,-19.81,
14.54,-19.81,
14.54,-19.81,
14.54,-19.81,
14.54,-19.81,
14.54,-19.81,
14.49,-19.81,
14.49,-19.81,
14.49,-18.28,
14.49,-18.28,
14.49,-18.28,
14.49,-18.28,
15.44,-18.28,
15.44,-18.28,
15.44,-17.5,
15.44,-17.5,
15.44,-17.5,
15.44,-17.5,
15.44,-17.5,
15.44,-17.5,
15.9,-17.5,
15.9,-17.5,
15.9,-17.5,
15.9,-17.5,
15.9,-17.5,
15.9,-17.5,
15.9,-15.5,
15.9,-15.5,
15.9,-15.5,
15.9,-15.5,
15.9,-15.5,
15.9,-15.5,
16.75,-15.5,
16.75,-15.5,
16.75,-15.5,
16.75,-14.5,
16.75,-14.5,
16.75,-14.5,
16.75,-14.5,
16.75,-14.5,
16.75,-14.5,
17.64,-14.5,
17.64,-14.5,
17.64,-12.86,
17.64,-12.86,
17.64,-12.86,
17.64,-12.86,
17.64,-12.86,
17.64,-12.86,
17.64,-12.86,
17.64,-12.86,
17.64,-12.86,
18.09,-12.86,
18.09,-12.86,
18.09,-11.11,
18.09,-11.11,
18.09,-11.11,
18.09,-11.11,
18.09,-11.11,
18.09,-11.11,
18.64,-11.11,
18.64,-11.11,
18.64,-10.23,
18.64,-10.23,
18.64,-10.23,
18.64,-10.23,
18.64,-10.23,
18.64,-10.23,
18.64,-10.23,
18.92,-10.23,
18.92,-10.23,
18.92,-10.23,
18.92,-10.23,
18.92,-8.13,
18.92,-8.13,
18.92,-8.13,
18.92,-8.13,
18.92,-8.13,
18.92,-8.13,
18.58,-8.13,
18.58,-8.13,
18.58,-8.13,
18.58,-7.05,
18.58,-7.05,
18.58,-7.05,
18.58,-7.05,
18.58,-7.05,
18.58,-7.05,
18.58,-7.05,
18.25,-7.05,
18.25,-7.05,
18.25,-10.58,
18.25,-10.58,
18.25,-10.58,
18.25,-10.58,
18.25,-10.58,
18.25,-10.58,
18.25,-10.58,
18.25,-10.58,
18.08,-10.58,
18.08,-10.58,
18.08,-10.58,
18.08,-12.22,
18.08,-12.22,
18.08,-12.22,
18.08,-12.22,
18.08,-12.22,
18.08,-12.22,
18.08,-12.22,
18.08,-12.22,
18.13,-12.22,
18.13,-12.22,
18.13,-6.07,
18.13,-6.07,
18.13,-6.07,
18.13,-6.07,
18.13,-6.07,
18.13,-6.07,
18.16,-6.07,
18.16,-6.07,
18.16,-6.07,
18.16,-8.16,
18.16,-8.16,
18.16,-8.16,
18.16,-8.16,
18.16,-8.16,
18.16,-8.16,
17.97,-8.16,
17.97,-8.16,
17.97,-9.17,
17.97,-9.17,
17.97,-9.17,
17.97,-9.17,
17.88,-9.17,
17.88,-9.17,
17.88,-1.82,
17.88,-1.82,
17.88,-1.82,
17.59,-1.82,
17.59,-1.82,
17.59,-1.82,
17.59,-1.82,
17.59,1.94,
17.59,1.94,
17.59,1.94,
17.59,1.94,
17.59,1.94,
17.59,1.94,
17.59,1.94,
17.59,1.94,
17.05,1.94,
17.05,4.09,
17.05,4.09,
17.05,4.09,
17.05,4.09,
17.05,4.09,
17.05,4.09,
16.78,4.09,
16.78,4.09,
16.78,4.09,
16.78,4.09,
16.78,4.09,
16.78,3.79,
16.78,3.79,
16.78,3.79,
16.78,3.79,
16.78,3.79,
16.46,3.79,
16.46,3.79,
16.46,3.65,
16.46,3.65,
16.46,3.65,
16.46,3.65,
16.46,3.65,
16.46,3.65,
16.3,3.65,
16.3,3.65,
16.3,3.65,
16.3,3.65,
16.3,3.65,
16.3,5.6,
16.3,5.6,
16.3,5.6,
16.3,5.6,
16.3,5.6,
16.3,5.6,
16.3,5.6,
16.3,5.6,
16.3,5.6,
16.3,5.6,
17.47,5.6,
17.47,5.6,
17.47,6.61,
17.47,6.61,
17.47,6.61,
17.47,6.61,
17.47,6.61,
17.47,6.61,
17.47,6.61,
18.79,6.61,
18.79,6.61,
18.79,4.72,
18.79,4.72,
18.79,4.72,
18.79,4.72,
18.79,4.72,
19.45,4.72,
19.45,4.72,
19.45,4.72,
19.45,3.78,
19.45,3.78,
19.45,3.78,
19.45,3.78,
19.45,3.78,
19.45,3.78,
19.45,3.78,
20.22,3.78,
20.22,9.85,
20.22,9.85,
20.22,9.85,
20.22,9.85,
20.22,9.85,
20.22,9.85,
20.61,9.85,
20.61,9.85,
20.61,10.38,
20.61,10.38,
20.61,10.38,
20.61,10.38,
20.61,10.38,
20.61,10.38,
20.61,10.38,
20.61,10.38,
20.61,10.38,
20.61,10.38,
20.61,10.38,
20.61,10.38,
20.61,10.38,
20.61,10.38,
20.61,10.38,
21.31,10.38,
21.31,10.38,
21.31,10.38,
21.31,10.65,
21.31,10.65,
21.31,10.65,
21.31,10.65,
21.65,10.65,
21.65,10.65,
21.65,11.3,
21.65,11.3,
21.65,11.3,
21.65,11.3,
21.65,11.3,
21.65,11.3,
21.65,11.3,
22.77,11.3,
22.77,11.3,
22.77,11.61,
22.77,11.61,
22.77,11.61,
22.77,11.61,
23.09,11.61,
23.09,11.61,
23.09,12.79,
23.09,12.79,
23.09,12.79,
23.09,12.79,
23.09,12.79,
23.09,12.79,
23.09,12.79,
23.25,12.79,
23.25,12.79,
23.25,12.79,
23.25,13.22,
23.25,13.22,
23.25,13.22,
23.25,13.22,
23.25,13.22,
23.25,13.22,
23.25,13.22,
23.25,13.22,
22.85,13.44,
22.85,13.44,
22.85,13.44,
22.85,13.44,
22.85,13.44,
22.85,13.44,
22.64,13.44,
22.64,13.44,
22.64,13.44,
22.64,13.44,
22.64,13.44,
22.64,14.52,
22.64,14.52,
22.64,14.52,
22.64,14.52,
22.64,14.52,
22.64,14.52,
22.02,15.07,
22.02,15.07,
22.02,15.07,
22.02,15.07,
22.02,15.07,
22.02,15.07,
22.02,15.07,
22.02,15.07,
22.02,15.07,
22.02,15.07,
22.02,15.07,
22.02,15.07,
22.02,15.07,
22.02,15.07,
21.86,15.07,
21.86,16.35,
21.86,16.35,
21.86,16.35,
21.86,16.35,
21.86,16.35,
21.86,16.35,
21.77,16.35,
21.77,16.35,
21.77,17.0,
21.77,17.0,
21.77,17.0,
21.77,17.0,
21.77,17.0,
21.68,17.0,
21.68,17.0,
21.68,17.0,
21.68,16.8,
21.68,16.8,
21.68,16.8,
21.68,16.8,
21.68,16.8,
21.68,16.8,
21.68,16.8,
21.68,16.8,
21.68,16.8,
21.68,16.8,
21.68,16.8,
21.68,16.8,
21.64,16.8,
21.64,16.8,
21.64,17.31,
21.64,17.31,
21.64,17.31,
21.64,17.31,
21.64,17.31,
21.64,17.31,
21.17,17.31,
21.17,17.56,
21.17,17.56,
21.17,17.56,
21.17,17.56,
21.17,17.56,
21.17,17.56,
20.93,17.56,
20.93,17.56,
20.93,17.56,
20.93,16.19,
20.93,16.19,
20.93,16.19,
20.93,16.19,
20.93,16.19,
20.93,16.19,
19.52,16.19,
19.52,15.51,
19.52,15.51,
19.52,15.51,
19.52,15.51,
19.52,15.51,
19.52,15.51,
17.42,15.51,
17.42,15.51,
17.42,15.51,
17.42,15.51,
17.42,15.51,
17.42,13.47,
17.42,13.47,
17.42,13.47,
17.42,13.47,
16.42,13.47,
16.42,15.2,
16.42,15.2,
16.42,15.2,
16.42,15.2,
16.42,15.2,
16.42,15.2,
16.42,15.2,
16.42,15.2,
16.42,15.2,
16.42,15.2,
14.35,15.2,
14.35,15.98,
14.35,15.98,
14.35,15.98,
14.35,15.98,
14.35,15.98,
14.35,15.98,
13.35,15.98,
13.35,15.98,
13.35,15.98,
13.35,18.42,
13.35,18.42,
13.35,18.42,
13.35,18.42,
13.35,18.42,
13.35,18.42,
13.35,18.42,
13.35,18.42,
11.93,18.42,
11.93,18.42,
11.93,19.57,
11.93,19.57,
11.93,19.57,
11.93,19.57,
11.93,19.57,
11.93,19.57,
11.93,19.57,
11.93,19.57,
11.22,19.57,
11.22,19.57,
11.22,19.26,
11.22,19.26,
11.22,19.26,
11.22,19.26,
11.22,19.26,
11.22,19.26,
11.22,19.26,
11.22,19.26,
10.88,19.26,
10.88,19.26,
10.88,19.11,
10.88,19.11,
10.88,19.11,
10.88,19.11,
10.88,19.11,
10.88,19.11,
10.86,19.11,
10.86,19.11,
10.86,19.11,
10.86,19.11,
10.86,19.11,
10.86,19.22,
10.86,19.22,
10.86,19.22,
10.86,19.22,
10.86,19.22,
10.86,19.22,
10.86,19.22,
10.86,19.22,
10.86,18.74,
10.86,18.74,
10.86,18.74,
10.86,18.74,
10.86,18.74,
10.86,18.74,
10.86,18.74,
10.86,18.74,
11.27,18.74,
11.27,18.74,
11.27,18.49,
11.27,18.49,
11.27,18.49,
11.48,18.49,
11.48,18.49,
11.48,18.49,
11.48,18.49,
11.48,18.49,
11.48,17.77,
11.48,17.77,
11.48,17.77,
11.48,17.77,
11.48,17.77,
11.48,17.77,
12.24,17.77,
12.24,17.77,
12.24,17.41,
12.24,17.41,
12.24,17.41,
12.24,17.41,
12.24,17.41,
12.24,17.41,
12.24,17.41,
12.24,17.41,
12.24,17.41,
12.76,17.41,
12.76,17.41,
12.76,14.83,
12.76,14.83,
12.76,14.83,
12.76,14.83,
12.76,14.83,
13.05,14.83,
13.05,14.83,
13.05,14.83,
13.05,14.83,
13.05,14.83,
13.05,11.49,
13.05,11.49,
13.05,11.49,
13.05,11.49,
13.05,11.49,
13.05,11.49,
12.14,11.49,
12.14,11.49,
12.14,9.7,
12.14,9.7,
12.14,9.7,
12.14,9.7,
12.14,9.7,
12.14,9.7,
12.14,9.7,
11.66,9.7,
11.66,9.7,
11.66,9.7,
11.66,10.42,
11.66,10.42,
11.66,10.42,
11.66,10.42,
11.66,10.42,
11.66,10.42,
11.66,10.42,
11.66,10.42,
10.58,10.42,
10.58,10.42,
10.58,10.42,
10.58,10.74,
10.58,10.74,
10.58,10.74,
10.58,10.74,
10.58,10.74,
10.58,10.74,
9.41,10.74,
9.41,10.74,
9.41,10.74,
9.41,10.74,
9.41,9.89,
9.41,9.89,
9.41,9.89,
9.41,9.89,
9.41,9.89,
9.41,9.89,
9.41,9.89,
8.8,9.89,
8.8,9.89,
8.8,9.46,
8.8,9.46,
8.8,9.46,
8.8,9.46,
8.8,9.46,
8.75,9.46,
8.75,9.63,
8.75,9.63,
8.75,9.63,
8.75,9.63,
8.75,9.63,
8.75,9.63,
8.75,9.63,
8.75,9.63,
8.75,9.63,
8.75,9.63,
8.73,9.63,
8.73,9.63,
8.73,9.63,
8.73,10.63,
8.73,10.63,
8.73,10.63,
8.73,10.63,
8.73,10.63,
8.73,10.63,
8.95,10.63,
8.95,11.11,
8.95,11.11,
8.95,11.11,
8.95,11.11,
8.95,11.11,
8.95,11.11,
8.95,11.11,
8.95,11.11,
9.06,11.11,
9.06,11.11,
9.06,11.11,
9.06,11.11,
9.06,11.11,
9.06,11.11,
9.06,12.01,
9.06,12.01,
9.06,12.01,
9.06,12.01,
9.06,12.01,
9.14,12.01,
9.14,12.01,
9.14,12.44,
9.14,12.44,
9.14,12.44,
9.14,12.44,
9.14,12.44,
9.14,12.44,
9.14,12.44,
9.14,12.44,
8.93,12.44,
8.93,12.48,
8.93,12.48,
8.93,12.48,
8.93,12.48,
8.93,12.48,
8.93,12.48,
8.82,12.48,
8.82,12.48,
8.82,12.48,
8.82,12.48,
8.82,12.48,
8.82,12.48,
8.82,11.91,
8.82,11.91,
8.82,11.91,
8.82,11.91,
8.82,11.91,
8.82,11.91,
8.82,11.91,
8.82,11.91,
8.45,11.91,
8.45,11.91,
8.45,11.62,
8.45,11.62,
8.45,11.62,
8.45,11.62,
8.45,11.62,
8.45,11.62,
8.45,11.62,
8.26,11.62,
8.26,11.01,
8.26,11.01,
8.26,11.01,
8.26,11.01,
8.26,11.01,
7.74,11.01,
7.74,11.01,
7.74,10.7,
7.74,10.7,
7.74,10.7,
7.74,10.7,
7.74,10.7,
7.74,10.7,
7.74,10.7,
7.74,10.7,
7.74,10.7,
7.74,10.7,
7.74,10.7,
6.91,10.7,
6.91,10.7,
6.91,10.25,
6.91,10.25,
6.91,10.25,
6.91,10.25,
6.91,10.25,
6.91,10.25,
6.48,10.25,
6.48,10.01,
6.48,10.01,
6.48,10.01,
6.48,10.01,
6.48,10.01,
6.48,10.01,
6.48,10.01,
6.48,10.01,
5.66,10.01,
5.66,9.57,
5.66,9.57,
5.66,9.57,
5.66,9.57,
5.66,9.57,
5.66,9.57,
5.66,9.57,
5.66,9.57,
5.66,9.57,
5.24,9.57,
5.24,8.85,
5.24,8.85,
5.24,8.85,
5.24,8.85,
5.24,8.85,
5.24,8.85,
5.24,8.85,
5.24,8.85,
5.24,8.85,
5.24,8.85,
4.56,8.85,
4.56,8.49,
4.56,8.49,
4.56,8.49,
4.56,8.49,
4.56,8.49,
4.56,8.49,
4.56,8.49,
4.56,8.49,
4.22,8.49,
4.22,8.49,
4.22,8.87,
4.22,8.87,
4.22,8.87,
4.22,8.87,
4.22,8.87,
4.22,8.87,
3.64,8.87,
3.64,8.87,
3.64,9.06,
3.64,9.06,
3.64,9.06,
3.64,9.06,
3.64,9.06,
2.77,8.65,
2.77,8.65,
2.77,8.65,
2.77,8.65,
2.77,8.65,
2.77,8.65,
2.77,8.65,
2.77,8.65,
2.77,8.65,
2.33,8.65,
2.33,8.65,
2.33,9.23,
2.33,9.23,
2.33,9.23,
2.33,9.23,
2.33,9.23,
2.33,9.23,
2.33,9.23,
2.28,9.23,
2.28,9.23,
2.28,9.23,
2.28,9.53,
2.28,9.53,
2.28,9.53,
2.28,9.53,
2.28,9.53,
2.28,9.53,
2.28,9.53,
2.28,9.53,
2.28,9.53,
2.28,9.53,
2.28,9.53,
2.28,9.53,
2.28,9.53,
2.28,9.53,
2.28,9.53,
2.28,9.53,
2.26,9.53,
2.26,9.61,
2.26,9.61,
2.26,9.61,
2.26,9.61,
2.26,9.61,
2.26,9.61,
2.95,9.61,
2.95,9.61,
2.95,9.66,
2.95,9.66,
2.95,9.66,
2.95,9.66,
2.95,9.66,
2.95,9.66,
2.95,9.66,
2.91,9.45,
2.91,9.45,
2.91,9.45,
2.91,9.45,
2.89,9.45,
2.89,9.45,
2.89,9.45,
2.89,9.45,
2.89,9.45,
2.89,9.45,
2.89,9.45,
2.89,9.35,
2.89,9.35,
2.89,9.35,
2.89,9.35,
2.89,9.35,
2.89,9.35,
2.89,9.35,
2.89,9.35,
2.89,9.35,
3.07,9.35,
3.07,9.35,
3.07,9.57,
3.07,9.57,
3.07,9.57,
3.07,9.57,
3.07,9.57,
3.07,9.57,
3.16,9.57,
3.16,9.57,
3.16,9.69,
3.16,9.69,
3.16,9.69,
3.16,9.69,
3.41,9.75,
3.41,9.75,
3.41,9.75,
3.41,9.75,
3.41,9.75,
3.41,9.75,
3.41,9.75,
3.41,9.75,
3.41,9.75,
3.41,9.75,
3.41,9.75,
3.54,9.75,
3.54,9.75,
3.54,9.7,
3.54,9.7,
3.54,9.7,
3.54,9.7,
3.54,9.7,
3.54,9.7,
3.54,9.7,
3.61,9.7,
3.61,9.7,
3.61,9.7,
3.61,9.67,
3.61,9.67,
3.61,9.67,
3.61,9.67,
3.61,9.67,
3.61,9.67,
3.61,9.67,
2.86,9.67,
2.86,7.21,
2.86,7.21,
2.86,7.21,
2.86,7.21,
2.86,7.21,
2.86,7.21,
2.86,7.21,
2.5,7.21,
2.5,5.01,
2.5,5.01,
2.5,5.01,
2.5,5.01,
2.5,5.01,
2.5,5.01,
2.5,5.01,
2.5,5.01,
2.5,5.01,
1.68,3.91,
1.68,3.91,
1.68,3.91,
1.68,3.91,
1.68,3.91,
1.68,3.91,
1.68,3.91,
1.27,3.91,
1.27,3.91,
1.27,3.21,
1.27,3.21,
1.27,3.21,
1.27,3.21,
1.27,3.21,
1.27,3.21,
1.27,3.21,
1.27,3.21,
1.27,3.21,
1.27,3.21,
1.27,3.21,
0.58,3.21,
0.58,3.21,
0.58,3.21,
0.58,2.86,
0.58,2.86,
0.58,2.86,
0.0,2.86,
0.0,2.86,
0.0,2.86,
0.0,2.86,
0.0,2.86,
0.0,2.74,
0.0,2.74,
0.0,2.74,
0.0,2.74,
0.0,2.74,
0.0,2.74,
0.0,2.74,
-0.29,2.68,
-0.29,2.68,
-0.29,2.68,
-0.29,2.68,
-0.29,2.68,
-0.29,2.68,
-0.29,2.68,
-0.44,2.68,
-0.44,2.68,
-0.44,3.87,
-0.44,3.87,
-0.44,3.87,
-0.44,3.87,
-0.44,3.87,
-0.44,3.87,
-0.44,3.87,
-0.51,3.87,
-0.51,3.87,
-0.51,3.87,
-0.51,5.35,
-0.51,5.35,
-0.51,5.35,
-0.51,5.35,
-0.51,5.35,
-0.51,5.35,
-0.51,5.35,
-0.51,5.35,
0.35,5.35,
0.35,5.35,
0.35,6.09,
0.35,6.09,
0.35,6.09,
0.35,6.09,
0.35,6.09,
0.35,6.09,
0.35,6.09,
0.35,6.09,
0.35,6.09,
0.78,6.09,
0.78,6.09,
0.78,6.32,
0.78,6.32,
0.78,6.32,
0.78,6.32,
0.78,6.32,
0.78,6.32,
1.12,6.43,
1.12,6.43,
1.12,6.43,
1.12,6.43,
1.12,6.43,
1.12,6.43,
1.12,6.43,
1.12,6.43,
1.12,6.43,
1.12,6.43,
1.12,6.43,
1.06,6.43,
1.06,6.43,
1.06,6.43,
1.06,6.43,
1.06,7.07,
1.06,7.07,
1.06,7.07,
1.06,7.07,
1.06,7.07,
1.06,7.07,
1.06,7.07,
1.03,7.07,
1.03,7.07,
1.03,7.07,
1.03,7.09,
1.03,7.09,
1.03,7.09,
1.03,7.09,
1.03,7.09,
1.03,7.09,
1.03,7.09,
1.03,7.09,
1.36,7.09,
1.36,7.09,
1.36,7.11,
1.36,7.11,
1.54,7.11,
1.54,7.11,
1.54,7.11,
1.54,7.11,
1.54,7.11,
1.54,7.11,
1.54,7.11,
1.54,7.11,
1.54,7.11,
1.54,7.11,
1.54,7.11,
1.54,7.11,
1.54,7.11,
1.54,7.11,
1.54,7.11,
1.54,7.11,
2.41,7.11,
2.41,7.11,
2.41,7.11,
2.41,7.11,
2.41,7.11,
2.41,7.11,
2.41,7.11,
2.41,7.11,
3.43,7.11,
3.43,6.71,
3.43,6.71,
3.43,6.71,
3.43,6.71,
3.43,6.71,
3.43,6.71,
3.43,6.71,
3.93,6.71,
3.93,6.71,
3.93,6.51,
3.93,6.51,
3.93,6.51,
3.93,6.51,
3.93,6.51,
3.93,6.51,
3.93,6.51,
3.93,6.51,
4.3,6.51,
4.3,6.32,
4.3,6.32,
4.3,6.32,
4.3,6.32,
4.3,6.32,
4.48,6.32,
4.48,6.32,
4.48,6.32,
4.48,6.32,
4.48,6.32,
4.48,6.14,
4.48,6.14,
4.48,6.14,
4.48,6.14,
4.48,6.14,
4.48,6.14,
4.48,6.14,
4.48,6.14,
4.44,6.14,
4.44,6.05,
4.44,6.05,
4.44,6.05,
4.44,6.05,
4.44,6.05,
4.44,6.05,
4.44,6.05,
4.42,6.05,
4.42,6.05,
4.42,5.26,
4.42,5.26,
4.42,5.26,
4.42,5.26,
4.42,5.26,
4.42,5.26,
4.42,5.26,
4.42,5.26,
4.42,5.26,
4.42,5.26,
4.42,5.26,
3.7,5.26,
3.7,4.87,
3.7,4.87,
3.7,4.87,
3.7,4.87,
3.7,4.87,
3.7,4.87,
3.24,4.87,
3.24,3.86,
3.24,3.86,
3.24,3.86,
3.24,3.86,
3.01,3.22,
3.01,3.22,
3.01,3.22,
3.01,3.22,
3.01,3.22,
3.01,3.22,
2.96,3.22,
2.96,2.9,
2.96,2.9,
2.96,2.9,
2.96,2.9,
2.96,2.9,
2.96,2.9,
2.96,2.9,
2.96,2.9,
2.94,2.9,
2.94,2.9,
2.94,2.98,
2.94,2.98,
2.94,2.98,
2.94,2.98,
2.94,2.98,
2.94,2.98,
2.94,2.98,
2.94,2.98,
2.94,2.98,
2.94,2.98,
2.34,2.98,
2.34,2.98,
2.34,3.01,
2.34,3.01,
2.34,3.01,
2.34,3.01,
1.6,3.01,
1.6,3.01,
1.6,3.01,
1.6,3.01,
1.6,4.49,
1.6,4.49,
1.6,4.49,
1.6,4.49,
1.6,4.49,
1.23,4.49,
1.23,4.49,
1.23,5.24,
1.23,5.24,
1.23,5.24,
1.23,5.24,
1.23,5.24,
1.23,5.24,
1.2,5.24,
1.2,6.12,
1.2,6.12,
1.2,6.12,
1.2,6.12,
1.2,6.12,
1.18,7.07,
1.18,7.07,
1.18,7.07,
1.18,7.07,
1.18,7.07,
1.18,7.07,
1.94,7.07,
1.94,7.07,
1.94,7.07,
1.94,7.07,
1.94,7.55,
1.94,7.55,
1.94,7.55,
1.94,7.55,
1.94,7.55,
2.32,7.55,
2.32,6.63,
2.32,6.63,
3.26,6.63,
3.26,6.17,
3.26,6.17,
3.26,6.17,
3.26,6.17,
3.26,6.17,
3.26,6.17,
3.26,6.17,
3.26,6.17,
3.26,6.17,
3.26,6.17,
3.26,6.17,
3.26,6.17,
4.42,6.17,
4.42,6.17,
4.42,5.44,
4.42,5.44,
4.42,5.44,
4.42,5.44,
4.42,5.44,
4.42,5.44,
5.01,5.44,
5.01,4.97,
5.01,4.97,
5.01,4.97,
5.01,4.97,
5.01,4.97,
5.01,4.97,
5.28,4.97,
5.28,4.97,
5.28,4.73,
5.28,4.73,
5.28,4.73,
5.28,4.73,
5.28,4.73,
5.28,4.73,
5.28,4.73,
5.28,4.73,
5.42,4.73,
5.42,4.73,
5.42,3.83,
5.42,3.83,
5.42,3.83,
5.42,3.83,
5.42,3.83,
5.42,3.83,
5.42,3.83,
4.13,3.83,
4.13,3.83,
4.13,3.83,
4.13,3.39,
4.13,3.39,
4.13,3.39,
4.13,3.39,
4.13,3.39,
4.13,3.39,
2.02,3.39,
2.02,3.39,
2.02,3.39,
2.02,3.39,
2.02,3.39,
2.02,3.68,
2.02,3.68,
2.02,3.68,
0.99,3.68,
0.99,3.68,
0.99,3.68,
0.99,3.68,
0.99,3.68,
0.99,3.82,
0.99,3.82,
0.99,3.82,
0.99,3.82,
0.99,3.82,
0.99,3.82,
0.99,3.82,
0.51,3.82,
0.51,3.82,
0.51,3.82,
0.51,3.82,
0.51,3.82,
0.51,3.82,
0.51,3.82,
0.51,3.82,
0.51,3.82,
0.51,4.66,
0.51,4.66,
0.51,4.66,
0.51,4.66,
0.51,4.66,
0.51,4.66,
0.51,4.66,
0.27,4.66,
0.27,4.64,
0.27,4.64,
0.27,4.64,
0.27,4.64,
0.27,4.64,
0.8,4.64,
0.8,4.64,
0.8,4.62,
0.8,4.62,
0.8,4.62,
0.8,4.62,
0.8,4.62,
1.07,4.62,
1.07,4.62,
1.07,4.62,
1.07,2.61,
1.07,2.61,
1.07,2.61,
1.07,2.61,
1.07,2.61,
1.07,2.61,
1.43,2.61,
1.43,1.6,
1.43,1.6,
1.43,1.6,
1.43,1.6,
1.43,1.6,
1.43,1.6,
1.43,1.6,
1.43,1.6,
1.43,1.6,
1.43,1.6,
1.46,1.6,
1.46,-1.23,
1.46,-1.23,
1.46,-1.23,
1.46,-1.23,
1.46,-1.23,
1.46,-1.23,
1.46,-1.23,
1.46,-1.23,
1.48,-1.23,
1.48,-1.23,
1.48,-1.23,
1.48,-1.23,
1.48,-1.23,
1.48,-1.64,
1.48,-1.64,
1.16,-1.64,
1.16,-1.64,
1.16,-1.85,
1.16,-1.85,
1.16,-1.85,
1.16,-1.85,
1.16,-1.85,
1.16,-1.85,
1.16,-1.85,
1.16,-1.85,
1.16,-1.85,
1.01,-1.85,
1.01,-1.85,
1.01,-1.85,
1.01,-0.61,
1.01,-0.61,
1.01,-0.61,
1.01,-0.61,
0.77,-0.61,
0.77,-0.61,
0.77,-0.61,
0.77,-0.61,
0.77,-0.61,
0.77,-0.61,
0.77,-0.61,
0.77,0.03,
0.77,0.03,
0.77,0.03,
0.77,0.03,
0.77,0.03,
0.77,0.03,
0.77,0.03,
0.77,0.03,
-0.16,0.03,
-0.16,0.03,
-0.16,0.03,
-0.16,1.55,
-0.16,1.55,
-0.16,1.55,
-0.16,1.55,
-0.62,1.55,
-0.62,1.55,
-0.62,2.32,
-0.62,2.32,
-0.62,2.32,
-0.62,2.32,
-0.62,2.32,
-0.62,2.32,
-0.62,2.32,
-0.62,2.32,
-0.62,2.32,
-1.65,3.06,
-1.65,3.06,
-1.65,3.06,
-1.65,3.06,
-1.65,3.06,
-1.65,3.06,
-2.16,3.06,
-2.16,3.06,
-2.16,3.06,
-2.16,3.06,
-2.16,3.06,
-2.16,3.06,
-2.16,2.37,
-2.16,2.37,
-2.16,2.37,
-2.16,2.37,
-2.16,2.37,
-2.15,2.37,
-2.15,2.37,
-2.15,2.03,
-2.15,2.03,
-2.15,2.03,
-2.15,2.03,
-2.15,2.03,
-2.15,2.03,
-2.15,2.03,
-2.15,2.03,
-2.15,2.03,
-2.15,2.03,
-2.15,2.03,
-2.15,2.03,
-2.15,2.03,
-2.15,2.03,
-2.15,2.03,
-2.14,2.03,
-2.14,2.03,
-2.14,1.23,
-2.14,1.23,
-2.14,1.23,
-2.14,1.23,
-1.18,0.83,
-1.18,0.83,
-1.18,0.83,
-1.18,0.83,
-1.18,0.83,
-1.18,0.83,
0.14,0.83,
0.14,0.83,
0.14,1.62,
0.14,1.62,
0.14,1.62,
0.14,1.62,
0.14,1.62,
0.14,1.62,
0.14,1.62,
0.14,1.62,
0.81,1.62,
0.81,2.46,
0.81,2.46,
0.81,2.46,
0.81,2.46,
0.81,2.46,
0.81,2.46,
0.81,2.46,
0.81,2.46,
1.64,2.46,
1.64,2.87,
1.64,2.87,
1.64,2.87,
1.64,2.87,
1.64,2.87,
1.64,2.87,
1.64,2.87,
2.06,2.87,
2.06,2.87,
2.06,3.04,
2.06,3.04,
2.06,3.04,
2.06,3.04,
2.06,3.04,
2.06,3.04,
2.06,3.04,
2.32,3.04,
2.32,3.04,
2.32,3.12,
2.32,3.12,
2.32,3.12,
2.32,3.12,
2.32,3.12,
2.32,3.12,
2.32,3.12,
2.32,3.12,
2.46,3.12,
2.46,3.12,
2.46,3.12,
2.46,2.99,
2.46,2.99,
2.46,2.99,
2.46,2.99,
2.46,2.99,
2.46,2.99,
2.46,2.99,
2.46,2.99,
2.49,2.99,
2.49,2.93,
2.49,2.93,
2.49,2.93,
2.49,2.93,
2.49,2.93,
2.49,2.93,
2.49,2.93,
2.49,2.93,
2.49,2.93,
2.49,2.93,
2.49,2.93,
2.36,2.93,
2.36,2.95,
2.36,2.95,
2.36,2.95,
2.36,2.95,
2.36,2.95,
2.36,2.95,
2.36,2.95,
2.29,2.95,
2.29,3.48,
2.29,3.48,
2.29,3.48,
2.29,3.48,
2.29,3.48,
2.29,3.48,
2.17,3.48,
2.17,3.74,
2.17,3.74,
2.17,3.74,
2.17,3.74,
2.17,3.74,
2.17,3.74,
2.17,3.74,
2.17,3.74,
2.17,3.74,
2.17,3.74,
2.17,3.74,
2.11,3.62,
2.11,3.62,
2.11,3.62,
2.11,3.62,
2.11,3.62,
2.11,3.62,
2.11,3.62,
2.11,3.62,
2.11,3.62,
2.11,3.62,
2.11,3.62,
2.11,3.62,
2.11,3.62,
2.11,3.62,
2.11,3.62,
2.11,3.62,
2.11,3.62,
2.11,3.56,
2.11,3.56,
2.11,3.56,
2.11,3.56,
2.35,3.56,
2.35,3.56,
2.35,3.11,
2.35,3.11,
2.35,3.11,
2.35,3.11,
2.48,3.11,
2.48,3.11,
2.48,3.11,
2.48,2.83,
2.48,2.83,
2.48,2.83,
2.48,2.83,
2.6,2.83,
2.6,2.83,
2.6,2.83,
2.6,2.83,
2.6,2.83,
2.6,2.83,
2.6,2.69,
2.6,2.69,
2.6,2.69,
2.6,2.69,
2.6,2.69,
2.66,2.69,
2.66,2.69,
2.66,2.98,
2.66,2.98,
2.66,2.98,
2.66,2.98,
2.66,2.98,
2.66,2.98,
2.66,2.98,
2.66,2.98,
1.66,2.98,
1.66,3.13,
1.66,3.13,
1.66,3.13,
1.66,3.13,
1.66,3.13,
1.66,3.13,
1.66,3.13,
1.66,3.13,
1.66,3.13,
1.16,2.91,
1.16,2.91,
1.16,2.91,
1.16,2.91,
1.16,2.91,
1.16,2.91,
1.16,2.91,
1.16,2.91,
1.16,2.91,
1.16,2.91,
1.16,2.91,
1.16,2.91,
1.16,2.91,
0.19,2.91,
0.19,2.91,
0.19,2.81,
0.19,2.81,
0.19,2.81,
0.19,2.81,
0.19,2.81,
0.19,2.81,
0.19,2.81,
0.19,2.81,
-0.35,2.81,
-0.35,2.81,
-0.35,1.69,
-0.35,1.69,
-0.35,1.69,
-0.35,1.69,
-0.35,1.69,
-0.62,1.69,
-0.62,0.93,
-0.62,0.93,
-0.62,0.93,
-0.62,0.93,
-0.62,0.93,
-0.62,0.93,
-0.62,0.93,
-0.62,0.93,
-0.62,0.93,
-0.64,0.93,
-0.64,0.93,
-0.64,0.55,
-0.64,0.55,
-0.64,0.55,
-0.64,0.55,
-0.64,0.55,
-0.64,0.55,
-0.64,0.55,
-0.64,0.55,
-0.66,0.55,
-0.66,0.34,
-0.66,0.34,
-0.66,0.34,
-0.66,0.34,
-0.66,0.34,
-0.66,0.34,
-0.66,0.34,
-0.66,0.34,
-0.65,0.34,
-0.65,0.34,
-0.65,0.24,
-0.65,0.24,
-0.65,0.24,
-0.65,0.24,
-0.65,0.24,
-0.65,0.24,
-0.65,0.24,
-0.65,0.24,
-0.86,0.24,
-0.86,0.24,
-0.86,-0.12,
-0.86,-0.12,
-0.86,-0.12,
-0.86,-0.12,
-0.86,-0.12,
-0.97,-0.12,
-0.97,-0.12,
-0.97,-0.12,
-0.97,-0.12,
-0.97,-0.93,
-0.97,-0.93,
-0.97,-0.93,
-0.97,-0.93,
-0.97,-0.93,
-0.97,-0.93,
-1.21,-0.93,
-1.21,-0.93,
-1.21,-0.93,
-1.21,-1.34,
-1.21,-1.34,
-1.21,-1.34,
-1.21,-1.34,
-1.21,-1.34,
-1.21,-1.34,
-1.21,-1.34,
-1.21,-1.34,
-1.21,-1.34,
-1.33,-1.34,
-1.33,-1.34,
-1.33,-1.03,
-1.33,-1.03,
-1.33,-1.03,
-1.33,-1.03,
-1.33,-1.03,
-1.33,-1.03,
-1.36,-1.03,
-1.36,-1.03,
-1.36,-0.88,
-1.36,-0.88,
-1.36,-0.88,
-1.36,-0.88,
-1.36,-0.88,
-1.36,-0.88,
-1.36,-0.88,
-1.38,-0.88,
-1.38,-0.88,
-1.38,-0.88,
-1.38,-0.88,
-1.38,-0.88,
-1.38,-0.51,
-1.38,-0.51,
-1.38,-0.51,
-1.38,-0.51,
-1.38,-0.51,
-1.38,-0.51,
-1.38,-0.51,
-1.38,-0.51,
-1.38,-0.51,
-1.38,-0.51,
-1.38,-0.51,
-1.41,-0.51,
-1.41,-0.51,
-1.41,-0.32,
-1.41,-0.32,
-1.41,-0.32,
-1.41,-0.32,
-1.06,-0.32,
-1.06,-0.32,
-1.06,-0.3,
-1.06,-0.3,
-1.06,-0.3,
-1.06,-0.3,
-0.89,-0.3,
-0.89,-0.3,
-0.89,-0.3,
-0.89,-0.09,
-0.89,-0.09,
-0.89,-0.09,
-0.89,-0.09,
-0.89,-0.09,
-0.89,-0.09,
-0.89,-0.09,
-0.45,-0.09,
-0.45,-0.09,
-0.45,0.01,
-0.45,0.01,
-0.45,0.01,
-0.45,0.01,
-0.45,0.01,
-0.45,0.01,
-0.45,0.01,
-0.45,0.01,
-0.45,0.01,
-0.22,0.01,
-0.22,0.3,
-0.22,0.3,
-0.22,0.3,
-0.22,0.3,
-0.22,0.3,
-0.22,0.3,
-0.22,0.3,
-0.22,0.3,
0.23,0.44,
0.23,0.44,
0.23,0.44,
0.23,0.44,
0.23,0.44,
0.23,0.44,
0.23,0.44,
0.23,0.44,
0.23,0.44,
0.23,0.44,
0.23,0.44,
0.23,0.44,
0.23,0.44,
0.66,0.44,
0.66,1.47,
0.66,1.47,
0.66,1.47,
0.66,1.47,
0.66,1.47,
0.66,1.47,
0.66,1.47,
0.87,1.47,
0.87,2.54,
0.87,2.54,
0.87,2.54,
0.87,2.54,
0.87,2.54,
0.87,2.54,
0.87,2.54,
0.87,2.54,
1.19,2.54,
1.19,3.08,
1.19,3.08,
1.19,3.08,
1.19,3.08,
1.19,3.08,
1.19,3.08,
1.19,3.08,
1.19,3.08,
1.19,3.08,
1.19,3.08,
1.19,3.08,
1.19,3.08,
1.35,3.08,
1.35,3.08,
1.35,3.25,
1.35,3.25,
1.35,3.25,
1.35,3.25,
1.33,3.25,
1.33,3.25,
1.33,3.33,
1.33,3.33,
1.33,3.33,
1.33,3.33,
1.33,3.33,
1.32,3.33,
1.32,3.33,
1.32,3.33,
1.32,3.33,
1.32,2.99,
1.32,2.99,
1.32,2.99,
1.32,2.99,
1.32,2.99,
1.32,2.99,
1.32,2.99,
1.32,2.99,
0.73,2.99,
0.73,2.99,
0.73,2.82,
0.73,2.82,
0.73,2.82,
0.22,2.82,
0.22,2.82,
0.22,2.82,
0.22,2.82,
0.22,2.82,
0.22,2.32,
0.22,2.32,
0.22,2.32,
0.22,2.32,
0.22,2.32,
0.22,2.32,
0.22,2.32,
0.22,2.32,
0.22,2.32,
-0.03,2.32,
-0.03,2.32,
-0.03,1.71,
-0.03,1.71,
-0.03,1.71,
-0.03,1.71,
-0.03,1.71,
-0.03,1.71,
-0.03,1.71,
-0.32,1.71,
-0.32,1.71,
-0.32,1.71,
-0.32,1.41,
-0.32,1.41,
-0.32,1.41,
-0.32,1.41,
-0.32,1.41,
-0.32,1.41,
-0.46,1.41,
-0.46,0.69,
-0.46,0.69,
-0.46,0.69,
-0.46,0.69,
-0.46,0.69,
-0.46,0.69,
-0.46,0.69,
-0.72,0.69,
-0.72,0.69,
-0.72,0.33,
-0.72,0.33,
-0.72,0.33,
-0.72,0.33,
-0.72,0.33,
-0.72,0.33,
-0.72,0.33,
-0.72,0.33,
-0.72,0.33,
-0.72,0.33,
-0.87,0.33,
-0.87,0.33,
-0.87,-0.39,
-0.87,-0.39,
-0.87,-0.39,
-0.87,-0.39,
-0.87,-0.39,
-0.87,-0.39,
-0.87,-0.39,
-0.95,-0.39,
-0.95,-0.39,
-0.95,-0.39,
-0.95,-0.72,
-0.95,-0.72,
-0.95,-0.72,
-0.95,-0.72,
-0.95,-0.72,
-0.95,-0.72,
-0.88,-0.72,
-0.88,-0.72,
-0.88,-0.72,
-0.88,-0.72,
-0.88,-0.72,
-0.88,-0.72,
-0.88,-0.89,
-0.88,-0.89,
-0.88,-0.89,
-0.88,-0.89,
-0.88,-0.89,
-0.84,-0.91,
-0.84,-0.91,
-0.84,-0.91,
-0.84,-0.91,
-0.84,-0.91,
-0.84,-0.91,
-0.84,-0.91,
-0.84,-0.91,
-0.84,-0.91,
-0.84,-0.91,
-0.84,-0.91,
-0.84,-0.91,
-0.85,-0.91,
-0.85,-0.91,
-0.85,-0.92,
-0.85,-0.92,
-0.85,-0.92,
-0.85,-0.92,
-0.85,-0.92,
-0.85,-0.92,
-0.85,-0.92,
-0.85,-0.92,
-0.85,-0.66,
-0.85,-0.66,
-0.85,-0.66,
-0.85,-0.66,
-0.99,-0.66,
-0.99,-0.66,
-0.99,-0.66,
-0.99,-0.52,
-0.99,-0.52,
-0.99,-0.52,
-0.99,-0.52,
-0.99,-0.52,
-0.99,-0.52,
-0.99,-0.52,
-0.99,-0.52,
-0.99,-0.52,
-1.04,-0.52,
-1.04,-0.52,
-1.04,-0.34,
-1.04,-0.34,
-1.04,-0.34,
-1.04,-0.34,
-1.06,-0.34,
-1.06,-0.34,
-1.06,-0.34,
-1.06,-0.34,
-1.06,-0.34,
-1.06,-0.34,
-1.06,-0.33,
-1.06,-0.33,
-1.06,-0.33,
-1.06,-0.33,
-1.06,-0.33,
-0.92,-0.33,
-0.92,-0.33,
-0.92,-0.33,
-0.92,-0.32,
-0.92,-0.32,
-0.92,-0.32,
-0.92,-0.32,
-0.92,-0.32,
-0.92,-0.32,
-0.92,-0.32,
-0.85,-0.32,
-0.85,-0.32,
-0.85,-0.02,
-0.85,-0.02,
-0.85,-0.02,
-0.85,-0.02,
-0.85,-0.02,
-0.85,-0.02,
-0.85,-0.02,
-0.85,-0.02,
-0.85,-0.02,
-0.85,-0.02,
-0.9,-0.02,
-0.9,-0.02,
-0.9,0.13,
-0.9,0.13,
-0.9,0.13,
-0.9,0.13,
-1.29,0.26,
-1.29,0.26,
-1.29,0.26,
-1.29,0.26,
-1.29,0.26,
-1.29,0.26,
-1.29,0.26,
-1.29,0.26,
-1.29,0.26,
-1.29,0.26,
-1.29,0.26,
-1.29,0.26,
-1.29,0.26,
-1.29,0.26,
-1.48,0.26,
-1.48,0.26,
-1.48,0.13,
-1.48,0.13,
-1.48,0.13,
-1.54,0.13,
-1.54,0.13,
-1.54,0.06,
-1.54,0.06,
-1.54,0.06,
-1.54,0.06,
-1.54,0.06,
-1.54,0.06,
-1.57,0.06,
-1.57,0.06,
-1.57,-0.11,
-1.57,-0.11,
-1.57,-0.11,
-1.57,-0.11,
-1.57,-0.11,
-1.57,-0.11,
-1.57,-0.11,
-1.57,-0.11,
-1.22,-0.11,
-1.22,-0.11,
-1.22,-0.19,
-1.22,-0.19,
-1.22,-0.19,
-1.22,-0.19,
-1.22,-0.19,
-1.22,-0.19,
-1.22,-0.19,
-1.04,-0.19,
-1.04,-0.19,
-1.04,-0.22,
-1.04,-0.22,
-1.04,-0.22,
-1.04,-0.22,
-1.04,-0.22,
-1.04,-0.22,
-1.04,-0.22,
-1.04,-0.22,
-1.04,-0.22,
-1.04,-0.22,
-0.85,-0.22,
-0.85,-0.22,
-0.85,-0.24,
-0.85,-0.24,
-0.85,-0.24,
-0.85,-0.24,
-0.85,-0.24,
-0.85,-0.24,
-0.85,-0.24,
-1.05,-0.24,
-1.05,-0.24,
-1.05,-0.06,
-1.05,-0.06,
-1.05,-0.06,
-1.05,-0.06,
-1.05,-0.06,
-1.05,-0.06,
-1.05,-0.06,
-1.15,-0.06,
-1.15,0.29,
-1.15,0.29,
-1.15,0.29,
-1.15,0.29,
-1.15,0.29,
-1.15,0.29,
-1.15,0.29,
-1.18,0.29,
-1.18,0.29,
-1.18,0.47,
-1.18,0.47,
-1.18,0.47,
-1.18,0.47,
-1.18,0.47,
-1.18,0.47,
-1.18,0.47,
-1.18,0.47,
-1.18,0.47,
-1.2,0.47,
-1.2,0.47,
-1.2,0.47,
-1.2,0.47,
-1.2,0.65,
-1.2,0.65,
-1.2,0.65,
-1.2,0.65,
-1.04,0.65,
-1.04,0.75,
-1.04,0.75,
-1.04,0.75,
-1.04,0.75,
-1.04,0.75,
-1.04,0.75,
-1.04,0.75,
-0.83,0.75,
-0.83,0.75,
-0.83,0.85,
-0.83,0.85,
-0.83,0.85,
-0.72,0.85,
-0.72,0.85,
-0.72,1.04,
-0.72,1.04,
-0.72,1.04,
-0.72,1.04,
-0.72,1.04,
-0.72,1.04,
-0.72,1.04,
-0.72,1.04,
-0.72,1.04,
-0.9,1.04,
-0.9,1.04,
-0.9,1.14,
-0.9,1.14,
-0.9,1.14,
-0.9,1.14,
-0.9,1.14,
-0.9,1.14,
-0.9,1.14,
-0.99,1.14,
-0.99,1.27,
-0.99,1.27,
-0.99,1.27,
-0.99,1.27,
-1.0,1.33,
-1.0,1.33,
-1.0,1.33,
-1.0,1.33,
-1.0,1.33,
-1.0,1.33,
-1.0,1.21,
-1.0,1.21,
-1.0,1.21,
-1.0,1.21,
-1.0,1.21,
-1.0,1.21,
-1.0,1.21,
-1.0,1.21,
-1.0,1.15,
-1.0,1.15,
-1.0,1.15,
-1.0,1.15,
-1.0,1.15,
-1.0,1.15,
-1.0,1.15,
-1.0,1.15,
-1.0,1.15,
-1.0,1.15,
-1.05,1.15,
-1.05,0.97,
-1.05,0.97,
-1.05,0.97,
-1.05,0.97,
-1.05,0.97,
-1.08,0.97,
-1.08,0.98,
-1.08,0.98,
-1.08,0.98,
-1.08,0.98,
-1.08,0.98,
-1.08,0.98,
-1.08,0.98,
-1.08,0.98,
-1.08,0.98,
-1.04,0.98,
-1.04,0.99,
-1.04,0.99,
-1.04,0.99,
-1.04,0.99,
-1.04,0.99,
-1.04,0.99,
-1.04,0.99,
-1.04,0.99,
-1.04,0.99,
-1.02,0.99,
-1.02,0.99,
-1.02,1.14,
-1.02,1.14,
-1.02,1.14,
-1.02,1.14,
-1.02,1.14,
-1.02,1.14,
-1.02,1.14,
-0.95,1.14,
-0.95,1.21,
-0.95,1.21,
-0.95,1.21,
-0.95,1.21,
-0.95,1.21,
-0.95,1.21,
-0.95,1.21,
-0.95,1.21,
-0.95,1.21,
-0.82,1.21,
-0.82,1.21,
-0.82,1.4,
-0.82,1.4,
-0.82,1.4,
-0.82,1.4,
-0.82,1.4,
-0.82,1.4,
-0.82,1.4,
-0.82,1.4,
-0.76,1.4,
-0.76,1.28,
-0.76,1.28,
-0.76,1.28,
-0.76,1.28,
-0.76,1.28,
-0.76,1.28,
-0.76,1.28,
-0.76,1.28,
-0.76,1.28,
-0.6,1.23,
-0.6,1.23,
-0.6,1.23,
-0.6,1.23,
-0.6,1.23,
-0.6,1.23,
-0.6,1.23,
-0.6,1.23,
-0.6,1.23,
-0.52,1.23,
-0.52,1.12,
-0.52,1.12,
-0.52,1.12,
-0.52,1.12,
-0.52,1.12,
-0.52,1.12,
-0.52,1.12,
-0.55,1.06,
-0.55,1.06,
-0.55,1.06,
-0.55,1.06,
-0.55,1.06,
-0.55,1.06,
-0.55,1.06,
-0.55,1.06,
-0.55,1.06,
-0.55,1.06,
-0.55,1.06,
-0.55,1.06,
-0.55,1.06,
-0.55,1.06,
-0.55,1.06,
-0.57,1.06,
-0.57,1.06,
-0.57,0.92,
