0.33,-0.31,
0.33,-0.31,
0.33,-0.31,
0.33,-0.31,
0.29,-0.31,
0.29,-0.14,
0.29,-0.14,
0.29,-0.14,
0.29,-0.14,
0.29,-0.14,
0.29,-0.14,
0.29,-0.14,
0.29,-0.14,
0.29,-0.14,
0.27,-0.14,
0.27,-0.06,
0.27,-0.06,
0.27,-0.06,
0.27,-0.06,
0.27,-0.06,
0.27,-0.06,
0.27,-0.06,
0.27,-0.06,
0.27,-0.06,
0.36,0.06,
0.36,0.06,
0.36,0.06,
0.36,0.06,
0.36,0.06,
0.36,0.06,
0.36,0.06,
0.36,0.06,
0.4,0.11,
0.4,0.11,
0.4,0.11,
0.4,0.11,
0.4,0.11,
0.4,0.11,
0.4,0.11,
0.4,0.11,
0.4,0.11,
0.49,0.11,
0.49,0.22,
0.49,0.22,
0.49,0.22,
0.49,0.22,
0.49,0.22,
0.49,0.22,
0.49,0.22,
0.49,0.22,
0.49,0.22,
0.49,0.22,
0.49,0.22,
0.54,0.28,
0.54,0.28,
0.54,0.28,
0.54,0.28,
0.54,0.28,
0.54,0.28,
0.54,0.28,
0.38,0.28,
0.38,0.28,
0.38,0.08,
0.38,0.08,
0.38,0.08,
0.38,0.08,
0.38,0.08,
0.38,0.08,
0.38,0.08,
0.22,0.08,
0.22,0.08,
0.22,-0.26,
0.22,-0.26,
0.22,-0.26,
0.22,-0.26,
0.22,-0.26,
0.22,-0.26,
0.22,-0.26,
0.14,-0.26,
0.14,-0.44,
0.14,-0.44,
0.14,-0.44,
0.14,-0.44,
0.14,-0.44,
0.14,-0.44,
0.14,-0.44,
0.14,-0.44,
0.14,-0.44,
0.14,-0.44,
0.18,-0.44,
0.18,-0.4,
0.18,-0.4,
0.18,-0.4,
0.18,-0.4,
0.18,-0.4,
0.18,-0.4,
0.18,-0.4,
0.18,-0.4,
0.2,-0.38,
0.2,-0.38,
0.2,-0.38,
0.2,-0.38,
0.2,-0.38,
0.2,-0.38,
0.2,-0.38,
0.2,-0.38,
0.2,-0.38,
0.39,-0.09,
0.39,-0.09,
0.39,-0.09,
0.39,-0.09,
0.39,-0.09,
0.39,-0.09,
0.39,-0.09,
0.39,-0.09,
0.39,-0.09,
0.43,0.15,
0.43,0.15,
0.43,0.15,
0.43,0.15,
0.43,0.15,
0.43,0.15,
0.43,0.15,
0.43,0.15,
0.45,0.15,
0.45,0.27,
0.45,0.27,
0.45,0.27,
0.45,0.27,
0.45,0.27,
0.45,0.27,
0.45,0.27,
0.45,0.27,
0.45,0.27,
0.45,0.27,
0.45,0.27,
0.45,0.13,
0.45,0.13,
0.45,0.13,
0.45,0.13,
0.45,0.13,
0.44,0.13,
0.44,0.07,
0.44,0.07,
0.44,0.07,
0.44,0.07,
0.44,0.07,
0.44,0.07,
0.44,0.07,
0.44,0.07,
0.44,0.07,
0.44,0.07,
0.37,0.07,
0.37,-0.09,
0.37,-0.09,
0.37,-0.09,
0.37,-0.09,
0.37,-0.09,
0.37,-0.09,
0.37,-0.09,
0.37,-0.09,
0.34,-0.09,
0.34,-0.17,
0.34,-0.17,
0.34,-0.17,
0.34,-0.17,
0.34,-0.17,
0.34,-0.17,
0.34,-0.17,
0.16,-0.22,
0.16,-0.22,
0.16,-0.22,
0.16,-0.22,
0.16,-0.22,
0.16,-0.22,
0.16,-0.22,
0.16,-0.22,
0.16,-0.22,
0.16,-0.22,
0.2,-0.22,
0.2,-0.13,
0.2,-0.13,
0.2,-0.13,
0.2,-0.13,
0.2,-0.13,
0.2,-0.13,
0.2,-0.13,
0.23,-0.13,
0.23,-0.13,
0.23,-0.08,
0.23,-0.08,
0.23,-0.08,
0.23,-0.08,
0.23,-0.08,
0.23,-0.08,
0.23,-0.08,
0.23,-0.08,
0.23,-0.08,
0.39,-0.2,
0.39,-0.2,
0.39,-0.2,
0.39,-0.2,
0.39,-0.2,
0.39,-0.2,
0.39,-0.2,
0.39,-0.2,
0.47,-0.2,
0.47,-0.27,
0.47,-0.27,
0.47,-0.27,
0.47,-0.27,
0.47,-0.27,
0.47,-0.27,
0.47,-0.27,
0.47,-0.27,
0.47,-0.27,
0.47,-0.27,
0.32,-0.27,
0.32,-0.43,
0.32,-0.43,
0.32,-0.43,
0.32,-0.43,
0.32,-0.43,
0.32,-0.43,
0.32,-0.43,
0.12,-0.43,
0.12,-0.3,
0.12,-0.3,
0.12,-0.3,
0.12,-0.3,
0.12,-0.3,
0.12,-0.3,
0.12,-0.3,
0.12,-0.3,
0.12,-0.3,
0.02,-0.3,
0.02,-0.23,
0.02,-0.23,
0.02,-0.23,
0.02,-0.23,
0.02,-0.23,
0.02,-0.23,
0.02,-0.23,
0.02,-0.23,
0.02,-0.23,
-0.13,-0.23,
-0.13,-0.23,
-0.13,-0.13,
-0.13,-0.13,
-0.13,-0.13,
-0.13,-0.13,
-0.13,-0.13,
-0.13,-0.13,
-0.13,-0.13,
-0.13,-0.13,
-0.21,-0.13,
-0.21,-0.08,
-0.21,-0.08,
-0.21,-0.08,
-0.21,-0.08,
-0.21,-0.08,
-0.21,-0.08,
-0.27,-0.08,
-0.27,-0.08,
-0.27,-0.08,
-0.27,-0.11,
-0.27,-0.11,
-0.27,-0.11,
-0.27,-0.11,
-0.27,-0.11,
-0.27,-0.11,
-0.27,-0.11,
-0.27,-0.11,
-0.27,-0.11,
-0.3,-0.12,
-0.3,-0.12,
-0.3,-0.12,
-0.3,-0.12,
-0.3,-0.12,
-0.3,-0.12,
-0.3,-0.12,
-0.3,-0.12,
-0.08,-0.35,
-0.08,-0.35,
-0.08,-0.35,
-0.08,-0.35,
-0.08,-0.35,
-0.08,-0.35,
-0.08,-0.35,
-0.08,-0.35,
-0.08,-0.35,
-0.08,-0.35,
-0.08,-0.35,
-0.08,-0.35,
-0.08,-0.35,
-0.08,-0.35,
0.41,-0.35,
0.41,0.28,
0.41,0.28,
0.41,0.28,
0.66,0.6,
0.66,0.6,
0.66,0.6,
0.66,0.6,
0.66,0.6,
0.66,0.6,
0.66,0.6,
0.66,0.6,
0.66,0.6,
1.4,0.6,
1.4,1.78,
1.4,1.78,
1.4,1.78,
1.4,1.78,
1.4,1.78,
1.4,1.78,
1.4,1.78,
1.4,1.78,
1.4,1.78,
1.77,1.78,
1.77,2.37,
1.77,2.37,
1.77,2.37,
1.77,2.37,
1.77,2.37,
1.77,2.37,
1.77,2.37,
1.77,2.37,
1.77,2.37,
1.95,2.37,
1.95,2.46,
1.95,2.46,
1.95,2.46,
1.95,2.46,
1.95,2.46,
1.95,2.46,
1.95,2.46,
1.95,2.46,
1.95,2.46,
1.93,2.46,
1.93,2.36,
1.93,2.36,
1.93,2.36,
1.93,2.36,
1.93,2.36,
1.93,2.36,
1.93,2.36,
1.92,2.31,
1.92,2.31,
1.92,2.31,
1.92,2.31,
1.92,2.31,
1.92,2.31,
1.92,2.31,
1.92,2.31,
1.92,2.31,
2.58,3.49,
2.58,3.49,
2.58,3.49,
2.58,3.49,
2.58,3.49,
2.58,3.49,
2.58,3.49,
2.58,3.49,
2.58,3.49,
2.58,3.49,
2.91,4.08,
2.91,4.08,
2.91,4.08,
2.91,4.08,
2.91,4.08,
2.91,4.08,
2.91,4.08,
2.91,4.08,
2.91,4.08,
2.91,4.08,
4.41,5.84,
4.41,5.84,
4.41,5.84,
4.41,5.84,
4.41,5.84,
4.41,5.84,
5.15,5.84,
5.15,5.84,
5.15,5.84,
5.15,5.84,
5.15,6.71,
5.15,6.71,
5.15,6.71,
5.15,6.71,
5.15,6.71,
5.15,6.71,
5.15,6.71,
6.1,6.71,
6.1,6.8,
6.1,6.8,
6.1,6.8,
6.1,6.8,
6.1,6.8,
6.1,6.8,
6.1,6.8,
6.1,6.8,
6.1,6.8,
6.1,6.8,
5.36,6.8,
5.36,5.22,
5.36,5.22,
5.36,5.22,
5.36,5.22,
5.36,5.22,
5.36,5.22,
5.36,5.22,
5.36,5.22,
5.36,5.22,
5.36,5.22,
4.99,5.22,
4.99,4.43,
4.99,4.43,
4.99,4.43,
4.99,4.43,
4.99,4.43,
4.99,4.43,
3.52,4.43,
3.52,1.56,
3.52,1.56,
3.52,1.56,
3.52,1.56,
3.52,1.56,
3.52,1.56,
3.52,1.56,
3.52,1.56,
3.52,1.56,
3.52,1.56,
2.8,1.56,
2.8,0.15,
2.8,0.15,
2.8,0.15,
2.8,0.15,
2.8,0.15,
2.8,0.15,
1.59,0.15,
1.59,-2.66,
1.59,-2.66,
1.59,-2.66,
1.59,-2.66,
1.59,-2.66,
1.59,-2.66,
1.59,-2.66,
0.99,-2.66,
0.99,-4.1,
0.99,-4.1,
0.99,-4.1,
0.99,-4.1,
0.99,-4.1,
0.99,-4.1,
0.99,-4.1,
0.99,-4.1,
0.99,-4.1,
0.99,-4.1,
0.82,-4.1,
0.82,-4.81,
0.82,-4.81,
0.82,-4.81,
0.82,-4.81,
0.82,-4.81,
0.87,-4.81,
0.87,-4.3,
0.87,-4.3,
0.87,-4.3,
0.87,-4.3,
0.87,-4.3,
0.87,-4.3,
0.87,-4.3,
0.87,-4.3,
0.9,-4.3,
0.9,-4.04,
0.9,-4.04,
0.9,-4.04,
0.9,-4.04,
0.9,-4.04,
0.9,-4.04,
0.9,-4.04,
0.9,-4.04,
0.9,-4.04,
-0.01,-4.82,
-0.01,-4.82,
-0.01,-4.82,
-0.01,-4.82,
-0.01,-4.82,
-0.01,-4.82,
-0.01,-4.82,
-0.01,-4.82,
-0.01,-4.82,
-0.47,-4.82,
-0.47,-5.22,
-0.47,-5.22,
-0.47,-5.22,
-0.47,-5.22,
-0.47,-5.22,
-0.47,-5.22,
-0.47,-5.22,
-0.47,-5.22,
-0.47,-5.22,
-0.69,-5.84,
-0.69,-5.84,
-0.69,-5.84,
-0.69,-5.84,
-0.69,-5.84,
-0.69,-5.84,
-0.69,-5.84,
-0.69,-5.84,
-0.69,-5.84,
-0.47,-5.84,
-0.47,-5.45,
-0.47,-5.45,
-0.47,-5.45,
-0.47,-5.45,
-0.47,-5.45,
-0.47,-5.45,
-0.47,-5.45,
-0.36,-5.45,
-0.36,-5.25,
-0.36,-5.25,
-0.36,-5.25,
-0.36,-5.25,
-0.36,-5.25,
-0.36,-5.25,
-0.36,-5.25,
-0.2,-5.25,
-0.2,-4.24,
-0.2,-4.24,
-0.2,-4.24,
-0.2,-4.24,
-0.2,-4.24,
-0.2,-4.24,
-0.2,-4.24,
-0.2,-4.24,
-0.2,-4.24,
-0.11,-3.73,
-0.11,-3.73,
-0.11,-3.73,
-0.11,-3.73,
-0.11,-3.73,
-0.11,-3.73,
-0.11,-3.73,
-0.11,-3.73,
0.27,-3.73,
0.27,-3.73,
0.27,-3.73,
0.27,-3.73,
0.27,-3.45,
0.27,-3.45,
0.27,-3.45,
0.27,-3.45,
0.27,-3.45,
0.27,-3.45,
0.27,-3.45,
0.27,-3.45,
0.27,-3.45,
0.27,-3.45,
0.27,-3.45,
0.27,-3.45,
0.27,-3.45,
0.27,-3.45,
0.27,-3.45,
0.46,-4.0,
0.46,-4.0,
0.46,-4.0,
0.46,-4.0,
0.46,-4.0,
0.46,-4.0,
0.46,-4.0,
0.2,-4.0,
0.2,-4.28,
0.2,-4.28,
0.2,-4.28,
0.2,-4.28,
0.2,-4.28,
0.2,-4.28,
0.2,-4.28,
0.2,-4.28,
-0.28,-4.28,
-0.28,-4.65,
-0.28,-4.65,
-0.28,-4.65,
-0.28,-4.65,
-0.28,-4.65,
-0.28,-4.65,
-0.52,-4.65,
-0.52,-4.83,
-0.52,-4.83,
-0.52,-4.83,
-0.52,-4.83,
-0.52,-4.83,
-0.52,-4.83,
-0.52,-4.83,
-0.52,-4.83,
-0.38,-4.75,
-0.38,-4.75,
-0.38,-4.75,
-0.38,-4.75,
-0.38,-4.75,
-0.38,-4.75,
-0.38,-4.75,
-0.32,-4.71,
-0.32,-4.71,
-0.32,-4.71,
-0.32,-4.71,
-0.32,-4.71,
-0.32,-4.71,
-0.32,-4.71,
-0.32,-4.71,
-0.32,-4.71,
0.11,-3.29,
0.11,-3.29,
0.11,-3.29,
0.11,-3.29,
0.11,-3.29,
0.11,-3.29,
0.11,-3.29,
0.11,-3.29,
0.19,-3.29,
0.19,-3.29,
0.19,-4.4,
0.19,-4.4,
0.19,-4.4,
0.19,-4.4,
0.19,-4.4,
0.19,-4.4,
0.19,-4.4,
0.19,-4.4,
0.19,-4.4,
0.23,-4.4,
0.23,-4.96,
0.23,-4.96,
0.23,-4.96,
0.23,-4.96,
0.23,-4.96,
0.23,-4.96,
0.23,-4.96,
0.23,-4.96,
-0.34,-4.96,
-0.34,-5.03,
-0.34,-5.03,
-0.34,-5.03,
-0.34,-5.03,
-0.34,-5.03,
-0.34,-5.03,
-0.34,-5.03,
-0.34,-5.03,
-0.63,-5.06,
-0.63,-5.06,
-0.63,-5.06,
-0.63,-5.06,
-0.63,-5.06,
-0.63,-5.06,
-0.63,-5.06,
-0.63,-5.06,
-0.63,-5.06,
-1.37,-5.06,
-1.37,-4.41,
-1.37,-4.41,
-1.37,-4.41,
-1.37,-4.41,
-1.37,-4.41,
-1.37,-4.41,
-1.37,-4.41,
-1.37,-4.41,
-1.37,-4.41,
-1.37,-4.41,
-1.37,-4.41,
-1.74,-4.41,
-1.74,-4.19,
-1.74,-4.19,
-1.74,-4.19,
-1.74,-4.19,
-1.74,-4.19,
-1.74,-4.19,
-1.74,-4.19,
-1.74,-4.19,
-1.74,-4.19,
-1.54,-4.19,
-1.54,-4.07,
-1.54,-4.07,
-1.54,-4.07,
-1.54,-4.07,
-1.54,-4.07,
-1.54,-4.07,
1.37,-4.07,
1.37,-4.07,
1.37,-2.07,
1.37,-2.07,
1.37,-2.07,
1.37,-2.07,
1.37,-2.07,
1.37,-2.07,
1.37,-2.07,
2.84,-2.07,
2.84,-1.05,
2.84,-1.05,
2.84,-1.05,
2.84,-1.05,
2.84,-1.05,
2.84,-1.05,
6.03,-1.05,
6.03,-1.05,
6.03,-1.05,
6.03,1.97,
6.03,1.97,
6.03,1.97,
6.03,1.97,
6.03,1.97,
6.03,1.97,
6.03,1.97,
6.03,1.97,
6.03,1.97,
7.63,1.97,
7.63,1.97,
7.63,1.97,
7.63,3.49,
7.63,3.49,
7.63,3.49,
7.63,3.49,
7.63,3.49,
7.63,3.49,
7.63,3.49,
8.46,3.49,
8.46,3.97,
8.46,3.97,
8.46,3.97,
8.46,3.97,
8.46,3.97,
8.46,3.97,
8.46,3.97,
5.81,1.22,
5.81,1.22,
5.81,1.22,
5.81,1.22,
5.81,1.22,
5.81,1.22,
5.81,1.22,
5.81,1.22,
5.81,1.22,
5.81,1.22,
5.81,1.22,
4.51,1.22,
4.51,-0.11,
4.51,-0.11,
4.51,-0.11,
4.51,-0.11,
4.51,-0.11,
4.51,-0.11,
4.51,-0.11,
4.51,-0.11,
1.5,-0.11,
1.5,-1.76,
1.5,-1.76,
1.5,-1.76,
1.5,-1.76,
1.5,-1.76,
1.5,-1.76,
1.5,-1.76,
1.5,-1.76,
-0.01,-2.58,
-0.01,-2.58,
-0.01,-2.58,
-0.01,-2.58,
-0.01,-2.58,
-0.01,-2.58,
-0.01,-2.58,
-0.01,-2.58,
-0.01,-2.58,
-0.01,-2.58,
-0.72,-2.58,
-0.72,-1.08,
-0.72,-1.08,
-0.72,-1.08,
-0.72,-1.08,
-0.72,-1.08,
-0.72,-1.08,
-0.72,-1.08,
-0.72,-1.08,
-0.72,-1.08,
-1.09,-1.08,
-1.09,-1.08,
-1.09,-0.58,
-1.09,-0.58,
-1.09,-0.58,
-1.09,-0.58,
-1.09,-0.58,
-0.7,-0.58,
-0.7,-0.33,
-0.7,-0.33,
-0.7,-0.33,
-0.7,-0.33,
-0.7,-0.33,
-0.7,-0.33,
-0.42,-0.33,
-0.42,-0.33,
-0.42,-2.08,
-0.42,-2.08,
-0.42,-2.08,
-0.42,-2.08,
-0.42,-2.08,
-0.42,-2.08,
-0.42,-2.08,
-0.42,-2.08,
-0.42,-2.08,
-0.28,-2.08,
-0.28,-2.95,
-0.28,-2.95,
-0.28,-2.95,
-0.28,-2.95,
-0.28,-2.95,
-0.28,-2.95,
-0.28,-2.95,
-0.28,-2.95,
-0.29,-3.66,
-0.29,-3.66,
-0.29,-3.66,
-0.29,-3.66,
-0.29,-3.66,
-0.29,-3.66,
-0.29,-3.66,
-0.29,-3.66,
-0.29,-3.66,
-0.3,-3.66,
-0.3,-4.01,
-0.3,-4.01,
-0.3,-4.01,
-0.3,-4.01,
-0.3,-4.01,
-0.3,-4.01,
-0.3,-4.01,
-0.3,-4.01,
-0.3,-4.01,
-0.69,-4.01,
-0.69,-3.92,
-0.69,-3.92,
-0.69,-3.92,
-0.69,-3.92,
-0.69,-3.92,
-0.69,-3.92,
-0.69,-3.92,
-0.69,-3.92,
-0.56,-4.82,
-0.56,-4.82,
-0.56,-4.82,
-0.56,-4.82,
-0.56,-4.82,
-0.56,-4.82,
-0.56,-4.82,
-0.56,-4.82,
-0.56,-4.82,
-0.56,-4.82,
-0.56,-4.82,
-0.49,-4.82,
-0.49,-5.28,
-0.49,-5.28,
-0.49,-5.28,
-0.49,-5.28,
-0.49,-5.28,
-0.49,-5.28,
-0.49,-5.28,
-0.49,-5.28,
0.33,-5.35,
0.33,-5.35,
0.33,-5.35,
0.33,-5.35,
0.33,-5.35,
0.33,-5.35,
0.33,-5.35,
0.74,-5.35,
0.74,-5.39,
0.74,-5.39,
0.74,-5.39,
0.74,-5.39,
0.74,-5.39,
0.74,-5.39,
0.74,-5.39,
0.74,-5.39,
0.74,-5.39,
0.74,-5.39,
0.74,-5.39,
0.83,-5.39,
0.83,-5.39,
0.83,-4.32,
0.83,-4.32,
0.83,-4.32,
0.83,-4.32,
0.83,-4.32,
0.87,-4.32,
0.87,-2.33,
0.87,-2.33,
0.87,-2.33,
0.87,-2.33,
0.87,-2.33,
0.87,-2.33,
0.87,-2.33,
0.87,-2.33,
0.87,-2.33,
0.87,-2.33,
0.9,-2.33,
0.9,-1.33,
0.9,-1.33,
0.9,-1.33,
0.9,-1.33,
0.9,-1.33,
0.9,-1.33,
0.9,-1.33,
0.9,-1.33,
0.9,-1.33,
1.23,-1.33,
1.23,-0.47,
1.23,-0.47,
1.23,-0.47,
1.23,-0.47,
1.23,-0.47,
1.23,-0.47,
1.4,-0.47,
1.4,-0.47,
1.4,-0.47,
1.4,-0.47,
1.4,-0.04,
1.4,-0.04,
1.4,-0.04,
1.4,-0.04,
1.4,-0.04,
1.4,-0.04,
1.4,-0.04,
1.4,-0.04,
1.4,-0.04,
1.71,-0.04,
1.71,-0.85,
1.71,-0.85,
1.71,-0.85,
1.71,-0.85,
1.71,-0.85,
1.71,-0.85,
1.71,-0.85,
1.87,-0.85,
1.87,-1.26,
1.87,-1.26,
1.87,-1.26,
1.87,-1.26,
1.87,-1.26,
1.87,-1.26,
1.87,-1.26,
1.87,-1.26,
1.87,-1.26,
1.74,-2.2,
1.74,-2.2,
1.74,-2.2,
1.74,-2.2,
1.74,-2.2,
1.74,-2.2,
1.74,-2.2,
1.74,-2.2,
1.74,-2.2,
0.99,-2.2,
0.99,-2.2,
0.99,-3.22,
0.99,-3.22,
0.99,-3.22,
0.99,-3.22,
0.99,-3.22,
0.99,-3.22,
0.99,-3.22,
0.99,-3.22,
0.62,-3.72,
0.62,-3.72,
0.62,-3.72,
0.62,-3.72,
0.62,-3.72,
0.62,-3.72,
0.62,-3.72,
0.62,-3.72,
0.62,-3.72,
-0.32,-3.72,
-0.32,-4.94,
-0.32,-4.94,
-0.32,-4.94,
-0.32,-4.94,
-0.32,-4.94,
-0.32,-4.94,
-0.32,-4.94,
-0.32,-4.94,
-0.78,-4.94,
-0.78,-5.55,
-0.78,-5.55,
-0.78,-5.55,
-0.78,-5.55,
-0.78,-5.55,
-0.78,-5.55,
-0.78,-5.55,
-0.78,-5.55,
-0.78,-5.55,
-1.9,-5.99,
-1.9,-5.99,
-1.9,-5.99,
-1.9,-5.99,
-1.9,-5.99,
-1.9,-5.99,
-1.9,-5.99,
-1.9,-5.99,
-1.9,-5.99,
-1.9,-5.99,
-1.9,-5.99,
-2.46,-5.99,
-2.46,-4.46,
-2.46,-4.46,
-2.46,-4.46,
-2.46,-4.46,
-2.46,-4.46,
-2.46,-4.46,
-2.46,-4.46,
-2.32,-4.46,
-2.32,-3.7,
-2.32,-3.7,
-2.32,-3.7,
-2.32,-3.7,
-2.32,-3.7,
-2.32,-3.7,
-2.32,-3.7,
-2.32,-3.7,
-2.32,-3.7,
-0.95,-2.42,
-0.95,-2.42,
-0.95,-2.42,
-0.95,-2.42,
-0.95,-2.42,
-0.95,-2.42,
-0.27,-2.42,
-0.27,-2.42,
-0.27,-2.42,
-0.27,-2.42,
-0.27,-1.78,
-0.27,-1.78,
-0.27,-1.78,
-0.27,-1.78,
-0.27,-1.78,
-0.27,-1.78,
-0.27,-1.78,
-0.27,-1.78,
-0.27,-1.78,
-0.57,-1.78,
-0.57,-3.58,
-0.57,-3.58,
-0.57,-3.58,
-0.57,-3.58,
-0.57,-3.58,
-0.57,-3.58,
-0.57,-3.58,
-0.72,-4.46,
-0.72,-4.46,
-0.72,-4.46,
-0.72,-4.46,
-0.72,-4.46,
-0.72,-4.46,
-0.72,-4.46,
-0.72,-4.46,
-0.72,-4.46,
-0.72,-4.46,
-0.72,-4.46,
-0.72,-4.46,
-2.47,-4.46,
-2.47,-6.96,
-2.47,-6.96,
-2.47,-6.96,
-2.47,-6.96,
-2.47,-6.96,
-2.47,-6.96,
-2.47,-6.96,
-3.04,-6.96,
-3.04,-7.0,
-3.04,-7.0,
-3.04,-7.0,
-3.04,-7.0,
-3.04,-7.0,
-3.04,-7.0,
-3.04,-7.0,
-3.04,-7.0,
-3.04,-7.0,
-3.33,-7.0,
-3.33,-7.03,
-3.33,-7.03,
-3.33,-7.03,
-3.33,-7.03,
-3.33,-7.03,
-3.33,-7.03,
-3.33,-7.03,
-2.89,-7.03,
-2.89,-7.53,
-2.89,-7.53,
-2.89,-7.53,
-2.89,-7.53,
-2.89,-7.53,
-2.89,-7.53,
-2.89,-7.53,
-2.89,-7.53,
-2.89,-7.53,
-2.89,-7.53,
-2.67,-7.53,
-2.67,-7.78,
-2.67,-7.78,
-2.67,-7.78,
-2.67,-7.78,
-2.67,-7.78,
-2.67,-7.78,
-2.67,-7.78,
-2.67,-7.78,
-2.67,-7.78,
-2.67,-7.78,
-3.03,-7.78,
-3.03,-8.9,
-3.03,-8.9,
-3.03,-8.9,
-3.03,-8.9,
-3.03,-8.9,
-3.21,-8.9,
-3.21,-8.9,
-3.21,-8.9,
-3.21,-8.9,
-3.21,-8.9,
-3.21,-8.9,
-3.21,-8.9,
-3.21,-8.9,
-3.21,-8.9,
-3.21,-8.9,
-3.21,-8.9,
-3.48,-8.9,
-3.48,-8.9,
-3.48,-8.9,
-3.48,-8.9,
-3.48,-8.9,
-3.48,-8.9,
-3.48,-8.9,
-3.48,-8.9,
-3.01,-8.9,
-3.01,-8.9,
-3.01,-6.2,
-3.01,-6.2,
-3.01,-6.2,
-3.01,-6.2,
-3.01,-6.2,
-3.01,-6.2,
-3.01,-6.2,
-3.01,-6.2,
-3.01,-6.2,
-3.01,-6.2,
-3.01,-6.2,
-2.77,-6.2,
-2.77,-4.83,
-2.77,-4.83,
-2.77,-4.83,
-2.77,-4.83,
-2.77,-4.83,
-2.77,-4.83,
-1.02,-3.2,
-1.02,-3.2,
-1.02,-3.2,
-1.02,-3.2,
-1.02,-3.2,
-1.02,-3.2,
-1.02,-3.2,
-1.02,-3.2,
-1.02,-3.2,
-1.02,-3.2,
-0.13,-3.2,
-0.13,-3.2,
-0.13,-2.37,
-0.13,-2.37,
-0.13,-2.37,
-0.13,-2.37,
-0.13,-2.37,
-0.13,-2.37,
-0.13,-2.37,
-0.13,-2.37,
1.39,-2.37,
1.39,-1.1,
1.39,-1.1,
1.39,-1.1,
1.39,-1.1,
1.39,-1.1,
1.39,-1.1,
1.39,-1.1,
1.84,-1.1,
1.84,-1.32,
1.84,-1.32,
1.84,-1.32,
1.84,-1.32,
1.84,-1.32,
1.84,-1.32,
1.84,-1.32,
1.84,-1.32,
1.84,-1.32,
2.06,-1.32,
2.06,-1.32,
2.06,-1.42,
2.06,-1.42,
2.06,-1.42,
2.06,-1.42,
2.06,-1.42,
0.75,-1.42,
0.75,-4.34,
0.75,-4.34,
0.75,-4.34,
0.75,-4.34,
0.75,-4.34,
0.75,-4.34,
0.75,-4.34,
0.75,-4.34,
0.1,-4.34,
0.1,-5.79,
0.1,-5.79,
0.1,-5.79,
0.1,-5.79,
0.1,-5.79,
0.1,-5.79,
0.1,-5.79,
0.1,-5.79,
0.1,-5.79,
0.1,-5.79,
-0.32,-5.79,
-0.32,-6.29,
-0.32,-6.29,
-0.32,-6.29,
-0.32,-6.29,
-0.32,-6.29,
-0.32,-6.29,
-0.32,-6.29,
-0.32,-6.29,
-0.32,-6.29,
-0.53,-6.29,
-0.53,-3.48,
-0.53,-3.48,
-0.53,-3.48,
-0.53,-3.48,
-0.53,-3.48,
-0.53,-3.48,
-0.53,-3.48,
-0.53,-3.48,
-0.53,-3.48,
-0.53,-3.48,
-0.53,-3.48,
-0.53,-3.48,
-0.53,-3.48,
-0.53,-3.48,
-0.53,-3.48,
1.56,-3.48,
1.56,-2.14,
1.56,-2.14,
1.56,-2.14,
1.56,-2.14,
1.56,-2.14,
1.56,-2.14,
1.56,-2.14,
1.56,-2.14,
2.6,-2.14,
2.6,-3.0,
2.6,-3.0,
2.6,-3.0,
2.6,-3.0,
2.6,-3.0,
2.6,-3.0,
3.12,-3.0,
3.12,-3.45,
3.12,-3.45,
3.12,-3.45,
3.12,-3.45,
3.12,-3.45,
3.12,-3.45,
0.36,-3.45,
0.36,-4.9,
0.36,-4.9,
0.36,-4.9,
0.36,-4.9,
0.36,-4.9,
0.36,-4.9,
-1.05,-5.62,
-1.05,-5.62,
-1.05,-5.62,
-1.05,-5.62,
-1.05,-5.62,
-1.05,-5.62,
-1.05,-5.62,
-1.05,-5.62,
-5.77,-5.62,
-5.77,-5.62,
-5.77,-10.99,
-5.77,-10.99,
-5.77,-10.99,
-5.77,-10.99,
-5.77,-10.99,
-5.77,-10.99,
-5.77,-10.99,
-5.77,-10.99,
-5.77,-10.99,
-9.7,-16.05,
-9.7,-16.05,
-9.7,-16.05,
-9.7,-16.05,
-9.7,-16.05,
-9.7,-16.05,
-9.7,-16.05,
-9.7,-16.05,
-9.7,-16.05,
-11.66,-16.05,
-11.66,-18.53,
-11.66,-18.53,
-11.66,-18.53,
-11.66,-18.53,
-11.66,-18.53,
-11.66,-18.53,
-11.66,-18.53,
-10.8,-18.53,
-10.8,-18.1,
-10.8,-18.1,
-10.8,-18.1,
-10.8,-18.1,
-10.8,-18.1,
-10.8,-18.1,
-10.8,-18.1,
-10.8,-18.1,
-10.8,-18.1,
-10.8,-18.1,
-10.8,-18.1,
-10.35,-18.1,
-10.35,-17.88,
-10.35,-17.88,
-10.35,-17.88,
-10.35,-17.88,
-10.35,-17.88,
-10.35,-17.88,
-10.35,-17.88,
-10.35,-17.88,
-7.56,-17.88,
-7.56,-15.64,
-7.56,-15.64,
-7.56,-15.64,
-7.56,-15.64,
-7.56,-15.64,
-7.56,-15.64,
-7.56,-15.64,
-7.56,-15.64,
-6.11,-15.64,
-6.11,-13.69,
-6.11,-13.69,
-6.11,-13.69,
-6.11,-13.69,
-6.11,-13.69,
-6.11,-13.69,
-6.11,-13.69,
-6.11,-13.69,
-6.11,-13.69,
-3.99,-13.69,
-3.99,-12.67,
-3.99,-12.67,
-3.99,-12.67,
-3.99,-12.67,
-3.99,-12.67,
-2.93,-13.74,
-2.93,-13.74,
-2.93,-13.74,
-2.93,-13.74,
-2.93,-13.74,
-2.93,-13.74,
-2.93,-13.74,
-2.93,-13.74,
-2.4,-13.74,
-2.4,-13.74,
-2.4,-13.74,
-2.4,-14.27,
-2.4,-14.27,
-2.4,-14.27,
-2.4,-14.27,
-2.4,-14.27,
-2.4,-14.27,
-2.4,-14.27,
-4.0,-14.27,
-4.0,-16.23,
-4.0,-16.23,
-4.0,-16.23,
-4.0,-16.23,
-4.0,-16.23,
-4.0,-16.23,
-4.0,-16.23,
-4.0,-16.23,
-4.0,-16.23,
-4.8,-16.23,
-4.8,-17.21,
-4.8,-17.21,
-4.8,-17.21,
-4.8,-17.21,
-4.8,-17.21,
-4.8,-17.21,
-7.74,-17.21,
-7.74,-17.21,
-7.74,-17.12,
-7.74,-17.12,
-7.74,-17.12,
-7.74,-17.12,
-9.95,-17.12,
-9.95,-18.47,
-9.95,-18.47,
-9.95,-18.47,
-9.95,-18.47,
-9.95,-18.47,
-9.95,-18.47,
-11.06,-19.15,
-11.06,-19.15,
-11.06,-19.15,
-11.06,-19.15,
-11.06,-19.15,
-11.06,-19.15,
-11.06,-19.15,
-11.06,-19.15,
-11.06,-19.15,
-10.85,-19.15,
-10.85,-19.15,
-10.85,-21.04,
-10.85,-21.04,
-10.85,-21.04,
-10.85,-21.04,
-10.85,-21.04,
-10.85,-21.04,
-10.85,-21.04,
-10.85,-21.04,
-10.85,-21.04,
-10.74,-21.04,
-10.74,-21.97,
-10.74,-21.97,
-10.74,-21.97,
-10.74,-21.97,
-8.62,-21.97,
-8.62,-21.97,
-8.62,-21.97,
-8.62,-21.97,
-8.62,-20.93,
-8.62,-20.93,
-8.62,-20.93,
-8.62,-20.93,
-8.62,-20.93,
-8.62,-20.93,
-8.62,-20.93,
-7.55,-20.93,
-7.55,-18.19,
-7.55,-18.19,
-7.55,-18.19,
-7.55,-18.19,
-7.55,-18.19,
-7.55,-18.19,
-7.55,-18.19,
-4.46,-18.19,
-4.46,-18.19,
-4.46,-16.81,
-4.46,-16.81,
-4.46,-16.81,
-4.46,-16.81,
-4.46,-16.81,
-4.46,-16.81,
-4.46,-16.81,
-4.46,-16.81,
-4.46,-16.81,
-4.46,-16.81,
-2.52,-13.4,
-2.52,-13.4,
-2.52,-13.4,
-2.52,-13.4,
-2.52,-13.4,
-2.52,-13.4,
-2.52,-13.4,
-2.52,-13.4,
-2.52,-13.4,
-1.5,-13.4,
-1.5,-13.4,
-1.5,-11.63,
-1.5,-11.63,
-1.5,-11.63,
-1.5,-11.63,
-1.5,-11.63,
-1.5,-11.63,
-1.22,-12.18,
-1.22,-12.18,
-1.22,-12.18,
-1.22,-12.18,
-1.22,-12.18,
-1.22,-12.18,
-1.22,-12.18,
-1.22,-12.18,
-1.22,-12.18,
-1.22,-12.18,
-1.22,-12.18,
-1.09,-12.18,
-1.09,-12.45,
-1.09,-12.45,
-1.09,-12.45,
-1.09,-12.45,
-1.09,-12.45,
-1.09,-12.45,
-1.09,-12.45,
-1.09,-12.45,
-1.09,-12.45,
-0.57,-12.45,
-0.57,-14.46,
-0.57,-14.46,
-0.57,-14.46,
-0.57,-14.46,
-0.57,-14.46,
-0.57,-14.46,
-0.57,-14.46,
1.3,-14.46,
1.3,-16.91,
1.3,-16.91,
1.3,-16.91,
1.3,-16.91,
1.3,-16.91,
2.21,-16.91,
2.21,-16.91,
2.21,-16.91,
2.21,-16.91,
2.21,-18.02,
2.21,-18.02,
2.21,-18.02,
2.21,-18.02,
2.21,-18.02,
2.21,-18.02,
2.21,-18.02,
3.94,-18.02,
3.94,-13.96,
3.94,-13.96,
3.94,-13.96,
3.94,-13.96,
3.94,-13.96,
3.94,-13.96,
3.94,-13.96,
3.94,-13.96,
3.94,-13.96,
4.8,-13.96,
4.8,-11.91,
4.8,-11.91,
4.8,-11.91,
4.8,-11.91,
4.8,-11.91,
4.8,-11.91,
4.8,-11.91,
4.8,-11.91,
4.8,-11.91,
4.8,-11.91,
4.8,-11.91,
5.79,-11.91,
5.79,-6.13,
5.79,-6.13,
5.79,-6.13,
5.79,-6.13,
5.79,-6.13,
6.26,-6.13,
6.26,-6.94,
6.26,-6.94,
6.26,-6.94,
6.26,-6.94,
6.26,-6.94,
6.26,-6.94,
6.26,-6.94,
6.26,-6.94,
6.2,-6.94,
6.2,-6.94,
6.2,-6.94,
6.2,-7.35,
6.2,-7.35,
6.2,-7.35,
6.2,-7.35,
6.2,-7.35,
6.2,-7.35,
6.2,-7.35,
5.35,-7.35,
5.35,-12.74,
5.35,-12.74,
5.35,-12.74,
5.35,-12.74,
5.35,-12.74,
5.35,-12.74,
5.35,-12.74,
4.93,-12.74,
4.93,-12.74,
4.93,-15.35,
4.93,-15.35,
4.93,-15.35,
4.93,-15.35,
4.93,-15.35,
4.93,-15.35,
4.93,-15.35,
3.05,-18.15,
3.05,-18.15,
3.05,-18.15,
3.05,-18.15,
3.05,-18.15,
3.05,-18.15,
3.05,-18.15,
3.05,-18.15,
2.13,-18.15,
2.13,-18.15,
2.13,-19.53,
2.13,-19.53,
2.13,-19.53,
2.13,-19.53,
2.13,-19.53,
2.13,-19.53,
2.13,-19.53,
2.13,-19.53,
-0.26,-25.52,
-0.26,-25.52,
-0.26,-25.52,
-0.26,-25.52,
-0.26,-25.52,
-0.26,-25.52,
-0.26,-25.52,
-0.26,-25.52,
-0.26,-25.52,
-2.22,-25.52,
-2.22,-32.5,
-2.22,-32.5,
-2.22,-32.5,
-2.22,-32.5,
-2.22,-32.5,
-2.22,-32.5,
-2.22,-32.5,
-3.18,-32.5,
-3.18,-35.94,
-3.18,-35.94,
-3.18,-35.94,
-3.18,-35.94,
-3.18,-35.94,
-3.18,-35.94,
-3.18,-35.94,
-3.18,-35.94,
-3.18,-35.94,
-3.18,-35.94,
-5.18,-35.94,
-5.18,-42.35,
-5.18,-42.35,
-5.18,-42.35,
-5.18,-42.35,
-5.18,-42.35,
-5.18,-42.35,
-6.15,-42.35,
-6.15,-45.51,
-6.15,-45.51,
-6.15,-45.51,
-6.15,-45.51,
-6.15,-45.51,
-6.15,-45.51,
-6.15,-45.51,
-6.15,-45.51,
-6.15,-45.51,
-6.15,-45.51,
-6.15,-45.51,
-8.13,-41.04,
-8.13,-41.04,
-8.13,-41.04,
-8.13,-41.04,
-8.13,-41.04,
-8.13,-41.04,
-9.11,-41.04,
-9.11,-41.04,
-9.11,-37.9,
-9.11,-37.9,
-9.11,-37.9,
-9.11,-37.9,
-9.11,-37.9,
-9.11,-37.9,
-9.11,-37.9,
-9.11,-37.9,
-8.6,-35.96,
-8.6,-35.96,
-8.6,-35.96,
-8.6,-35.96,
-8.6,-35.96,
-8.6,-35.96,
-8.6,-35.96,
-8.6,-35.96,
-4.91,-35.96,
-4.91,-35.96,
-4.91,-35.88,
-4.91,-35.88,
-4.91,-35.88,
-4.91,-35.88,
-4.91,-35.88,
-4.91,-35.88,
-4.91,-35.88,
-2.91,-35.88,
-2.91,-35.88,
-2.91,-35.83,
-2.91,-35.83,
-2.91,-35.83,
-2.91,-35.83,
-2.91,-35.83,
-2.91,-35.83,
-2.91,-35.83,
-2.91,-35.83,
0.16,-35.83,
0.16,-35.83,
0.16,-37.66,
0.16,-37.66,
0.16,-37.66,
0.16,-37.66,
0.16,-37.66,
1.76,-37.66,
1.76,-37.66,
1.76,-38.98,
1.76,-38.98,
1.76,-38.98,
1.76,-38.98,
1.76,-38.98,
1.76,-38.98,
1.76,-38.98,
1.76,-38.98,
1.76,-38.98,
2.57,-38.98,
2.57,-39.58,
2.57,-39.58,
2.57,-39.58,
2.57,-39.58,
2.57,-39.58,
2.57,-39.58,
2.57,-39.58,
2.57,-39.58,
2.41,-39.58,
2.41,-39.58,
2.41,-36.85,
2.41,-36.85,
2.41,-36.85,
2.41,-36.85,
2.41,-36.85,
2.41,-36.85,
2.41,-36.85,
2.41,-36.85,
2.34,-36.85,
2.34,-36.85,
2.34,-35.54,
2.34,-35.54,
2.34,-35.54,
2.34,-35.54,
2.34,-35.54,
2.34,-35.54,
2.34,-35.54,
1.48,-35.54,
1.48,-31.54,
1.48,-31.54,
1.48,-31.54,
1.48,-31.54,
1.48,-31.54,
1.48,-31.54,
1.48,-31.54,
1.08,-31.54,
1.08,-31.54,
1.08,-29.46,
1.08,-29.46,
1.08,-29.46,
1.08,-29.46,
1.08,-29.46,
1.08,-29.46,
0.78,-29.46,
0.78,-29.46,
0.78,-29.46,
0.78,-29.46,
0.78,-28.08,
0.78,-28.08,
0.78,-28.08,
0.78,-28.08,
0.78,-28.08,
0.78,-28.08,
0.78,-28.08,
0.78,-28.08,
0.78,-28.08,
0.63,-28.08,
0.63,-27.07,
0.63,-27.07,
0.63,-27.07,
0.63,-27.07,
0.63,-27.07,
0.63,-27.07,
0.63,-27.07,
0.63,-27.07,
2.5,-27.07,
2.5,-26.6,
2.5,-26.6,
2.5,-26.6,
2.5,-26.6,
2.5,-26.6,
2.5,-26.6,
2.5,-26.6,
2.5,-26.6,
5.62,-26.6,
5.62,-23.91,
5.62,-23.91,
5.62,-23.91,
5.62,-23.91,
5.62,-23.91,
5.62,-23.91,
5.62,-23.91,
5.62,-23.91,
5.62,-23.91,
5.62,-23.91,
7.21,-23.91,
7.21,-22.64,
7.21,-22.64,
7.21,-22.64,
7.21,-22.64,
7.21,-22.64,
7.21,-22.64,
7.21,-22.64,
7.21,-22.64,
8.5,-22.64,
8.5,-22.69,
8.5,-22.69,
8.5,-22.69,
8.5,-22.69,
8.5,-22.69,
8.5,-22.69,
9.14,-22.69,
9.14,-22.69,
9.14,-22.69,
9.14,-22.69,
9.14,-22.69,
9.14,-22.69,
9.14,-22.58,
9.14,-22.58,
9.14,-22.58,
9.23,-22.58,
9.23,-22.58,
9.23,-22.58,
9.23,-22.53,
9.23,-22.53,
9.23,-22.53,
9.23,-22.53,
9.23,-22.53,
9.51,-22.53,
9.51,-22.53,
9.51,-19.58,
9.51,-19.58,
9.51,-19.58,
9.51,-19.58,
9.51,-19.58,
9.51,-19.58,
9.51,-19.58,
9.65,-19.58,
9.65,-18.04,
9.65,-18.04,
9.65,-18.04,
9.65,-18.04,
9.65,-18.04,
9.65,-18.04,
9.65,-18.04,
9.65,-18.04,
9.65,-18.04,
9.65,-18.04,
9.65,-18.04,
9.91,-18.04,
9.91,-18.04,
9.91,-18.04,
9.91,-18.04,
9.91,-17.87,
9.91,-17.87,
9.91,-17.87,
9.91,-17.87,
9.91,-17.87,
9.91,-17.87,
9.91,-17.87,
9.91,-17.87,
10.05,-17.87,
10.05,-17.87,
10.05,-17.79,
10.05,-17.79,
10.05,-17.79,
10.05,-17.79,
10.05,-17.79,
10.05,-17.79,
10.34,-17.79,
10.34,-17.79,
10.34,-18.21,
10.34,-18.21,
10.34,-18.21,
10.34,-18.21,
10.34,-18.21,
10.34,-18.21,
10.49,-18.21,
10.49,-18.21,
10.49,-16.99,
10.49,-16.99,
10.49,-16.99,
10.49,-16.99,
10.49,-16.99,
10.49,-16.99,
10.49,-16.99,
11.17,-16.99,
11.17,-16.36,
11.17,-16.36,
11.17,-16.36,
11.17,-16.36,
11.17,-16.36,
11.17,-16.36,
11.17,-16.36,
11.17,-16.36,
11.97,-16.36,
11.97,-15.7,
11.97,-15.7,
11.97,-15.7,
11.97,-15.7,
11.97,-15.7,
11.97,-15.7,
11.97,-15.7,
11.97,-15.7,
11.97,-15.7,
12.39,-15.7,
12.39,-15.36,
12.39,-15.36,
12.39,-15.36,
12.39,-15.36,
12.39,-15.36,
12.39,-15.36,
12.48,-15.36,
12.48,-15.36,
12.48,-14.05,
12.48,-14.05,
12.48,-14.05,
12.48,-14.05,
12.48,-14.05,
12.48,-14.05,
12.52,-14.05,
12.52,-14.05,
12.52,-14.05,
12.52,-12.43,
12.52,-12.43,
12.52,-12.43,
12.52,-12.43,
12.52,-12.43,
12.52,-12.43,
12.52,-12.43,
12.59,-12.43,
12.59,-12.43,
12.59,-11.61,
12.59,-11.61,
12.59,-11.61,
12.59,-11.61,
12.59,-11.61,
12.59,-11.61,
12.59,-11.61,
12.59,-11.61,
13.04,-11.61,
13.04,-11.61,
13.04,-9.06,
13.04,-9.06,
13.04,-9.06,
13.04,-9.06,
13.04,-9.06,
13.04,-9.06,
13.04,-9.06,
13.27,-9.06,
13.27,-7.74,
13.27,-7.74,
13.27,-7.74,
13.27,-7.74,
13.27,-7.74,
13.27,-7.74,
13.27,-7.74,
13.27,-7.74,
13.27,-7.74,
13.27,-7.74,
13.27,-7.74,
13.27,-7.74,
13.27,-7.74,
15.44,-7.74,
15.44,-7.74,
15.44,-6.07,
15.44,-6.07,
15.44,-6.07,
15.44,-6.07,
15.44,-6.07,
15.44,-6.07,
16.54,-6.07,
16.54,-6.07,
16.54,-5.23,
16.54,-5.23,
16.54,-5.23,
16.54,-5.23,
16.54,-5.23,
16.54,-5.23,
16.54,-5.23,
18.97,-5.23,
18.97,-5.23,
18.97,-5.17,
18.97,-5.17,
18.97,-5.17,
18.97,-5.17,
18.97,-5.17,
18.97,-5.17,
20.16,-5.17,
20.16,-5.31,
20.16,-5.31,
20.16,-5.31,
20.16,-5.31,
20.16,-5.31,
20.16,-5.31,
20.16,-5.31,
20.62,-5.38,
20.62,-5.38,
20.62,-5.38,
20.62,-5.38,
20.62,-5.38,
20.62,-5.38,
20.62,-5.38,
20.62,-5.38,
20.62,-5.38,
20.62,-5.38,
20.62,-5.38,
21.0,-2.43,
21.0,-2.43,
21.0,-2.43,
21.0,-2.43,
21.0,-2.43,
21.0,-2.43,
21.0,-2.43,
21.0,-2.43,
21.18,-2.43,
21.18,-0.9,
21.18,-0.9,
21.18,-0.9,
21.18,-0.9,
21.18,-0.9,
21.18,-0.9,
21.18,-0.9,
21.18,-0.9,
23.03,-0.9,
23.03,2.04,
23.03,2.04,
23.03,2.04,
23.03,2.04,
23.03,2.04,
23.03,2.04,
23.03,2.04,
23.03,2.04,
23.94,2.04,
23.94,2.04,
23.94,5.33,
23.94,5.33,
23.94,5.33,
23.94,5.33,
23.94,5.33,
23.94,5.33,
25.97,5.33,
25.97,5.33,
25.97,5.33,
25.97,6.92,
25.97,6.92,
25.97,6.92,
25.97,6.92,
25.97,6.92,
25.97,6.92,
25.97,6.92,
25.97,6.92,
26.31,6.92,
26.31,6.92,
26.31,9.5,
26.31,9.5,
26.31,9.5,
26.31,9.5,
26.31,9.5,
26.31,9.5,
26.31,9.5,
26.31,9.5,
26.47,9.5,
26.47,9.5,
26.47,10.79,
26.47,10.79,
26.47,10.79,
26.47,10.79,
26.47,10.79,
25.35,10.79,
25.35,10.79,
25.35,10.79,
25.35,10.79,
25.35,10.79,
25.35,10.79,
25.35,13.51,
25.35,13.51,
25.35,13.51,
25.35,13.51,
25.35,13.51,
25.35,13.51,
25.35,13.51,
25.35,13.51,
25.35,13.51,
24.8,14.88,
24.8,14.88,
24.8,14.88,
24.8,14.88,
24.8,14.88,
24.8,14.88,
24.8,14.88,
24.89,14.88,
24.89,14.88,
24.89,14.83,
24.89,14.83,
24.89,14.83,
24.89,14.83,
24.89,14.83,
24.89,14.83,
24.94,14.83,
24.94,12.24,
24.94,12.24,
24.94,12.24,
24.94,12.24,
24.94,12.24,
24.94,12.24,
24.94,12.24,
24.94,12.24,
24.18,12.24,
24.18,10.94,
24.18,10.94,
24.18,10.94,
24.18,10.94,
24.18,10.94,
24.18,10.94,
24.18,10.94,
24.18,10.94,
24.18,10.94,
20.88,10.94,
20.88,8.57,
20.88,8.57,
20.88,8.57,
20.88,8.57,
20.88,8.57,
20.88,8.57,
20.88,8.57,
20.88,8.57,
20.88,8.57,
20.88,8.57,
19.18,8.57,
19.18,7.4,
19.18,7.4,
19.18,7.4,
19.18,7.4,
19.18,7.4,
19.18,7.4,
15.49,7.4,
15.49,7.91,
15.49,7.91,
15.49,7.91,
15.49,7.91,
15.49,7.91,
15.49,7.91,
15.49,7.91,
15.49,7.91,
15.49,7.91,
13.64,7.91,
13.64,7.91,
13.64,19.4,
13.64,19.4,
13.64,19.4,
13.64,19.4,
13.64,19.4,
13.64,19.4,
13.64,19.4,
5.67,19.4,
5.67,23.31,
5.67,23.31,
5.67,23.31,
5.67,23.31,
5.67,23.31,
5.67,23.31,
5.67,23.31,
5.67,23.31,
5.67,23.31,
8.07,23.31,
8.07,23.31,
8.07,33.39,
8.07,33.39,
8.07,33.39,
8.07,33.39,
8.07,33.39,
8.07,33.39,
8.07,33.39,
9.27,33.39,
9.27,33.39,
9.27,38.8,
9.27,38.8,
9.27,38.8,
9.27,38.8,
9.27,38.8,
9.27,38.8,
9.27,38.8,
28.19,38.8,
28.19,38.8,
28.19,28.81,
28.19,28.81,
28.19,28.81,
28.19,28.81,
28.19,28.81,
28.19,28.81,
28.19,28.81,
28.19,28.81,
28.19,28.81,
28.19,28.81,
28.19,28.81,
35.88,28.81,
35.88,22.53,
35.88,22.53,
35.88,22.53,
35.88,22.53,
31.14,22.53,
31.14,22.53,
31.14,22.53,
31.14,11.02,
31.14,11.02,
31.14,11.02,
31.14,11.02,
31.14,11.02,
31.14,11.02,
31.14,11.02,
31.14,11.02,
28.54,11.02,
28.54,11.02,
28.54,12.9,
28.54,12.9,
28.54,12.9,
28.54,12.9,
28.54,12.9,
28.54,12.9,
28.54,12.9,
12.0,12.9,
12.0,12.9,
12.0,13.74,
12.0,13.74,
12.0,13.74,
12.0,13.74,
12.0,13.74,
12.0,13.74,
7.52,13.74,
7.52,13.74,
7.52,13.74,
7.52,13.74,
7.52,13.74,
7.52,18.94,
7.52,18.94,
7.52,18.94,
7.52,18.94,
7.52,18.94,
7.52,18.94,
5.15,18.94,
5.15,18.94,
5.15,21.4,
5.15,21.4,
5.15,21.4,
5.15,21.4,
5.15,21.4,
5.15,21.4,
5.15,21.4,
5.15,21.4,
11.1,18.17,
11.1,18.17,
11.1,18.17,
11.1,18.17,
11.1,18.17,
11.1,18.17,
11.1,18.17,
11.1,18.17,
14.33,18.17,
14.33,18.17,
14.33,3.04,
14.33,3.04,
14.33,3.04,
14.33,3.04,
14.33,3.04,
14.33,3.04,
14.33,3.04,
12.53,3.04,
12.53,3.04,
12.53,3.04,
12.53,3.04,
12.53,3.04,
12.53,-5.26,
12.53,-5.26,
12.53,-5.26,
12.53,-5.26,
12.53,-5.26,
12.53,-5.26,
5.56,-5.26,
5.56,-5.26,
5.56,-2.73,
5.56,-2.73,
5.56,-2.73,
5.56,-2.73,
5.56,-2.73,
5.56,-2.73,
2.01,-2.73,
2.01,-1.56,
2.01,-1.56,
2.01,-1.56,
2.01,-1.56,
2.01,-1.56,
3.46,-1.56,
3.46,-1.56,
3.46,6.5,
3.46,6.5,
3.46,6.5,
3.46,6.5,
3.46,6.5,
3.46,6.5,
3.46,6.5,
3.46,6.5,
3.46,6.5,
3.46,6.5,
4.18,6.5,
4.18,10.53,
4.18,10.53,
4.18,10.53,
4.18,10.53,
4.18,10.53,
4.18,10.53,
11.93,10.53,
11.93,10.53,
11.93,9.16,
11.93,9.16,
11.93,9.16,
11.93,9.16,
11.93,9.16,
11.93,9.16,
11.93,9.16,
15.62,9.16,
15.62,9.16,
15.62,2.01,
15.62,2.01,
15.62,2.01,
15.62,2.01,
15.62,2.01,
15.62,2.01,
14.41,2.01,
14.41,2.01,
14.41,2.01,
14.41,2.01,
14.41,-1.47,
14.41,-1.47,
14.41,-1.47,
14.41,-1.47,
14.41,-1.47,
14.41,-1.47,
7.39,-1.47,
7.39,-2.3,
7.39,-2.3,
7.39,-2.3,
7.39,-2.3,
7.39,-2.3,
7.39,-2.3,
7.39,-2.3,
7.39,-2.3,
7.39,-2.3,
7.39,-2.3,
3.97,-2.3,
3.97,-2.3,
3.97,-2.7,
3.97,-2.7,
3.97,-2.7,
3.97,-2.7,
3.97,-2.7,
3.97,-2.7,
2.69,-2.7,
2.69,-2.7,
2.69,1.69,
2.69,1.69,
2.69,1.69,
2.69,1.69,
2.69,1.69,
2.69,1.69,
2.69,1.69,
2.69,1.69,
2.04,1.69,
2.04,6.52,
2.04,6.52,
2.04,6.52,
2.04,6.52,
2.04,6.52,
2.04,6.52,
2.04,6.52,
4.44,6.52,
4.44,6.52,
4.44,8.97,
4.44,8.97,
4.44,8.97,
4.44,8.97,
4.44,8.97,
4.44,8.97,
4.44,8.97,
4.44,8.97,
4.44,8.97,
5.55,8.97,
5.55,8.23,
5.55,8.23,
5.55,8.23,
5.55,8.23,
5.55,8.23,
5.55,8.23,
6.1,7.85,
6.1,7.85,
6.1,7.85,
6.1,7.85,
6.1,7.85,
6.1,7.85,
6.1,7.85,
6.1,7.85,
6.1,7.85,
6.1,7.85,
5.51,7.85,
5.51,6.07,
5.51,6.07,
5.51,6.07,
5.51,6.07,
5.51,6.07,
5.51,6.07,
5.51,6.07,
5.21,6.07,
5.21,5.17,
5.21,5.17,
5.21,5.17,
5.21,5.17,
5.21,5.17,
5.21,5.17,
5.21,5.17,
5.21,5.17,
5.21,5.17,
5.67,6.04,
5.67,6.04,
5.67,6.04,
5.67,6.04,
5.67,6.04,
5.67,6.04,
5.67,6.04,
5.67,6.04,
5.67,6.04,
5.67,6.04,
5.89,6.04,
5.89,6.04,
5.89,7.1,
5.89,7.1,
5.89,7.1,
5.89,7.1,
5.89,7.1,
5.89,7.1,
6.75,7.1,
6.75,7.1,
6.75,7.1,
6.75,7.62,
6.75,7.62,
6.75,7.62,
6.75,7.62,
6.75,7.62,
6.75,7.62,
6.75,7.62,
6.75,7.62,
6.75,7.62,
7.15,7.62,
7.15,7.62,
7.15,8.79,
7.15,8.79,
7.15,8.79,
7.15,8.79,
7.15,8.79,
7.15,8.79,
7.15,8.79,
7.35,8.79,
7.35,8.79,
7.35,8.79,
7.35,9.38,
7.35,9.38,
7.35,9.38,
7.35,9.38,
7.35,9.38,
6.73,9.38,
6.73,9.38,
6.73,9.38,
6.73,10.36,
6.73,10.36,
6.73,10.36,
6.73,10.36,
6.73,10.36,
6.73,10.36,
6.41,10.36,
6.41,9.11,
6.41,9.11,
6.41,9.11,
6.41,9.11,
6.41,9.11,
6.41,9.11,
6.41,9.11,
6.41,9.11,
6.41,9.11,
6.41,9.11,
6.41,9.11,
6.58,9.11,
6.58,9.11,
6.58,8.48,
6.58,8.48,
6.58,8.48,
6.58,8.48,
6.58,8.48,
6.58,8.48,
6.58,8.48,
7.58,8.48,
7.58,8.1,
7.58,8.1,
7.58,8.1,
7.58,8.1,
7.58,8.1,
7.58,8.1,
7.58,8.1,
7.58,8.1,
7.58,8.1,
8.09,8.1,
8.09,7.91,
8.09,7.91,
8.09,7.91,
8.09,7.91,
8.09,7.91,
8.09,7.91,
7.73,7.91,
7.73,7.91,
7.73,7.91,
7.73,7.91,
7.73,7.91,
7.73,7.91,
7.73,7.23,
7.73,7.23,
7.73,7.23,
7.73,7.23,
7.73,7.23,
7.54,7.23,
7.54,7.23,
7.54,6.88,
7.54,6.88,
7.54,6.88,
7.54,6.88,
7.54,6.88,
7.54,6.88,
7.54,6.88,
7.54,6.88,
7.54,6.88,
6.83,6.88,
6.83,6.88,
6.83,6.51,
6.83,6.51,
6.83,6.51,
6.83,6.51,
6.83,6.51,
6.83,6.51,
6.83,6.51,
6.47,6.51,
6.47,6.51,
6.47,6.51,
6.47,6.51,
6.47,6.51,
6.47,6.51,
6.47,6.51,
6.47,6.51,
6.47,6.51,
7.13,6.51,
7.13,6.51,
7.13,6.51,
7.13,6.51,
7.13,6.51,
7.13,6.51,
7.13,6.51,
7.13,6.51,
7.13,6.51,
7.13,6.51,
8.06,6.51,
8.06,7.68,
8.06,7.68,
8.06,7.68,
8.06,7.68,
8.06,7.68,
8.06,7.68,
8.06,7.68,
8.52,7.68,
8.52,7.68,
8.52,7.68,
8.52,8.26,
8.52,8.26,
8.52,8.26,
8.52,8.26,
8.52,8.26,
8.52,8.26,
8.52,8.26,
8.52,8.26,
8.27,8.26,
8.27,8.26,
8.27,10.18,
8.27,10.18,
8.27,10.18,
8.27,10.18,
8.27,10.18,
8.14,10.18,
8.14,10.47,
8.14,10.47,
8.14,10.47,
8.14,10.47,
8.14,10.47,
8.14,10.47,
8.14,10.47,
8.14,10.47,
8.14,10.47,
8.14,10.47,
8.14,10.47,
8.14,10.47,
8.14,10.47,
8.14,10.47,
8.14,10.47,
8.14,10.47,
7.23,10.47,
7.23,10.47,
7.23,10.62,
7.23,10.62,
7.23,10.62,
7.23,10.62,
7.23,10.62,
7.23,10.62,
7.23,10.62,
6.34,10.62,
6.34,10.62,
6.34,10.73,
6.34,10.73,
6.34,10.73,
5.88,10.73,
5.88,10.73,
5.88,10.73,
5.88,10.79,
5.88,10.79,
5.88,10.79,
5.88,10.79,
5.88,10.79,
5.88,10.79,
5.88,10.79,
7.18,10.79,
7.18,11.11,
7.18,11.11,
7.18,11.11,
7.18,11.11,
7.18,11.11,
7.18,11.11,
7.83,11.11,
7.83,11.11,
7.83,11.27,
7.83,11.27,
7.83,11.27,
7.83,11.27,
7.83,11.27,
7.83,11.27,
7.83,11.27,
7.83,11.27,
7.83,11.27,
7.83,11.27,
7.83,11.27,
7.83,11.27,
7.83,11.27,
7.83,11.27,
7.18,11.27,
7.18,11.27,
7.18,6.96,
7.18,6.96,
7.18,6.96,
7.18,6.96,
7.18,6.96,
7.18,6.96,
6.87,6.96,
6.87,6.96,
6.87,4.65,
6.87,4.65,
6.87,4.65,
6.87,4.65,
6.87,4.65,
4.39,4.65,
4.39,4.65,
4.39,3.5,
4.39,3.5,
4.39,3.5,
3.36,3.5,
3.36,3.5,
3.36,3.5,
3.36,3.5,
3.36,3.5,
3.36,5.57,
3.36,5.57,
3.36,5.57,
3.36,5.57,
3.36,5.57,
3.36,5.57,
3.36,5.57,
2.85,6.61,
2.85,6.61,
2.85,6.61,
2.85,6.61,
2.85,6.61,
2.85,6.61,
2.85,6.61,
2.85,6.61,
2.85,6.61,
4.11,6.61,
4.11,6.89,
4.11,6.89,
4.11,6.89,
4.11,6.89,
4.11,6.89,
4.11,6.89,
4.11,6.89,
4.74,6.89,
4.74,6.89,
4.74,4.96,
4.74,4.96,
4.74,4.96,
4.74,4.96,
4.74,4.96,
4.74,4.96,
4.74,4.96,
4.74,4.96,
5.17,3.99,
5.17,3.99,
5.17,3.99,
5.17,3.99,
5.17,3.99,
5.17,3.99,
5.17,3.99,
5.17,3.99,
5.17,3.99,
5.17,3.99,
4.42,3.99,
4.42,2.46,
4.42,2.46,
4.42,2.46,
4.42,2.46,
4.42,2.46,
4.42,2.46,
4.04,2.46,
4.04,1.69,
4.04,1.69,
4.04,1.69,
4.04,1.69,
4.04,1.69,
4.04,1.69,
4.04,1.69,
4.04,1.69,
4.04,1.69,
4.04,1.69,
4.04,1.69,
3.24,1.69,
3.24,1.69,
3.24,2.56,
3.24,2.56,
3.24,2.56,
3.24,2.56,
2.84,2.56,
2.84,2.56,
2.84,2.56,
2.84,2.56,
2.84,2.56,
2.84,2.99,
2.84,2.99,
2.84,2.99,
2.84,2.99,
2.84,2.99,
2.84,2.99,
3.58,2.99,
3.58,2.99,
3.58,4.38,
3.58,4.38,
3.58,4.38,
3.58,4.38,
3.58,4.38,
3.58,4.38,
3.58,4.38,
3.58,4.38,
3.58,4.38,
3.95,4.38,
3.95,4.38,
3.95,4.44,
3.95,4.44,
3.95,4.44,
3.95,4.44,
3.95,4.44,
3.95,4.44,
4.38,4.44,
4.38,4.44,
4.38,4.44,
4.38,4.44,
4.38,4.44,
4.38,4.44,
4.38,4.44,
4.38,4.44,
4.38,4.44,
4.38,4.46,
4.38,4.46,
4.38,4.46,
4.38,4.46,
4.38,4.46,
4.38,4.46,
4.01,4.46,
4.01,4.46,
4.01,3.28,
4.01,3.28,
4.01,3.28,
4.01,3.28,
4.01,3.28,
4.01,3.28,
4.01,3.28,
3.83,2.7,
3.83,2.7,
3.83,2.7,
3.83,2.7,
3.83,2.7,
3.83,2.7,
1.99,2.7,
1.99,2.7,
1.99,1.43,
1.99,1.43,
1.99,1.43,
1.99,1.43,
1.04,1.43,
1.04,1.43,
1.04,1.43,
1.04,1.43,
1.04,0.97,
1.04,0.97,
1.04,0.97,
1.04,0.97,
1.04,0.97,
1.04,0.97,
1.04,0.97,
1.04,0.97,
0.73,0.97,
0.73,0.97,
0.73,0.73,
0.73,0.73,
0.73,0.73,
0.73,0.73,
2.2,0.73,
2.2,2.05,
2.2,2.05,
2.2,2.05,
2.2,2.05,
2.2,2.05,
2.2,2.05,
2.2,2.05,
2.2,2.05,
2.93,2.05,
2.93,2.05,
2.93,2.7,
2.93,2.7,
2.93,2.7,
2.93,2.7,
2.93,2.7,
2.93,2.7,
4.62,2.7,
4.62,2.7,
4.62,2.7,
4.62,2.7,
4.62,2.7,
4.62,3.61,
4.62,3.61,
4.62,3.61,
4.62,3.61,
4.62,3.61,
5.45,3.61,
5.45,3.61,
5.45,4.06,
5.45,4.06,
5.45,4.06,
5.45,4.06,
5.45,4.06,
5.45,4.06,
6.19,4.06,
6.19,4.06,
6.19,4.7,
6.19,4.7,
6.19,4.7,
6.19,4.7,
6.19,4.7,
6.19,4.7,
6.19,4.7,
6.56,6.43,
6.56,6.43,
6.56,6.43,
6.56,6.43,
6.56,6.43,
6.56,6.43,
6.1,6.43,
6.1,6.43,
6.1,6.43,
6.1,7.3,
6.1,7.3,
6.1,7.3,
6.1,7.3,
6.1,7.3,
6.1,7.3,
6.1,7.3,
4.51,7.3,
4.51,7.3,
4.51,6.29,
4.51,6.29,
4.51,6.29,
4.51,6.29,
4.51,6.29,
4.51,6.29,
4.51,6.29,
3.72,6.29,
3.72,6.29,
3.72,5.78,
3.72,5.78,
3.72,5.78,
3.72,5.78,
3.72,5.78,
3.72,5.78,
1.35,2.57,
1.35,2.57,
1.35,2.57,
1.35,2.57,
1.35,2.57,
1.35,2.57,
1.35,2.57,
0.18,2.57,
0.18,2.57,
0.18,2.57,
0.18,2.57,
0.18,2.57,
0.18,0.92,
0.18,0.92,
0.18,0.92,
0.18,0.92,
0.18,0.92,
-1.19,0.92,
-1.19,0.1,
-1.19,0.1,
-1.19,0.1,
-1.19,0.1,
-1.19,0.1,
-1.19,0.1,
-1.19,0.1,
-1.19,0.1,
-2.29,0.1,
-2.29,0.1,
-2.29,0.1,
-2.29,0.1,
-2.29,0.1,
-2.29,-0.66,
-2.29,-0.66,
-2.29,-0.66,
-2.29,-0.66,
-2.29,-0.66,
-2.29,-0.66,
-2.29,-0.66,
-2.85,-0.66,
-2.85,-0.66,
-2.85,-1.04,
-2.85,-1.04,
-2.85,-1.04,
-2.85,-1.04,
-2.85,-1.04,
-2.85,-1.04,
-2.71,-1.04,
-2.71,-1.04,
-2.71,-0.93,
-2.71,-0.93,
-2.71,-0.93,
-2.71,-0.93,
-2.71,-0.93,
-2.71,-0.93,
-2.64,-0.93,
-2.64,-0.88,
-2.64,-0.88,
-2.64,-0.88,
-2.64,-0.88,
-2.64,-0.88,
-2.64,-0.88,
-2.64,-0.88,
-2.64,-0.88,
-2.64,-0.88,
-2.64,-0.88,
-2.64,-0.88,
-1.49,-0.88,
-1.49,-0.88,
-1.49,-0.88,
-1.49,-0.12,
-1.49,-0.12,
-1.49,-0.12,
-1.49,-0.12,
-1.49,-0.12,
-0.92,-0.12,
-0.92,-0.12,
-0.92,2.28,
-0.92,2.28,
-0.92,2.28,
-0.92,2.28,
-0.92,2.28,
-0.92,2.28,
0.49,2.28,
0.49,2.28,
0.49,3.5,
0.49,3.5,
0.49,3.5,
0.49,3.5,
0.49,3.5,
0.49,3.5,
0.49,3.5,
1.78,3.5,
1.78,3.5,
1.78,3.5,
1.78,3.5,
1.78,4.58,
1.78,4.58,
1.78,4.58,
1.78,4.58,
1.78,4.58,
1.78,4.58,
1.78,4.58,
2.42,4.58,
2.42,5.12,
2.42,5.12,
2.42,5.12,
2.42,5.12,
2.42,5.12,
2.42,5.12,
2.42,5.12,
2.42,5.12,
2.42,5.12,
2.42,5.12,
2.42,5.12,
2.02,5.12,
2.02,5.12,
2.02,1.51,
2.02,1.51,
2.02,1.51,
2.02,1.51,
2.02,1.51,
2.02,1.51,
2.02,1.51,
1.84,1.51,
1.84,-0.93,
1.84,-0.93,
1.84,-0.93,
1.84,-0.93,
1.84,-0.93,
0.16,-0.93,
0.16,-2.11,
0.16,-2.11,
0.16,-2.11,
0.16,-2.11,
0.16,-2.11,
-1.25,-2.11,
-1.25,-2.11,
-1.25,-2.11,
-1.25,-1.46,
-1.25,-1.46,
-1.25,-1.46,
-1.25,-1.46,
-1.25,-1.46,
-1.25,-1.46,
-1.97,-1.46,
-1.97,-1.46,
-1.97,-1.13,
-1.97,-1.13,
-1.97,-1.13,
-1.97,-1.13,
-1.97,-1.13,
-1.97,-1.13,
-1.97,-1.13,
-1.97,-1.13,
-1.97,-1.13,
-2.28,-1.13,
-2.28,-1.7,
-2.28,-1.7,
-2.28,-1.7,
-2.28,-1.7,
-2.28,-1.7,
-2.28,-1.7,
-2.28,-1.7,
-2.44,-1.7,
-2.44,-1.7,
-2.44,-1.98,
-2.44,-1.98,
-2.44,-1.98,
-2.44,-1.98,
-2.44,-1.98,
-2.44,-1.98,
-2.44,-1.98,
-2.44,-1.98,
-1.39,-1.48,
-1.39,-1.48,
-1.39,-1.48,
-1.39,-1.48,
-1.39,-1.48,
-1.39,-1.48,
-1.39,-1.48,
-1.39,-1.48,
-1.39,-1.48,
-0.85,-1.48,
-0.85,-1.48,
-0.85,0.41,
-0.85,0.41,
-0.85,0.41,
-0.85,0.41,
-0.85,0.41,
-0.85,0.41,
-0.85,0.41,
1.36,0.41,
1.36,0.41,
1.36,1.36,
1.36,1.36,
1.36,1.36,
1.36,1.36,
1.36,1.36,
1.36,1.36,
1.36,1.36,
1.36,1.36,
2.99,1.36,
2.99,1.36,
2.99,3.14,
2.99,3.14,
2.99,3.14,
2.99,3.14,
2.99,3.14,
2.99,3.14,
3.81,3.14,
3.81,4.04,
3.81,4.04,
3.81,4.04,
3.81,4.04,
3.81,4.04,
3.81,4.04,
3.81,4.04,
3.81,4.04,
3.81,4.04,
3.42,4.04,
3.42,3.92,
3.42,3.92,
3.42,3.92,
3.42,3.92,
3.42,3.92,
3.42,3.92,
3.42,3.92,
3.42,3.92,
3.22,3.92,
3.22,1.29,
3.22,1.29,
3.22,1.29,
3.22,1.29,
3.22,1.29,
3.22,1.29,
3.22,1.29,
3.22,1.29,
1.57,1.29,
1.57,1.29,
1.57,-0.02,
1.57,-0.02,
1.57,-0.02,
1.57,-0.02,
1.57,-0.02,
1.57,-0.02,
1.57,-0.02,
1.57,-0.02,
1.57,-0.02,
0.9,0.07,
0.9,0.07,
0.9,0.07,
0.9,0.07,
0.9,0.07,
0.9,0.07,
0.9,0.07,
0.57,0.07,
0.57,0.07,
0.57,0.07,
0.57,0.07,
0.57,0.07,
0.57,0.07,
0.57,0.12,
0.57,0.12,
0.57,0.12,
0.57,0.12,
0.57,0.12,
0.57,0.12,
0.57,0.12,
0.57,0.12,
0.57,0.12,
1.68,0.12,
1.68,1.92,
1.68,1.92,
1.68,1.92,
1.68,1.92,
2.23,1.92,
2.23,1.92,
2.23,1.92,
2.23,1.92,
2.23,2.81,
2.23,2.81,
2.23,2.81,
2.23,2.81,
2.23,2.81,
2.23,2.81,
2.87,2.81,
2.87,2.81,
2.87,2.28,
2.87,2.28,
2.87,2.28,
2.87,2.28,
2.87,2.28,
2.87,2.28,
3.2,2.28,
3.2,2.28,
3.2,0.71,
3.2,0.71,
3.2,0.71,
3.2,0.71,
3.2,0.71,
3.2,0.71,
3.2,0.71,
3.2,0.71,
3.2,0.71,
2.6,0.71,
2.6,-0.09,
2.6,-0.09,
2.6,-0.09,
2.6,-0.09,
1.56,-0.09,
1.56,-0.7,
1.56,-0.7,
1.56,-0.7,
1.56,-0.7,
1.56,-0.7,
1.56,-0.7,
1.56,-0.7,
1.56,-0.7,
1.03,-0.7,
1.03,-1.01,
1.03,-1.01,
1.03,-1.01,
1.03,-1.01,
1.03,-1.01,
1.03,-1.01,
1.03,-1.01,
0.32,-1.01,
0.32,-1.01,
0.32,-0.9,
0.32,-0.9,
0.32,-0.9,
0.32,-0.9,
0.32,-0.9,
0.32,-0.9,
0.32,-0.9,
0.32,-0.9,
0.32,-0.9,
0.32,-0.9,
0.32,-0.9,
0.32,-0.9,
0.32,-0.9,
0.32,-0.9,
-0.04,-0.9,
-0.04,-0.9,
-0.04,-0.9,
-0.04,-0.9,
-0.04,-0.9,
-0.04,-1.35,
-0.04,-1.35,
-0.04,-1.35,
-0.04,-1.35,
-0.04,-1.35,
-0.66,-1.35,
-0.66,-1.35,
-0.66,-1.58,
-0.66,-1.58,
-0.66,-1.58,
-0.66,-1.58,
-0.66,-1.58,
-0.66,-1.58,
-0.85,-1.58,
-0.85,-1.58,
-0.85,-2.38,
-0.85,-2.38,
-0.85,-2.38,
-0.85,-2.38,
-0.95,-2.38,
-0.95,-2.78,
-0.95,-2.78,
-0.95,-2.78,
-0.95,-2.78,
-0.95,-2.78,
-0.47,-2.78,
-0.47,-1.46,
-0.47,-1.46,
-0.47,-1.46,
-0.47,-1.46,
-0.47,-1.46,
-0.47,-1.46,
-0.47,-1.46,
-0.47,-1.46,
-0.47,-1.46,
-0.47,-1.46,
-0.47,-1.46,
-0.24,-1.46,
-0.24,-0.8,
-0.24,-0.8,
-0.24,-0.8,
-0.24,-0.8,
-0.24,-0.8,
-0.24,-0.8,
-0.24,-0.8,
-0.24,-0.8,
-0.24,-0.8,
-0.24,-0.8,
-0.24,-0.8,
0.48,-0.8,
0.48,-0.8,
0.48,-0.05,
0.48,-0.05,
0.48,-0.05,
0.48,-0.05,
0.48,-0.05,
0.48,-0.05,
0.83,0.8,
0.83,0.8,
0.83,0.8,
0.83,0.8,
0.83,0.8,
0.83,0.8,
0.83,0.8,
0.83,0.8,
1.14,0.8,
1.14,1.22,
1.14,1.22,
1.14,1.22,
1.14,1.22,
1.14,1.22,
1.14,1.22,
1.14,1.22,
0.86,1.22,
0.86,1.22,
0.86,0.32,
0.86,0.32,
0.86,0.32,
0.86,0.32,
0.86,0.32,
0.86,0.32,
0.86,0.32,
0.72,0.32,
0.72,0.32,
0.72,0.32,
0.72,-0.13,
0.72,-0.13,
0.72,-0.13,
0.72,-0.13,
0.72,-0.13,
0.72,-0.13,
0.72,-0.13,
0.72,-0.13,
0.72,-0.13,
0.11,-0.13,
0.11,-0.13,
0.11,-0.86,
0.11,-0.86,
0.11,-0.86,
0.11,-0.86,
0.11,-0.86,
0.11,-0.86,
0.11,-0.86,
0.11,-0.86,
-0.19,-0.86,
-0.19,-0.86,
-0.19,-1.94,
-0.19,-1.94,
-0.19,-1.94,
-0.19,-1.94,
-0.19,-1.94,
-0.19,-1.94,
-0.69,-1.94,
-0.69,-1.94,
-0.69,-2.47,
-0.69,-2.47,
-0.69,-2.47,
-0.69,-2.47,
-0.69,-2.47,
-0.69,-2.47,
-0.69,-2.47,
-0.91,-2.47,
-0.91,-2.47,
-0.91,-2.83,
-0.91,-2.83,
-0.91,-2.83,
-0.91,-2.83,
-0.91,-2.83,
-0.91,-2.83,
-0.91,-2.83,
-0.91,-2.83,
-1.03,-2.83,
-1.03,-3.01,
-1.03,-3.01,
-1.03,-3.01,
-1.03,-3.01,
-1.03,-3.01,
-1.03,-3.01,
-1.03,-3.01,
-1.03,-3.01,
-1.03,-3.01,
-0.62,-3.01,
-0.62,-1.98,
-0.62,-1.98,
-0.62,-1.98,
-0.62,-1.98,
-0.62,-1.98,
-0.62,-1.98,
-0.62,-1.98,
-0.62,-1.98,
-0.62,-1.98,
-0.42,-1.98,
-0.42,-1.46,
-0.42,-1.46,
-0.42,-1.46,
-0.42,-1.46,
-0.42,-1.46,
-0.42,-1.46,
-0.42,-1.46,
-0.16,-1.46,
-0.16,-0.65,
-0.16,-0.65,
-0.16,-0.65,
-0.16,-0.65,
-0.16,-0.65,
-0.16,-0.65,
-0.16,-0.65,
-0.16,-0.65,
-0.16,-0.65,
-0.16,-0.65,
-0.16,-0.65,
-0.02,-0.65,
-0.02,-0.65,
-0.02,-0.62,
