-1.76,-1.06,
-1.76,-1.06,
-1.76,-1.06,
-1.76,-1.06,
-1.76,-1.06,
-1.76,-1.06,
-1.76,-1.09,
-1.76,-1.09,
-1.76,-1.09,
-1.94,-1.09,
-1.94,-1.09,
-1.94,-1.09,
-1.94,-1.09,
-1.94,-1.1,
-1.94,-1.1,
-1.94,-1.1,
-1.94,-1.1,
-1.9,-1.1,
-1.9,-1.1,
-1.9,-1.1,
-1.9,-1.1,
-1.9,-1.37,
-1.9,-1.37,
-1.9,-1.37,
-1.88,-1.37,
-1.88,-1.37,
-1.88,-1.37,
-1.88,-1.37,
-1.88,-1.37,
-1.88,-1.5,
-1.88,-1.5,
-1.88,-1.5,
-1.88,-1.5,
-1.86,-1.5,
-1.86,-1.5,
-1.86,-1.5,
-1.86,-1.5,
-1.86,-1.5,
-1.86,-1.5,
-1.86,-1.4,
-1.86,-1.4,
-1.86,-1.4,
-1.86,-1.4,
-1.85,-1.4,
-1.85,-1.4,
-1.85,-1.4,
-1.85,-1.4,
-1.85,-1.4,
-1.85,-1.4,
-1.85,-1.4,
-1.85,-1.4,
-1.85,-1.35,
-1.85,-1.35,
-1.75,-1.35,
-1.75,-1.35,
-1.75,-1.35,
-1.75,-1.35,
-1.75,-1.35,
-1.75,-1.35,
-1.75,-1.25,
-1.75,-1.25,
-1.75,-1.25,
-1.75,-1.25,
-1.75,-1.25,
-1.71,-1.25,
-1.71,-1.25,
-1.71,-1.25,
-1.71,-1.25,
-1.71,-1.25,
-1.71,-1.25,
-1.71,-1.19,
-1.71,-1.19,
-1.71,-1.19,
-1.69,-1.19,
-1.69,-1.19,
-1.69,-1.19,
-1.69,-1.19,
-1.69,-0.96,
-1.69,-0.96,
-1.69,-0.96,
-1.69,-0.96,
-1.69,-0.96,
-1.69,-0.96,
-1.7,-0.96,
-1.7,-0.96,
-1.7,-0.96,
-1.7,-0.96,
-1.7,-0.96,
-1.7,-1.03,
-1.7,-1.03,
-1.7,-1.03,
-1.7,-1.03,
-1.7,-1.03,
-1.7,-1.03,
-1.7,-1.03,
-1.7,-1.03,
-1.7,-1.03,
-1.7,-1.07,
-1.7,-1.07,
-1.7,-1.07,
-1.7,-1.07,
-1.7,-1.07,
-1.63,-1.07,
-1.63,-1.07,
-1.63,-1.07,
-1.63,-1.07,
-1.63,-1.07,
-1.63,-1.07,
-1.63,-0.97,
-1.63,-0.97,
-1.63,-0.97,
-1.59,-0.97,
-1.59,-0.97,
-1.59,-0.97,
-1.59,-0.97,
-1.59,-0.97,
-1.59,-0.91,
-1.59,-0.91,
-1.59,-0.91,
-1.59,-0.91,
-1.59,-0.91,
-1.42,-0.91,
-1.42,-0.91,
-1.42,-0.91,
-1.42,-0.73,
-1.42,-0.73,
-1.42,-0.73,
-1.42,-0.73,
-1.42,-0.73,
-1.42,-0.73,
-1.42,-0.73,
-1.21,-0.73,
-1.21,-0.73,
-1.21,-0.73,
-1.21,-0.73,
-1.21,-0.73,
-1.21,-0.66,
-1.21,-0.66,
-1.21,-0.66,
-1.21,-0.66,
-1.1,-0.66,
-1.1,-0.66,
-1.1,-0.66,
-1.1,-0.66,
-1.1,-0.66,
-1.1,-0.66,
-1.1,-0.62,
-1.1,-0.62,
-1.1,-0.62,
-1.1,-0.62,
-1.06,-0.62,
-1.06,-0.62,
-1.06,-0.62,
-1.06,-0.62,
-1.06,-0.62,
-1.06,-0.62,
-1.06,-0.62,
-1.06,-0.7,
-1.06,-0.7,
-1.06,-0.7,
-1.06,-0.7,
-1.04,-0.7,
-1.04,-0.7,
-1.04,-0.7,
-1.04,-0.7,
-1.04,-0.74,
-1.04,-0.74,
-1.04,-0.74,
-1.04,-0.74,
-1.04,-0.74,
-1.13,-0.74,
-1.13,-0.74,
-1.13,-0.74,
-1.13,-0.74,
-1.13,-0.69,
-1.13,-0.69,
-1.13,-0.69,
-1.11,-0.69,
-1.11,-0.69,
-1.11,-0.69,
-1.11,-0.69,
-1.11,-0.69,
-1.11,-0.66,
-1.11,-0.66,
-1.11,-0.66,
-1.11,-0.66,
-1.11,-0.66,
-1.1,-0.66,
-1.1,-0.66,
-1.1,-0.66,
-1.1,-0.66,
-1.1,-0.66,
-1.1,-0.72,
-1.1,-0.72,
-1.1,-0.72,
-1.1,-0.72,
-1.1,-0.72,
-1.27,-0.72,
-1.27,-0.72,
-1.27,-0.72,
-1.27,-0.9,
-1.27,-0.9,
-1.27,-0.9,
-1.36,-0.9,
-1.36,-0.9,
-1.36,-0.9,
-1.36,-0.9,
-1.36,-0.9,
-1.36,-0.9,
-1.36,-0.99,
-1.36,-0.99,
-1.37,-0.99,
-1.37,-0.99,
-1.37,-0.99,
-1.37,-0.99,
-1.37,-0.99,
-1.37,-0.99,
-1.37,-1.05,
-1.37,-1.05,
-1.37,-1.05,
-1.37,-1.05,
-1.38,-1.05,
-1.38,-1.05,
-1.38,-1.05,
-1.38,-1.05,
-1.38,-1.05,
-1.38,-1.05,
-1.38,-1.05,
-1.38,-1.08,
-1.38,-1.08,
-1.38,-1.08,
-1.27,-1.08,
-1.27,-1.08,
-1.27,-1.08,
-1.27,-1.08,
-1.27,-1.08,
-1.27,-1.01,
-1.27,-1.01,
-1.27,-1.01,
-1.24,-1.01,
-1.24,-1.01,
-1.24,-1.01,
-1.24,-1.01,
-1.24,-1.01,
-1.24,-1.01,
-1.24,-1.01,
-1.24,-0.81,
-1.24,-0.81,
-1.24,-0.81,
-1.22,-0.81,
-1.22,-0.81,
-1.22,-0.81,
-1.22,-0.81,
-1.22,-0.71,
-1.22,-0.71,
-1.22,-0.71,
-1.22,-0.71,
-1.25,-0.71,
-1.25,-0.71,
-1.25,-0.71,
-1.25,-0.71,
-1.25,-0.71,
-1.25,-0.71,
-1.25,-0.81,
-1.25,-0.81,
-1.26,-0.81,
-1.26,-0.81,
-1.26,-0.81,
-1.26,-0.81,
-1.26,-0.81,
-1.26,-0.81,
-1.26,-0.86,
-1.26,-0.86,
-1.26,-0.86,
-1.26,-0.86,
-1.26,-0.86,
-1.26,-0.86,
-1.32,-0.86,
-1.32,-0.86,
-1.32,-0.86,
-1.32,-0.86,
-1.32,-0.93,
-1.32,-0.93,
-1.32,-0.93,
-1.32,-0.93,
-1.27,-0.93,
-1.27,-0.93,
-1.27,-0.93,
-1.27,-0.93,
-1.27,-0.93,
-1.27,-0.93,
-1.27,-0.96,
-1.27,-0.96,
-1.27,-0.96,
-1.27,-0.96,
-1.27,-0.96,
-1.27,-0.96,
-1.27,-0.96,
-1.25,-0.96,
-1.25,-0.96,
-1.25,-0.96,
-1.25,-0.96,
-1.25,-1.0,
-1.25,-1.0,
-1.25,-1.0,
-1.33,-1.0,
-1.33,-1.0,
-1.33,-1.0,
-1.33,-1.0,
-1.33,-1.0,
-1.33,-0.89,
-1.33,-0.89,
-1.33,-0.89,
-1.33,-0.89,
-1.33,-0.89,
-1.37,-0.89,
-1.37,-0.89,
-1.37,-0.89,
-1.37,-0.89,
-1.37,-0.89,
-1.37,-0.83,
-1.37,-0.83,
-1.37,-0.83,
-1.37,-0.83,
-1.37,-0.83,
-1.47,-0.83,
-1.47,-0.83,
-1.47,-0.83,
-1.47,-0.83,
-1.47,-0.83,
-1.47,-0.83,
-1.47,-0.9,
-1.47,-0.9,
-1.47,-0.9,
-1.52,-0.9,
-1.52,-0.9,
-1.52,-0.9,
-1.52,-0.9,
-1.52,-0.9,
-1.52,-0.94,
-1.52,-0.94,
-1.52,-0.94,
-1.52,-0.94,
-1.52,-0.94,
-1.51,-0.94,
-1.51,-0.94,
-1.51,-0.94,
-1.51,-0.94,
-1.51,-0.94,
-1.51,-1.01,
-1.51,-1.01,
-1.53,-1.01,
-1.53,-1.01,
-1.53,-1.01,
-1.53,-1.01,
-1.53,-1.01,
-1.53,-1.01,
-1.53,-1.01,
-1.53,-1.14,
-1.53,-1.14,
-1.53,-1.14,
-1.53,-1.14,
-1.53,-1.14,
-1.53,-1.14,
-1.54,-1.14,
-1.54,-1.14,
-1.54,-1.14,
-1.54,-1.14,
-1.54,-1.21,
-1.54,-1.21,
-1.54,-1.21,
-1.57,-1.21,
-1.57,-1.21,
-1.57,-1.21,
-1.57,-1.21,
-1.57,-1.21,
-1.57,-1.2,
-1.57,-1.2,
-1.57,-1.2,
-1.57,-1.2,
-1.58,-1.2,
-1.58,-1.2,
-1.58,-1.2,
-1.58,-1.2,
-1.58,-1.2,
-1.58,-1.2,
-1.58,-1.2,
-1.58,-1.2,
-1.58,-1.2,
-1.58,-1.2,
-1.58,-1.2,
-1.76,-1.2,
-1.76,-1.2,
-1.76,-1.2,
-1.76,-1.2,
-1.76,-1.2,
-1.76,-1.06,
-1.76,-1.06,
-1.76,-1.06,
-1.76,-1.06,
-1.76,-1.06,
-1.76,-1.06,
-1.76,-1.06,
-1.76,-1.06,
-1.76,-1.06,
-1.76,-1.06,
-1.76,-0.99,
-1.76,-0.99,
-1.76,-0.99,
-1.76,-0.99,
-1.76,-0.99,
-1.76,-0.99,
-1.76,-0.99,
-1.76,-0.99,
-1.76,-0.99,
-1.76,-0.99,
-1.76,-0.99,
-1.76,-0.99,
-1.59,-0.99,
-1.59,-0.99,
-1.59,-0.99,
-1.59,-0.99,
-1.59,-1.08,
-1.59,-1.08,
-1.59,-1.08,
-1.59,-1.08,
-1.59,-1.08,
-1.59,-1.08,
-1.59,-1.08,
-1.5,-1.08,
-1.5,-1.08,
-1.5,-1.08,
-1.5,-1.08,
-1.5,-1.08,
-1.5,-1.12,
-1.5,-1.12,
-1.43,-1.12,
-1.43,-1.12,
-1.43,-1.12,
-1.43,-1.12,
-1.43,-1.12,
-1.43,-1.12,
-1.43,-1.12,
-1.43,-1.12,
-1.43,-1.12,
-1.43,-1.12,
-1.43,-1.12,
-1.39,-1.12,
-1.39,-1.12,
-1.39,-1.12,
-1.39,-1.12,
-1.39,-1.12,
-1.39,-1.11,
-1.39,-1.11,
-1.39,-1.11,
-1.51,-1.11,
-1.51,-1.11,
-1.51,-1.11,
-1.51,-1.11,
-1.51,-1.11,
-1.51,-1.11,
-1.51,-1.11,
-1.51,-1.11,
-1.51,-0.92,
-1.51,-0.92,
-1.51,-0.92,
-1.51,-0.92,
-1.51,-0.92,
-1.51,-0.92,
-1.51,-0.92,
-1.51,-0.92,
-1.51,-0.92,
-1.51,-0.94,
-1.51,-0.94,
-1.51,-0.94,
-1.51,-0.94,
-1.5,-0.94,
-1.5,-0.94,
-1.5,-0.94,
-1.5,-0.94,
-1.5,-0.96,
-1.5,-0.96,
-1.5,-0.96,
-1.5,-0.96,
-1.5,-0.96,
-1.56,-0.96,
-1.56,-0.96,
-1.56,-0.96,
-1.56,-0.96,
-1.56,-1.09,
-1.56,-1.09,
-1.56,-1.09,
-1.56,-1.09,
-1.56,-1.09,
-1.56,-1.09,
-1.56,-1.09,
-1.58,-1.09,
-1.58,-1.09,
-1.58,-1.09,
-1.58,-1.15,
-1.58,-1.15,
-1.58,-1.15,
-1.58,-1.15,
-1.51,-1.15,
-1.51,-1.15,
-1.51,-1.15,
-1.51,-1.15,
-1.51,-1.13,
-1.51,-1.13,
-1.51,-1.13,
-1.51,-1.13,
-1.51,-1.13,
-1.33,-1.13,
-1.33,-1.13,
-1.33,-1.13,
-1.33,-1.13,
-1.33,-1.13,
-1.33,-1.13,
-1.33,-1.13,
-1.33,-1.12,
-1.33,-1.12,
-1.33,-1.12,
-1.23,-1.12,
-1.23,-1.12,
-1.23,-1.12,
-1.23,-1.12,
-1.23,-1.12,
-1.23,-1.12,
-1.23,-0.91,
-1.23,-0.91,
-1.23,-0.91,
-1.23,-0.91,
-1.39,-0.91,
-1.39,-0.91,
-1.39,-0.91,
-1.39,-0.91,
-1.39,-0.91,
-1.39,-0.91,
-1.39,-0.91,
-1.39,-0.61,
-1.39,-0.61,
-1.39,-0.61,
-1.47,-0.61,
-1.47,-0.61,
-1.47,-0.61,
-1.47,-0.61,
-1.47,-0.45,
-1.47,-0.45,
-1.47,-0.45,
-1.47,-0.45,
-1.47,-0.45,
-1.47,-0.45,
-1.47,-0.45,
-1.36,-0.45,
-1.36,-0.45,
-1.36,-0.45,
-1.36,-0.45,
-1.36,-0.45,
-1.36,-0.67,
-1.36,-0.67,
-1.3,-0.67,
-1.3,-0.67,
-1.3,-0.67,
-1.3,-0.67,
-1.3,-0.67,
-1.3,-0.67,
-1.3,-0.67,
-1.3,-0.67,
-1.3,-0.67,
-1.3,-0.67,
-1.3,-0.78,
-1.3,-0.78,
-1.11,-0.78,
-1.11,-0.78,
-1.11,-0.78,
-1.11,-0.78,
-1.11,-0.7,
-1.11,-0.7,
-1.11,-0.7,
-1.11,-0.7,
-1.0,-0.7,
-1.0,-0.7,
-1.0,-0.7,
-1.0,-0.7,
-1.0,-0.7,
-1.0,-0.51,
-1.0,-0.51,
-1.0,-0.51,
-0.94,-0.51,
-0.94,-0.51,
-0.94,-0.51,
-0.94,-0.51,
-0.94,-0.51,
-0.94,-0.51,
-0.94,-0.51,
-0.94,-0.51,
-0.94,-0.42,
-0.94,-0.42,
-0.94,-0.42,
-0.94,-0.42,
-0.94,-0.42,
-0.87,-0.42,
-0.87,-0.42,
-0.87,-0.42,
-0.87,-0.42,
-0.87,-0.42,
-0.87,-0.32,
-0.87,-0.32,
-0.87,-0.32,
-0.84,-0.32,
-0.84,-0.32,
-0.84,-0.32,
-0.84,-0.32,
-0.84,-0.27,
-0.84,-0.27,
-0.84,-0.27,
-0.84,-0.27,
-0.84,-0.27,
-0.84,-0.27,
-0.84,-0.27,
-0.93,-0.27,
-0.93,-0.27,
-0.93,-0.27,
-0.93,-0.27,
-0.93,-0.27,
-0.93,-0.52,
-0.93,-0.52,
-0.93,-0.52,
-1.0,-0.52,
-1.0,-0.52,
-1.0,-0.52,
-1.0,-0.52,
-1.0,-0.52,
-1.0,-0.52,
-1.0,-0.52,
-1.0,-0.65,
-1.0,-0.65,
-1.04,-0.65,
-1.04,-0.65,
-1.04,-0.65,
-1.04,-0.65,
-1.04,-0.65,
-1.04,-0.65,
-1.04,-0.65,
-1.04,-0.65,
-1.04,-0.65,
-1.19,-0.88,
-1.19,-0.88,
-1.19,-0.88,
-1.19,-0.88,
-1.19,-0.88,
-1.19,-0.88,
-1.19,-0.88,
-1.19,-0.88,
-1.19,-0.88,
-1.19,-0.88,
-1.19,-0.88,
-1.19,-0.88,
-1.19,-0.88,
-1.26,-0.88,
-1.26,-0.88,
-1.26,-0.88,
-1.26,-0.88,
-1.26,-0.88,
-1.26,-0.88,
-1.26,-0.88,
-1.26,-0.88,
-1.26,-0.88,
-1.27,-0.88,
-1.27,-0.88,
-1.27,-0.88,
-1.27,-0.88,
-1.27,-0.73,
-1.27,-0.73,
-1.27,-0.73,
-1.27,-0.73,
-1.27,-0.73,
-1.27,-0.73,
-1.27,-0.73,
-1.27,-0.73,
-1.27,-0.66,
-1.27,-0.66,
-1.27,-0.66,
-1.27,-0.66,
-1.27,-0.66,
-1.27,-0.66,
-1.27,-0.66,
-1.27,-0.66,
-1.23,-0.66,
-1.23,-0.66,
-1.23,-0.66,
-1.23,-0.66,
-1.23,-0.66,
-1.23,-0.5,
-1.23,-0.5,
-1.23,-0.5,
-1.23,-0.5,
-1.1,-0.5,
-1.1,-0.5,
-1.1,-0.5,
-1.1,-0.5,
-1.1,-0.5,
-1.1,-0.5,
-1.1,-0.5,
-1.1,-0.47,
-1.1,-0.47,
-1.03,-0.47,
-1.03,-0.47,
-1.03,-0.47,
-1.03,-0.46,
-1.03,-0.46,
-1.03,-0.46,
-1.03,-0.46,
-0.89,-0.46,
-0.89,-0.46,
-0.89,-0.46,
-0.89,-0.46,
-0.89,-0.46,
-0.89,-0.46,
-0.89,-0.46,
-0.89,-0.63,
-0.89,-0.63,
-0.89,-0.63,
-0.89,-0.63,
-0.82,-0.63,
-0.82,-0.63,
-0.82,-0.63,
-0.82,-0.63,
-0.82,-0.63,
-0.82,-0.63,
-0.82,-0.72,
-0.82,-0.72,
-0.82,-0.72,
-0.72,-0.72,
-0.72,-0.72,
-0.72,-0.72,
-0.72,-0.72,
-0.72,-0.72,
-0.72,-0.72,
-0.72,-0.72,
-0.72,-0.37,
-0.72,-0.37,
-0.72,-0.37,
-0.72,-0.37,
-0.77,-0.37,
-0.77,-0.37,
-0.77,-0.37,
-0.77,-0.37,
-0.77,-0.37,
-0.77,-0.2,
-0.77,-0.2,
-0.77,-0.2,
-0.8,-0.2,
-0.8,-0.2,
-0.8,-0.2,
-0.8,-0.2,
-0.8,-0.18,
-0.8,-0.18,
-0.8,-0.18,
-0.8,-0.18,
-0.73,-0.18,
-0.73,-0.18,
-0.73,-0.18,
-0.73,-0.18,
-0.73,-0.18,
-0.73,-0.18,
-0.73,-0.18,
-0.73,-0.18,
-0.73,-0.18,
-0.73,-0.41,
-0.73,-0.41,
-0.73,-0.41,
-0.7,-0.41,
-0.7,-0.41,
-0.7,-0.41,
-0.7,-0.41,
-0.7,-0.52,
-0.7,-0.52,
-0.7,-0.52,
-0.7,-0.52,
-0.7,-0.52,
-0.7,-0.52,
-0.6,-0.52,
-0.6,-0.52,
-0.6,-0.52,
-0.6,-0.52,
-0.6,-0.52,
-0.6,-0.52,
-0.6,-0.39,
-0.55,-0.39,
-0.55,-0.39,
-0.55,-0.39,
-0.55,-0.39,
-0.55,-0.39,
-0.55,-0.39,
-0.55,-0.39,
-0.55,-0.32,
-0.55,-0.32,
-0.55,-0.32,
-0.55,-0.32,
-0.57,-0.32,
-0.57,-0.32,
-0.57,-0.32,
-0.57,-0.32,
-0.57,-0.32,
-0.57,-0.3,
-0.57,-0.3,
-0.57,-0.3,
-0.57,-0.3,
-0.57,-0.3,
-0.57,-0.3,
-0.72,-0.3,
-0.72,-0.3,
-0.72,-0.3,
-0.72,-0.3,
-0.72,-0.3,
-0.72,-0.22,
-0.72,-0.22,
-0.72,-0.22,
-0.72,-0.22,
-0.8,-0.22,
-0.8,-0.22,
-0.8,-0.22,
-0.8,-0.22,
-0.8,-0.22,
-0.8,-0.18,
-0.8,-0.18,
-0.8,-0.18,
-0.8,-0.18,
-0.8,-0.18,
-0.8,-0.18,
-0.8,-0.18,
-0.58,-0.18,
-0.58,-0.18,
-0.58,-0.18,
-0.58,-0.18,
-0.58,-0.18,
-0.58,-0.21,
-0.47,-0.21,
-0.47,-0.21,
-0.47,-0.21,
-0.47,-0.21,
-0.47,-0.21,
-0.47,-0.21,
-0.47,-0.23,
-0.47,-0.23,
-0.5,-0.23,
-0.5,-0.23,
-0.5,-0.23,
-0.5,-0.23,
-0.5,-0.23,
-0.5,-0.23,
-0.5,-0.23,
-0.5,-0.23,
-0.5,-0.23,
-0.5,-0.23,
-0.83,-0.23,
-0.83,-0.23,
-0.83,-0.23,
-0.83,-0.23,
-0.83,-0.23,
-0.83,-0.23,
-0.83,-0.23,
-0.83,-0.23,
-0.83,-0.22,
-0.83,-0.22,
-0.83,-0.22,
-1.0,-0.22,
-1.0,-0.22,
-1.0,-0.22,
-1.0,-0.22,
-1.0,-0.22,
-1.0,-0.22,
-1.0,-0.28,
-1.0,-0.28,
-1.0,-0.28,
-0.98,-0.28,
-0.98,-0.28,
-0.98,-0.28,
-0.98,-0.28,
-0.98,-0.28,
-0.98,-0.28,
-0.98,-0.28,
-0.98,-0.45,
-0.98,-0.45,
-0.98,-0.45,
-0.98,-0.45,
-0.98,-0.45,
-0.98,-0.45,
-0.98,-0.45,
-0.98,-0.45,
-0.98,-0.45,
-0.98,-0.53,
-0.98,-0.53,
-0.98,-0.53,
-0.98,-0.53,
-1.02,-0.53,
-1.02,-0.53,
-1.02,-0.53,
-1.02,-0.53,
-1.02,-0.56,
-1.02,-0.56,
-1.02,-0.56,
-1.02,-0.56,
-1.02,-0.56,
-1.02,-0.56,
-1.03,-0.56,
-1.03,-0.56,
-1.03,-0.56,
-1.03,-0.56,
-1.03,-0.56,
-1.03,-0.56,
-1.03,-0.57,
-1.03,-0.57,
-1.03,-0.57,
-1.03,-0.57,
-0.99,-0.57,
-0.99,-0.57,
-0.99,-0.57,
-0.99,-0.48,
-0.99,-0.48,
-0.99,-0.48,
-0.99,-0.48,
-0.99,-0.48,
-0.96,-0.48,
-0.96,-0.48,
-0.96,-0.48,
-0.96,-0.48,
-0.96,-0.48,
-0.96,-0.48,
-0.96,-0.24,
-0.96,-0.24,
-0.96,-0.24,
-0.96,-0.24,
-0.95,-0.24,
-0.95,-0.24,
-0.95,-0.24,
-0.95,-0.24,
-0.95,-0.24,
-0.95,-0.12,
-0.95,-0.12,
-0.95,-0.12,
-0.95,-0.12,
-0.95,-0.12,
-0.75,-0.12,
-0.75,-0.12,
-0.75,-0.12,
-0.75,-0.12,
-0.75,-0.12,
-0.75,-0.12,
-0.75,-0.12,
-0.75,-0.25,
-0.75,-0.25,
-0.65,-0.25,
-0.65,-0.25,
-0.65,-0.25,
-0.65,-0.25,
-0.65,-0.25,
-0.65,-0.32,
-0.65,-0.32,
-0.65,-0.32,
-0.65,-0.32,
-0.49,-0.32,
-0.49,-0.32,
-0.49,-0.32,
-0.49,-0.32,
-0.49,-0.32,
-0.49,-0.32,
-0.49,-0.42,
-0.49,-0.42,
-0.49,-0.42,
-0.64,-0.42,
-0.64,-0.42,
-0.64,-0.42,
-0.64,-0.42,
-0.64,-0.42,
-0.64,-0.42,
-0.64,-0.42,
-0.64,-0.48,
-0.64,-0.48,
-0.64,-0.48,
-0.71,-0.48,
-0.71,-0.48,
-0.71,-0.48,
-0.71,-0.48,
-0.71,-0.48,
-0.71,-0.15,
-0.71,-0.15,
-0.71,-0.15,
-0.71,-0.15,
-0.71,-0.15,
-0.71,-0.15,
-0.71,-0.15,
-0.71,-0.15,
-0.71,0.21,
-0.71,0.21,
-0.71,0.21,
-0.71,0.21,
-0.71,0.21,
-0.71,0.21,
-0.71,0.21,
-0.71,0.21,
-0.71,0.21,
-0.71,0.21,
-0.71,0.21,
-0.71,0.4,
-0.71,0.4,
-0.71,0.4,
-0.71,0.4,
-0.69,0.4,
-0.69,0.4,
-0.69,0.4,
-0.69,0.4,
-0.69,0.4,
-0.69,0.4,
-0.69,0.1,
-0.69,0.1,
-0.69,0.1,
-0.69,0.1,
-0.67,0.1,
-0.67,0.1,
-0.67,0.1,
-0.67,0.1,
-0.67,0.1,
-0.67,0.1,
-0.67,-0.05,
-0.67,-0.05,
-0.57,-0.05,
-0.57,-0.05,
-0.57,-0.05,
-0.57,-0.05,
-0.57,-0.05,
-0.57,-0.05,
-0.57,-0.05,
-0.57,-0.41,
-0.57,-0.41,
-0.95,-0.41,
-0.95,-0.41,
-0.95,-0.41,
-0.95,-0.41,
-0.95,-0.41,
-0.95,-0.41,
-0.95,-0.41,
-0.95,-0.41,
-0.95,-0.41,
-0.95,-0.41,
-0.95,-0.29,
-0.95,-0.29,
-0.95,-0.29,
-1.14,-0.29,
-1.14,-0.29,
-1.14,-0.29,
-1.14,-0.29,
-1.14,-0.23,
-1.14,-0.23,
-1.14,-0.23,
-1.14,-0.23,
-1.14,-0.23,
-1.32,-0.23,
-1.32,-0.23,
-1.32,-0.23,
-1.32,-0.23,
-1.32,-0.23,
-1.32,-0.52,
-1.32,-0.52,
-1.32,-0.52,
-1.32,-0.52,
-1.32,-0.52,
-1.41,-0.52,
-1.41,-0.52,
-1.41,-0.52,
-1.41,-0.52,
-1.41,-0.52,
-1.41,-0.52,
-1.41,-0.66,
-1.41,-0.66,
-1.41,-0.66,
-1.41,-0.66,
-1.24,-0.66,
-1.24,-0.66,
-1.24,-0.66,
-1.24,-0.66,
-1.24,-0.66,
-1.24,-0.66,
-1.24,-0.48,
-1.24,-0.48,
-1.24,-0.48,
-1.13,-0.48,
-1.13,-0.48,
-1.13,-0.48,
-1.13,-0.48,
-1.13,0.4,
-1.13,0.4,
-1.13,0.4,
-1.13,0.4,
-1.07,0.4,
-1.07,0.4,
-1.07,0.4,
-1.07,0.4,
-1.07,0.4,
-1.07,0.84,
-1.07,0.84,
-1.07,0.84,
-1.07,0.84,
-1.07,0.84,
-1.07,0.84,
-0.98,0.84,
-0.98,0.84,
-0.98,0.84,
-0.98,0.84,
-0.98,0.84,
-0.98,0.84,
-0.98,0.84,
-0.98,0.45,
-0.98,0.45,
-0.98,0.45,
-0.98,0.45,
-0.93,0.45,
-0.93,0.45,
-0.93,0.45,
-0.93,0.45,
-0.93,0.25,
-0.93,0.25,
-0.93,0.25,
-0.93,0.25,
-0.93,0.25,
-0.82,0.25,
-0.82,0.25,
-0.82,0.25,
-0.82,0.25,
-0.82,0.25,
-0.82,-0.3,
-0.82,-0.3,
-0.82,-0.3,
-0.82,-0.3,
-0.82,-0.3,
-0.77,-0.3,
-0.77,-0.3,
-0.77,-0.3,
-0.77,-0.3,
-0.77,-0.3,
-0.77,-0.58,
-0.77,-0.58,
-0.77,-0.58,
-0.77,-0.58,
-1.14,-0.58,
-1.14,-0.58,
-1.14,-0.58,
-1.14,-0.58,
-1.14,-0.87,
-1.14,-0.87,
-1.14,-0.87,
-1.14,-0.87,
-1.14,-0.87,
-1.14,-0.87,
-1.36,-0.87,
-1.36,-0.87,
-1.36,-0.87,
-1.36,-0.87,
-1.36,-0.87,
-1.36,-0.95,
-1.36,-0.95,
-1.36,-0.95,
-1.36,-0.95,
-1.47,-0.95,
-1.47,-0.95,
-1.47,-0.95,
-1.47,-0.95,
-1.47,-0.95,
-1.47,-0.99,
-1.47,-0.99,
-1.47,-0.99,
-0.93,-0.99,
-0.93,-0.99,
-0.93,-0.99,
-0.93,-0.99,
-0.93,-0.99,
-0.93,-0.79,
-0.93,-0.79,
-0.93,-0.79,
-0.93,-0.79,
-0.93,-0.79,
-0.66,-0.79,
-0.66,-0.79,
-0.66,-0.79,
-0.66,-0.79,
-0.66,-0.79,
-0.66,-0.68,
-0.66,-0.68,
-0.66,-0.68,
0.21,-0.68,
0.21,-0.68,
0.21,-0.68,
0.21,-0.68,
0.21,-0.68,
0.21,-0.68,
0.21,-0.68,
0.21,-0.08,
0.88,-0.08,
0.88,-0.08,
0.88,-0.08,
0.88,-0.08,
0.88,-0.08,
0.88,-0.08,
0.88,-0.08,
0.88,-0.08,
0.88,0.27,
0.88,0.27,
0.88,0.27,
0.88,0.27,
0.88,0.27,
1.22,0.27,
1.22,0.27,
1.22,0.27,
1.22,0.27,
1.22,0.44,
1.22,0.44,
1.22,0.44,
1.46,0.44,
1.46,0.44,
1.46,0.44,
1.46,0.44,
1.46,0.44,
1.46,0.44,
1.46,-0.2,
1.46,-0.2,
1.46,-0.2,
1.46,-0.2,
1.46,-0.2,
1.46,-0.2,
1.46,-0.2,
1.57,-0.2,
1.57,-0.2,
1.57,-0.2,
1.57,-0.2,
1.57,-0.2,
1.57,-0.51,
1.57,-0.51,
1.57,-0.51,
1.57,-0.51,
1.2,-0.51,
1.2,-0.51,
1.2,-0.51,
1.2,-0.51,
1.2,-0.66,
1.2,-0.66,
1.2,-0.66,
1.2,-0.66,
1.2,-0.66,
1.02,-0.66,
1.02,-0.66,
1.02,-0.66,
1.02,-0.66,
1.02,-0.66,
1.02,-0.73,
0.54,-0.73,
0.54,-0.73,
0.54,-0.73,
0.54,-0.73,
0.54,-0.73,
0.54,-0.73,
0.54,-0.73,
0.54,-0.73,
0.54,-0.49,
0.54,-0.49,
0.54,-0.49,
0.54,-0.49,
0.32,-0.49,
0.32,-0.49,
0.32,-0.49,
0.32,-0.49,
0.32,-0.49,
0.32,-0.54,
0.32,-0.54,
0.32,-0.54,
0.32,-0.54,
0.32,-0.54,
0.22,-0.54,
0.22,-0.54,
0.22,-0.54,
0.22,-0.54,
0.22,-0.54,
0.22,-0.56,
0.22,-0.56,
0.22,-0.56,
0.22,-0.56,
0.48,-0.56,
0.48,-0.56,
0.48,-0.56,
0.48,-0.56,
0.48,-0.56,
0.48,-0.56,
0.48,-0.27,
0.48,-0.27,
0.48,-0.27,
0.48,-0.27,
0.62,-0.27,
0.62,-0.27,
0.62,-0.27,
0.62,-0.27,
0.62,-0.27,
0.62,-0.12,
0.62,-0.12,
0.62,-0.12,
0.62,-0.12,
0.83,-0.12,
0.83,-0.12,
0.83,-0.12,
0.83,-0.12,
0.83,-0.12,
0.83,-0.12,
0.83,-0.12,
0.83,-0.12,
0.83,0.01,
0.83,0.01,
0.83,0.01,
1.1,0.01,
1.1,0.01,
1.1,0.01,
1.1,0.01,
1.1,0.01,
1.1,0.06,
1.1,0.06,
1.1,0.06,
1.23,0.06,
1.23,0.06,
1.23,0.06,
1.23,0.06,
1.23,0.06,
1.23,0.06,
1.23,0.09,
1.23,0.09,
1.23,0.09,
1.23,0.09,
1.23,0.09,
1.23,0.09,
1.38,0.09,
1.38,0.09,
1.38,0.09,
1.38,0.09,
1.38,0.54,
1.38,0.54,
1.38,0.54,
1.46,0.54,
1.46,0.54,
1.46,0.54,
1.46,0.54,
1.46,0.54,
1.46,0.77,
1.46,0.77,
1.46,0.77,
1.46,0.77,
1.46,0.77,
1.33,0.77,
1.33,0.77,
1.33,0.77,
1.33,0.77,
1.33,0.64,
1.33,0.64,
1.33,0.64,
1.33,0.64,
1.33,0.64,
1.33,0.64,
1.26,0.64,
1.26,0.64,
1.26,0.64,
1.26,0.64,
1.26,0.57,
1.26,0.57,
1.26,0.57,
1.26,0.57,
1.26,0.57,
1.26,0.57,
1.26,0.57,
1.03,0.57,
1.03,0.57,
1.03,0.57,
1.03,0.57,
1.03,0.57,
1.03,0.34,
1.03,0.34,
1.03,0.34,
1.03,0.34,
0.78,0.34,
0.78,0.34,
0.78,0.34,
0.78,0.34,
0.78,0.2,
0.78,0.2,
0.78,0.2,
0.66,0.2,
0.66,0.2,
0.66,0.2,
0.66,0.2,
0.66,0.2,
0.66,0.2,
0.66,0.2,
0.66,0.13,
0.66,0.13,
0.66,0.13,
0.66,0.13,
0.55,0.13,
0.55,0.13,
0.55,0.13,
0.55,0.13,
0.55,0.13,
0.55,-0.38,
0.55,-0.38,
0.55,-0.38,
0.55,-0.38,
0.55,-0.38,
0.5,-0.38,
0.5,-0.38,
0.5,-0.38,
0.5,-0.38,
0.5,-0.38,
0.5,-0.38,
0.5,-0.38,
0.5,-0.38,
0.5,-0.38,
0.5,-0.38,
0.5,-0.38,
0.5,-0.64,
0.5,-0.64,
0.5,-0.64,
0.12,-0.64,
0.12,-0.64,
0.12,-0.64,
0.12,-0.64,
0.12,-0.44,
0.12,-0.44,
0.12,-0.44,
0.12,-0.44,
0.12,-0.44,
0.12,-0.44,
0.12,-0.44,
0.12,-0.68,
0.11,-0.68,
0.11,-0.68,
0.11,-0.68,
0.11,-0.68,
0.11,-0.68,
0.11,-0.68,
0.11,-0.68,
0.11,-0.68,
0.11,-0.68,
0.11,-0.8,
0.11,-0.8,
0.42,-0.8,
0.42,-0.8,
0.42,-0.8,
0.42,-0.8,
0.42,-0.8,
0.42,-0.8,
0.42,-0.8,
0.42,-0.65,
0.42,-0.65,
0.42,-0.65,
0.42,-0.65,
0.57,-0.65,
0.57,-0.65,
0.57,-0.65,
0.57,-0.65,
0.57,-0.57,
0.57,-0.57,
0.57,-0.57,
0.57,-0.57,
0.57,-0.57,
0.57,-0.57,
0.57,-0.57,
0.39,-0.57,
0.39,-0.57,
0.39,-0.57,
0.39,-0.57,
0.39,-0.63,
0.39,-0.63,
0.39,-0.63,
0.39,-0.63,
0.31,-0.63,
0.31,-0.63,
0.31,-0.63,
0.31,-0.63,
0.31,-0.63,
0.31,-0.63,
0.31,-0.63,
0.31,-0.66,
0.31,-0.66,
0.31,-0.66,
-0.04,-0.66,
-0.04,-0.66,
-0.04,-0.66,
-0.04,-0.66,
-0.04,-0.66,
-0.04,-0.66,
-0.04,-0.86,
-0.04,-0.86,
-0.04,-0.86,
-0.04,-0.86,
-0.04,-0.86,
-0.55,-0.86,
-0.55,-0.86,
-0.55,-0.86,
-0.55,-0.86,
-0.55,-0.86,
-0.55,-1.24,
-0.55,-1.24,
-0.8,-1.24,
-0.8,-1.24,
-0.8,-1.24,
-0.8,-1.24,
-0.8,-1.24,
-0.8,-1.42,
-0.8,-1.42,
-0.94,-1.42,
-0.94,-1.42,
-0.94,-1.42,
-0.94,-1.42,
-0.94,-1.42,
-0.94,-1.42,
-0.94,-1.42,
-0.94,-1.25,
-0.94,-1.25,
-0.94,-1.25,
-1.01,-1.25,
-1.01,-1.25,
-1.01,-1.25,
-1.01,-1.25,
-1.01,-1.25,
-1.01,-1.17,
-1.01,-1.17,
-1.01,-1.17,
-1.01,-1.17,
-1.01,-1.17,
-0.92,-1.17,
-0.92,-1.17,
-0.92,-1.17,
-0.92,-1.17,
-0.92,-1.17,
-0.92,-1.17,
-0.92,-1.14,
-0.92,-1.14,
-0.92,-1.14,
-1.0,-1.14,
-1.0,-1.14,
-1.0,-1.14,
-1.0,-1.14,
-1.0,-1.14,
-1.0,-1.06,
-1.0,-1.06,
-1.0,-1.06,
-1.0,-1.06,
-1.0,-1.06,
-1.04,-1.06,
-1.04,-1.06,
-1.04,-1.06,
-1.04,-1.06,
-1.04,-1.06,
-1.04,-1.06,
-1.04,-1.01,
-1.04,-1.01,
-1.09,-1.01,
-1.09,-1.01,
-1.09,-1.01,
-1.09,-1.01,
-1.09,-1.01,
-1.09,-1.01,
-1.09,-1.01,
-1.09,-1.01,
-1.09,-1.42,
-1.09,-1.42,
-1.09,-1.42,
-1.09,-1.42,
-1.09,-1.42,
-1.11,-1.42,
-1.11,-1.42,
-1.11,-1.42,
-1.11,-1.62,
-1.11,-1.62,
-1.11,-1.62,
-1.11,-1.62,
-1.11,-1.62,
-1.36,-1.62,
-1.36,-1.62,
-1.36,-1.62,
-1.36,-1.62,
-1.36,-1.62,
-1.36,-2.11,
-1.48,-2.11,
-1.48,-2.11,
-1.48,-2.11,
-1.48,-2.11,
-1.48,-2.11,
-1.48,-2.36,
-1.48,-2.36,
-1.48,-2.36,
-1.48,-2.36,
-1.48,-2.36,
-1.3,-2.36,
-1.3,-2.36,
-1.3,-2.36,
-1.3,-2.36,
-1.3,-2.36,
-1.3,-1.76,
-1.3,-1.76,
-1.3,-1.76,
-1.3,-1.76,
-1.3,-1.76,
-1.3,-1.76,
-1.3,-1.76,
-0.96,-1.76,
-0.96,-1.76,
-0.96,-1.76,
-0.96,-1.76,
-0.96,-1.35,
-0.96,-1.35,
-0.96,-1.35,
-0.96,-1.35,
-0.79,-1.35,
-0.79,-1.35,
-0.79,-1.35,
-0.79,-1.35,
-0.79,-1.35,
-0.79,-1.35,
-0.79,-1.15,
-0.79,-1.15,
-0.79,-1.15,
-0.34,-1.15,
-0.34,-1.15,
-0.34,-1.15,
-0.34,-1.15,
-0.34,-1.39,
-0.34,-1.39,
-0.34,-1.39,
-0.34,-1.39,
-0.34,-1.39,
-0.34,-1.39,
-0.34,-1.39,
-0.11,-1.39,
-0.11,-1.39,
-0.11,-1.39,
-0.11,-1.39,
-0.11,-1.39,
-0.11,-1.52,
-0.11,-1.52,
-0.11,-1.52,
-0.11,-1.52,
-0.28,-1.52,
-0.28,-1.52,
-0.28,-1.52,
-0.28,-1.52,
-0.28,-1.52,
-0.28,-1.12,
-0.28,-1.12,
-0.28,-1.12,
-0.28,-1.12,
-0.6,-1.12,
-0.6,-1.12,
-0.6,-1.12,
-0.6,-1.12,
-0.6,-1.12,
-0.6,-1.12,
-0.6,-1.12,
-0.6,-1.12,
-0.6,-1.12,
-0.6,-0.8,
-0.6,-0.8,
-0.6,-0.8,
-0.76,-0.8,
-0.76,-0.8,
-0.76,-0.8,
-0.76,-0.64,
-0.76,-0.64,
-0.76,-0.64,
-0.76,-0.64,
-0.76,-0.64,
-1.44,-0.64,
-1.44,-0.64,
-1.44,-0.64,
-1.44,-0.64,
-1.44,-0.64,
-1.44,-0.83,
-1.44,-0.83,
-1.44,-0.83,
-1.79,-0.83,
-1.79,-0.83,
-1.79,-0.83,
-1.79,-0.83,
-1.79,-0.83,
-1.79,-0.83,
-1.79,-0.93,
-1.79,-0.93,
-1.79,-0.93,
-2.74,-0.93,
-2.74,-0.93,
-2.74,-0.93,
-2.74,-0.93,
-2.74,-0.93,
-2.74,-1.18,
-2.74,-1.18,
-2.74,-1.18,
-2.74,-1.18,
-2.74,-1.18,
-2.74,-1.18,
-3.22,-1.18,
-3.22,-1.18,
-3.22,-1.18,
-3.22,-1.18,
-3.22,-1.3,
-3.22,-1.3,
-3.22,-1.3,
-3.22,-1.3,
-3.82,-1.3,
-3.82,-1.3,
-3.82,-1.3,
-3.82,-1.3,
-3.82,-1.3,
-3.82,-1.67,
-3.82,-1.67,
-3.82,-1.67,
-3.82,-1.67,
-3.82,-1.67,
-3.82,-1.67,
-3.97,-1.67,
-3.97,-1.67,
-3.97,-1.67,
-3.97,-1.67,
-3.97,-1.67,
-3.97,-1.67,
-3.97,-1.67,
-3.97,-1.28,
-4.05,-1.28,
-4.05,-1.28,
-4.05,-1.28,
-4.05,-1.28,
-4.05,-1.28,
-4.05,-1.28,
-4.05,-1.28,
-4.05,-1.09,
-4.05,-1.09,
-4.05,-1.09,
-3.5,-1.09,
-3.5,-1.09,
-3.5,-1.09,
-3.5,-1.09,
-3.5,-1.09,
-3.5,-1.09,
-3.5,-0.45,
-3.5,-0.45,
-3.5,-0.45,
-3.23,-0.45,
-3.23,-0.45,
-3.23,-0.13,
-3.23,-0.13,
-3.23,-0.13,
-3.23,-0.13,
-3.23,-0.13,
-2.72,-0.13,
-2.72,-0.13,
-2.72,-0.13,
-2.72,-0.13,
-2.72,0.55,
-2.72,0.55,
-2.72,0.55,
-2.72,0.55,
-2.72,0.55,
-2.14,0.55,
-2.14,0.55,
-2.14,0.55,
-2.14,0.55,
-2.14,0.55,
-2.14,1.07,
-2.14,1.07,
-2.14,1.07,
-2.14,1.07,
-2.14,1.07,
-1.85,1.07,
-1.85,1.07,
-1.85,1.07,
-1.85,1.07,
-1.85,1.07,
-1.85,1.33,
-1.85,1.33,
-1.85,1.33,
-1.85,1.33,
-1.85,1.33,
0.01,1.33,
0.01,1.33,
0.01,1.33,
0.01,1.33,
0.01,2.66,
0.01,2.66,
0.01,2.66,
0.96,2.66,
0.96,2.66,
0.96,2.66,
0.96,2.66,
0.96,2.66,
0.96,2.66,
0.96,3.32,
0.96,3.32,
0.96,3.32,
0.96,3.32,
0.96,3.32,
0.96,3.32,
0.96,3.32,
1.57,3.32,
1.57,3.32,
1.57,3.32,
1.57,3.32,
1.57,3.51,
1.57,3.51,
1.57,3.51,
1.57,3.51,
1.87,3.51,
1.87,3.51,
1.87,3.51,
1.87,3.51,
1.87,3.51,
1.87,3.6,
1.87,3.6,
1.87,3.6,
1.87,3.6,
1.49,3.6,
1.49,3.6,
1.49,3.6,
1.49,3.6,
1.49,3.6,
1.49,3.6,
1.49,3.6,
1.49,3.55,
1.49,3.55,
1.49,3.55,
0.52,3.55,
0.52,3.55,
0.52,3.55,
0.52,3.55,
0.52,3.06,
0.52,3.06,
0.52,3.06,
0.52,3.06,
0.52,3.06,
0.52,3.06,
0.52,3.06,
0.04,3.06,
0.04,3.06,
0.04,2.83,
0.04,2.83,
0.04,2.83,
0.04,2.83,
0.04,2.83,
0.04,2.83,
0.04,2.83,
-0.01,2.83,
-0.01,2.83,
-0.01,2.83,
-0.01,2.83,
-0.01,2.59,
-0.01,2.59,
-0.01,2.59,
-0.03,2.59,
-0.03,2.59,
-0.03,2.59,
-0.03,2.59,
-0.03,2.59,
-0.03,2.59,
-0.03,2.59,
-0.03,2.59,
-0.03,2.47,
-0.03,2.47,
-0.03,2.47,
-0.03,2.47,
-0.03,2.47,
0.47,2.47,
0.47,2.47,
0.47,2.47,
0.47,2.96,
1.16,2.96,
1.16,2.96,
1.16,2.96,
1.16,2.96,
1.16,2.94,
1.16,2.94,
1.16,2.94,
1.51,2.94,
1.51,2.94,
1.51,2.94,
1.51,2.94,
1.51,2.94,
1.51,2.93,
1.51,2.93,
1.51,2.93,
1.51,2.93,
1.51,2.93,
1.51,2.93,
1.5,2.93,
1.5,2.93,
1.5,2.93,
1.5,2.93,
1.5,2.72,
1.5,2.72,
1.5,2.72,
1.5,2.72,
1.5,2.72,
1.5,2.72,
1.5,2.72,
1.5,2.72,
1.5,2.72,
1.5,2.72,
1.5,2.72,
1.5,2.62,
1.5,2.62,
1.5,2.62,
1.5,2.62,
1.72,2.62,
1.72,2.4,
1.72,2.4,
1.72,2.4,
1.72,2.4,
1.83,2.4,
1.83,2.4,
1.83,2.29,
1.83,2.29,
1.83,2.29,
1.83,2.29,
1.83,2.29,
1.83,2.29,
1.83,2.29,
1.83,2.29,
1.83,2.29,
1.27,2.29,
1.27,2.29,
1.27,2.29,
1.27,1.77,
1.27,1.77,
1.27,1.77,
1.27,1.77,
0.62,1.77,
0.62,1.77,
0.62,1.77,
0.62,1.77,
0.62,1.77,
0.62,1.77,
0.62,0.3,
0.62,0.3,
0.62,0.3,
0.3,0.3,
0.3,0.3,
0.3,0.3,
0.3,0.3,
0.3,0.3,
0.3,-0.43,
0.3,-0.43,
0.3,-0.43,
0.3,-0.43,
0.3,-0.43,
0.3,-0.43,
0.3,-0.43,
-0.16,-0.43,
-0.16,-0.43,
-0.16,-0.43,
-0.16,-1.18,
-0.16,-1.18,
-0.16,-1.18,
-0.16,-1.18,
-0.16,-1.18,
-0.16,-1.18,
-0.16,-1.18,
-0.38,-1.18,
-0.38,-1.18,
-0.38,-1.18,
-0.38,-1.55,
-0.38,-1.55,
-0.38,-1.55,
-0.38,-1.55,
-0.38,-1.55,
-0.87,-1.55,
-0.87,-1.55,
-0.87,-1.55,
-0.87,-1.55,
-0.87,-1.55,
-0.87,-1.48,
-0.87,-1.48,
-0.87,-1.48,
-0.87,-1.48,
-0.87,-1.48,
-1.38,-1.48,
-1.38,-1.48,
-1.38,-1.48,
-1.38,-1.48,
-1.38,-1.48,
-1.38,-1.48,
-1.38,-2.32,
-1.64,-2.32,
-1.64,-2.32,
-1.64,-2.32,
-1.64,-2.32,
-1.64,-2.32,
-1.64,-2.32,
-1.64,-2.32,
-1.64,-2.32,
-1.64,-2.73,
-1.64,-2.73,
-1.64,-2.73,
-1.64,-2.73,
-1.28,-2.73,
-1.28,-2.73,
-1.28,-2.76,
-1.28,-2.76,
-1.28,-2.76,
-1.28,-2.76,
-1.28,-2.76,
-1.28,-2.76,
-1.1,-2.76,
-1.1,-2.76,
-1.1,-2.78,
-1.1,-2.78,
-1.1,-2.78,
-1.1,-2.78,
-1.1,-2.78,
-1.1,-2.78,
-1.1,-2.78,
-0.56,-2.78,
-0.56,-2.78,
-0.56,-2.78,
-0.56,-2.78,
-0.56,-1.48,
-0.56,-1.48,
-0.56,-1.48,
-0.56,-1.48,
-0.56,-1.48,
-0.29,-1.48,
-0.29,-1.48,
-0.29,-1.48,
-0.29,-1.48,
-0.29,-1.48,
-0.29,-0.82,
-0.29,-0.82,
-0.29,-0.82,
0.28,-0.82,
0.28,-0.82,
0.28,-0.82,
0.28,-0.82,
0.28,-0.82,
0.28,-0.82,
0.28,-0.82,
0.28,-0.82,
0.28,-0.82,
0.28,0.11,
0.28,0.11,
0.28,0.11,
0.28,0.11,
0.28,0.11,
0.17,0.11,
0.17,0.11,
0.17,0.11,
0.17,-0.16,
0.17,-0.16,
0.17,-0.16,
0.11,-0.16,
0.11,-0.16,
0.11,-0.16,
0.11,-0.16,
0.11,-0.16,
0.11,-0.29,
0.11,-0.29,
0.11,-0.29,
0.11,-0.29,
0.15,-0.29,
0.15,-0.29,
0.15,-0.29,
0.15,-0.29,
0.15,-0.29,
0.15,-0.29,
0.15,-0.29,
0.15,-1.2,
0.15,-1.2,
0.15,-1.2,
0.15,-1.2,
0.17,-1.2,
0.17,-1.2,
0.17,-1.2,
0.17,-1.2,
0.17,-1.2,
0.17,-1.65,
0.17,-1.65,
0.17,-1.65,
0.17,-1.65,
0.17,-1.65,
-0.2,-1.65,
-0.2,-1.65,
-0.2,-1.65,
-0.2,-2.37,
-0.2,-2.37,
-0.2,-2.37,
-0.2,-2.37,
-0.2,-2.37,
-0.2,-2.37,
-0.89,-2.37,
-0.89,-2.37,
-0.89,-2.37,
-0.89,-2.37,
-0.89,-3.79,
-0.89,-3.79,
-0.89,-3.79,
-1.24,-3.79,
-1.24,-3.79,
-1.24,-3.79,
-1.24,-3.79,
-1.24,-3.79,
-1.24,-3.79,
-1.24,-4.49,
-1.24,-4.49,
-1.24,-4.49,
-1.24,-4.49,
-1.24,-4.49,
-2.74,-4.49,
-2.74,-4.49,
-2.74,-4.49,
-2.74,-4.49,
-2.74,-4.49,
-2.74,-5.98,
-2.74,-5.98,
-2.74,-5.98,
-2.74,-5.98,
-3.48,-5.98,
-3.48,-5.98,
-3.48,-5.98,
-3.48,-5.98,
-3.48,-5.98,
-3.48,-5.98,
-3.48,-5.98,
-3.48,-5.98,
-3.48,-6.72,
-3.48,-6.72,
-3.48,-6.72,
-4.22,-6.72,
-4.22,-6.72,
-4.22,-6.72,
-4.22,-6.72,
-4.22,-7.37,
-4.22,-7.37,
-4.22,-7.37,
-4.22,-7.37,
-4.59,-7.37,
-4.59,-7.37,
-4.59,-7.37,
-4.59,-7.37,
-4.59,-7.37,
-4.59,-7.69,
-4.59,-7.69,
-4.59,-7.69,
-4.59,-7.69,
-5.75,-7.69,
-5.75,-7.69,
-5.75,-7.69,
-5.75,-7.44,
-5.75,-7.44,
-5.75,-7.44,
-5.75,-7.44,
-5.37,-7.44,
-5.37,-7.44,
-5.37,-7.44,
-5.37,-7.44,
-5.37,-7.44,
-5.37,-7.44,
-5.37,-7.44,
-5.37,-7.11,
-5.37,-7.11,
-5.37,-7.11,
-5.37,-7.11,
-5.19,-7.11,
-5.19,-7.11,
-5.19,-7.11,
-5.19,-7.11,
-5.19,-7.11,
-5.19,-7.11,
-5.19,-7.11,
-5.19,-6.95,
-4.15,-6.95,
-4.15,-6.95,
-4.15,-6.95,
-4.15,-6.95,
-4.15,-6.95,
-4.15,-6.95,
-4.15,-6.98,
-4.15,-6.98,
-4.15,-6.98,
-4.15,-6.98,
-3.63,-6.98,
-3.63,-6.98,
-3.63,-6.98,
-3.63,-6.98,
-3.63,-6.98,
-3.63,-6.98,
-3.63,-6.98,
-3.63,-6.98,
-3.63,-7.0,
-3.63,-7.0,
-3.63,-7.0,
-3.63,-7.0,
-3.02,-7.0,
-3.02,-7.0,
-3.02,-7.0,
-3.02,-7.0,
-3.02,-7.0,
-3.02,-7.15,
-3.02,-7.15,
-3.02,-7.15,
-3.02,-7.15,
-3.27,-7.15,
-3.27,-7.15,
-3.27,-7.15,
-3.27,-7.15,
-3.27,-7.15,
-3.27,-7.15,
-3.27,-7.66,
-3.27,-7.66,
-3.27,-7.66,
-3.27,-7.66,
-3.39,-7.66,
-3.39,-7.66,
-3.39,-7.66,
-3.39,-7.66,
-3.39,-7.92,
-3.39,-7.92,
-3.39,-7.92,
-3.39,-7.92,
-3.39,-7.92,
-3.39,-7.92,
-3.39,-7.92,
-3.39,-7.92,
-3.75,-7.92,
-3.75,-7.92,
-3.75,-7.92,
-3.75,-7.92,
-3.75,-7.92,
-3.75,-8.73,
-3.75,-8.73,
-3.75,-8.73,
-3.93,-8.73,
-3.93,-8.73,
-3.93,-8.73,
-3.93,-8.73,
-3.93,-9.13,
-3.93,-9.13,
-3.93,-9.13,
-3.93,-9.13,
-3.93,-9.13,
-3.93,-9.13,
-3.69,-9.13,
-3.69,-9.13,
-3.69,-9.13,
-3.69,-9.13,
-3.69,-9.13,
-3.69,-9.04,
-3.69,-9.04,
-3.69,-9.04,
-3.58,-9.04,
-3.58,-9.04,
-3.58,-9.04,
-3.58,-9.04,
-3.58,-9.04,
-3.58,-9.04,
-3.58,-9.04,
-3.58,-8.99,
-3.58,-8.99,
-3.58,-8.99,
-3.58,-8.99,
-3.36,-8.99,
-3.36,-8.99,
-3.36,-8.99,
-3.36,-8.72,
-3.36,-8.72,
-3.36,-8.72,
-3.36,-8.72,
-3.01,-8.72,
-3.01,-8.72,
-3.01,-8.72,
-3.01,-8.72,
-3.01,-8.72,
-3.01,-8.72,
-3.01,-8.72,
-3.01,-9.22,
-3.01,-9.22,
-3.01,-9.22,
-2.83,-9.22,
-2.83,-9.22,
-2.83,-9.22,
-2.83,-9.22,
-2.83,-9.22,
-2.83,-9.47,
-2.83,-9.47,
-2.83,-9.47,
-2.83,-9.47,
-2.83,-9.47,
-2.66,-9.47,
-2.66,-9.47,
-2.66,-9.47,
-2.66,-9.89,
-2.66,-9.89,
-2.66,-9.89,
-2.66,-9.89,
-2.66,-9.89,
-2.66,-9.89,
-2.66,-9.89,
-2.57,-9.89,
-2.57,-9.89,
-2.57,-9.89,
-2.57,-9.89,
-2.57,-10.09,
-2.57,-10.09,
-2.57,-10.09,
-2.57,-10.09,
-2.57,-10.09,
-2.28,-10.09,
-2.28,-10.09,
-2.28,-10.09,
-2.28,-10.09,
-2.28,-10.09,
-2.28,-10.1,
-2.28,-10.1,
-1.99,-10.1,
-1.99,-10.1,
-1.99,-10.1,
-1.99,-10.1,
-1.99,-10.1,
-1.99,-10.1,
-1.99,-10.1,
-1.99,-10.1,
-1.99,-10.52,
-1.99,-10.52,
-1.99,-10.52,
-1.99,-10.52,
-1.99,-10.52,
-1.85,-10.52,
-1.85,-10.52,
-1.85,-10.52,
-1.85,-10.52,
-1.85,-10.52,
-1.85,-10.74,
-1.85,-10.74,
-1.85,-10.74,
-1.25,-10.74,
-1.25,-10.74,
-1.25,-10.74,
-1.25,-10.74,
-1.25,-10.34,
-1.25,-10.34,
-1.25,-10.34,
-1.25,-10.34,
-1.25,-10.34,
-1.25,-10.34,
-0.94,-10.34,
-0.94,-10.34,
-0.94,-10.34,
-0.94,-10.14,
-0.94,-10.14,
-0.94,-10.14,
-0.94,-10.14,
-0.94,-10.14,
-0.94,-10.14,
-0.94,-10.14,
-0.62,-10.14,
-0.62,-10.14,
-0.62,-10.14,
-0.62,-10.14,
-0.62,-4.66,
-0.62,-4.66,
-0.62,-4.66,
-0.47,-4.66,
-0.47,-4.66,
-0.47,-4.66,
-0.47,-4.66,
-0.47,-4.66,
-0.47,-2.18,
-0.47,-2.18,
-0.47,-2.18,
-0.47,-2.18,
-0.47,-2.18,
1.51,-2.18,
1.51,-2.18,
1.51,-2.18,
1.51,-2.18,
1.51,-7.18,
1.51,-7.18,
1.51,-7.18,
1.51,-7.18,
1.13,-7.18,
1.13,-7.18,
1.13,-7.18,
1.13,-7.18,
1.13,-7.18,
1.13,-7.18,
1.13,-9.64,
1.13,-9.64,
1.13,-9.64,
0.94,-9.64,
0.94,-9.64,
0.94,-9.64,
0.94,-9.64,
0.94,-9.64,
0.94,-9.64,
0.94,-10.87,
0.94,-10.87,
-1.3,-10.87,
-1.3,-10.87,
-1.3,-10.87,
-1.3,-10.87,
-1.3,-11.87,
-1.3,-11.87,
-1.3,-11.87,
-1.3,-11.87,
-1.3,-11.87,
-1.3,-11.87,
-1.3,-11.87,
-2.45,-11.87,
-2.45,-11.87,
-2.45,-11.87,
-2.45,-11.87,
-2.45,-11.87,
-2.45,-12.4,
-2.45,-12.4,
-2.45,-12.4,
-2.45,-12.4,
-2.45,-12.4,
-5.75,-12.4,
-5.75,-12.4,
-5.75,-12.4,
-5.75,-12.4,
-5.75,-12.4,
-5.75,-13.41,
-5.75,-13.41,
-5.75,-13.41,
-6.79,-13.41,
-6.79,-13.41,
-6.79,-13.41,
-6.79,-13.41,
-6.79,-13.41,
-6.79,-13.41,
-6.79,-14.89,
-6.79,-14.89,
-6.79,-14.89,
-6.79,-14.89,
-7.32,-14.89,
-7.32,-14.89,
-7.32,-14.89,
-7.32,-14.89,
-7.32,-15.65,
-7.32,-15.65,
-7.32,-15.65,
-7.32,-15.65,
-7.32,-15.65,
-7.32,-15.65,
-5.71,-15.65,
-5.71,-15.65,
-5.71,-15.65,
-5.71,-15.65,
-5.71,-15.65,
-5.71,-14.67,
-5.71,-14.67,
-5.71,-14.67,
-4.84,-14.67,
-4.84,-14.67,
-4.84,-14.67,
-4.84,-14.67,
-4.84,-14.67,
-4.84,-14.14,
-4.84,-14.14,
-4.84,-14.14,
-4.84,-14.14,
-4.84,-14.14,
-3.88,-14.14,
-3.88,-14.14,
-3.88,-14.14,
-3.88,-14.14,
-3.88,-12.39,
-3.88,-12.39,
-3.88,-12.39,
-3.88,-12.39,
-3.88,-12.39,
-3.88,-12.39,
-3.36,-12.39,
-3.36,-12.39,
-3.36,-12.39,
-3.36,-12.39,
-3.36,-11.45,
-3.36,-11.45,
-3.36,-11.45,
-3.36,-11.45,
-3.74,-11.45,
-3.74,-11.45,
-3.74,-11.45,
-3.74,-11.45,
-3.74,-11.45,
-3.74,-11.45,
-3.74,-13.5,
-3.74,-13.5,
-3.74,-13.5,
-3.74,-13.5,
-2.37,-13.5,
-2.37,-13.5,
-2.37,-13.5,
-2.37,-13.5,
-2.37,-13.5,
-2.37,-17.67,
-2.37,-17.67,
-2.37,-17.67,
-2.37,-17.67,
-2.37,-17.67,
-2.37,-17.67,
-1.66,-17.67,
-1.66,-17.67,
-1.66,-17.67,
-1.66,-17.67,
-1.66,-19.51,
-1.66,-19.51,
-1.66,-19.51,
-1.66,-19.51,
0.1,-19.51,
0.1,-19.51,
0.1,-19.51,
0.1,-11.36,
0.1,-11.36,
0.1,-11.36,
0.1,-11.36,
0.1,-11.36,
0.1,-11.36,
0.95,-11.36,
0.95,-11.36,
0.95,-11.36,
0.95,-11.36,
0.95,-11.36,
0.95,-7.15,
0.95,-7.15,
0.95,-7.15,
0.95,-7.15,
0.95,-7.15,
1.82,-7.15,
1.82,-7.15,
1.82,-7.15,
1.82,-7.15,
1.82,-7.15,
1.82,-7.15,
1.82,-7.15,
1.82,-3.77,
4.66,-3.77,
4.66,-3.77,
4.66,-3.77,
4.66,-3.77,
4.66,-3.77,
4.66,-3.77,
4.66,-3.75,
4.66,-3.75,
4.66,-3.75,
4.66,-3.75,
4.66,-3.75,
6.1,-3.75,
6.1,-3.75,
6.1,-3.74,
6.1,-3.74,
6.1,-3.74,
6.1,-3.74,
6.1,-3.74,
7.04,-3.74,
7.04,-3.74,
7.04,-3.74,
7.04,-3.74,
7.04,-9.07,
7.04,-9.07,
7.04,-9.07,
7.04,-9.07,
7.49,-9.07,
7.49,-9.07,
7.49,-9.07,
7.49,-9.07,
7.49,-9.07,
7.49,-9.07,
7.49,-9.07,
7.49,-9.07,
7.49,-11.8,
7.49,-11.8,
7.49,-11.8,
7.51,-11.8,
7.51,-11.8,
7.51,-11.8,
7.51,-11.8,
7.51,-11.8,
7.51,-11.8,
7.51,-11.8,
7.51,-16.13,
7.51,-16.13,
7.52,-16.13,
7.52,-16.13,
7.52,-16.13,
7.52,-16.13,
7.52,-16.13,
7.52,-18.18,
7.52,-18.18,
7.52,-18.18,
7.52,-18.18,
7.52,-18.18,
7.52,-18.18,
7.52,-18.18,
7.52,-18.18,
5.2,-18.18,
5.2,-18.18,
5.2,-18.18,
5.2,-18.05,
5.2,-18.05,
5.2,-18.05,
5.2,-18.05,
5.2,-18.05,
1.97,-18.05,
1.97,-18.05,
1.97,-18.05,
1.97,-18.05,
1.97,-18.05,
1.97,-21.26,
1.97,-21.26,
1.97,-21.26,
0.44,-21.26,
0.44,-21.26,
0.44,-21.26,
0.44,-21.26,
0.44,-21.26,
0.44,-21.26,
0.44,-22.9,
0.44,-22.9,
0.44,-22.9,
0.44,-22.9,
-2.04,-22.9,
-2.04,-22.9,
-2.04,-22.9,
-2.04,-22.9,
-2.04,-22.9,
-2.04,-22.9,
-2.04,-22.9,
-2.04,-26.5,
-2.04,-26.5,
-2.04,-26.5,
-2.04,-26.5,
-3.28,-26.5,
-3.28,-26.5,
-3.28,-26.5,
-3.28,-26.5,
-3.28,-28.26,
-3.28,-28.26,
-3.28,-28.26,
-3.28,-28.26,
-5.51,-28.26,
-5.51,-28.26,
-5.51,-28.26,
-5.51,-28.26,
-5.51,-28.26,
-5.51,-28.26,
-5.51,-30.17,
-5.51,-30.17,
-5.51,-30.17,
-5.51,-30.17,
-5.51,-30.17,
-5.51,-30.17,
-7.33,-30.17,
-7.33,-30.17,
-7.33,-30.17,
-7.33,-30.17,
-7.33,-30.17,
-7.33,-30.17,
-7.33,-30.17,
-7.33,-30.17,
-7.33,-30.17,
-7.33,-30.17,
-7.33,-30.17,
-7.33,-30.17,
-7.33,-32.04,
-7.33,-32.04,
-8.24,-32.04,
-8.24,-32.04,
-8.24,-32.04,
-8.24,-32.04,
-8.24,-32.04,
-8.24,-32.97,
-8.24,-32.97,
-8.24,-32.97,
-8.24,-32.97,
-8.24,-32.97,
-8.82,-32.97,
-8.82,-32.97,
-8.82,-33.95,
-8.82,-33.95,
-8.82,-33.95,
-9.12,-33.95,
-9.12,-33.95,
-9.12,-33.95,
-9.12,-33.95,
-9.12,-33.95,
-9.12,-34.44,
-9.12,-34.44,
-9.12,-34.44,
-9.12,-34.44,
-9.43,-34.44,
-9.43,-34.44,
-9.43,-34.44,
-9.43,-35.86,
-9.43,-35.86,
-9.43,-35.86,
-9.58,-35.86,
-9.58,-35.86,
-9.58,-35.86,
-9.58,-35.86,
-9.58,-35.86,
-9.58,-35.86,
-9.58,-36.83,
-9.58,-36.83,
-9.58,-36.83,
-9.77,-36.83,
-9.77,-36.83,
-9.77,-36.83,
-9.77,-36.83,
-9.77,-36.83,
-9.77,-37.31,
-9.77,-37.31,
-9.77,-37.31,
-9.77,-37.31,
-9.77,-37.31,
-9.82,-37.31,
-9.82,-37.31,
-9.82,-37.31,
-9.82,-37.31,
-9.82,-37.31,
-9.82,-37.31,
-9.82,-37.31,
-9.82,-36.93,
-9.82,-36.93,
-9.85,-36.93,
-9.85,-36.93,
-9.85,-36.93,
-9.85,-36.93,
-9.85,-36.74,
-9.85,-36.74,
-9.85,-36.74,
-9.85,-36.74,
-9.47,-36.74,
-9.47,-36.74,
-9.47,-36.74,
-9.47,-36.74,
-9.47,-36.74,
-9.47,-36.74,
-9.47,-36.74,
-9.47,-36.18,
-9.47,-36.18,
-9.47,-36.18,
-9.28,-36.18,
-9.28,-36.18,
-9.28,-36.18,
-9.28,-36.18,
-9.28,-36.18,
-9.28,-36.18,
-9.28,-36.18,
-9.28,-35.91,
-9.28,-35.91,
-9.28,-35.91,
-8.16,-35.91,
-8.16,-35.91,
-8.16,-35.91,
-8.16,-35.91,
-8.16,-35.91,
-8.16,-35.11,
-8.16,-35.11,
-8.16,-35.11,
-8.16,-35.11,
-6.37,-35.11,
-6.37,-35.11,
-6.37,-35.11,
-6.37,-35.11,
-6.37,-35.11,
-6.37,-33.56,
-6.37,-33.56,
-6.37,-33.56,
-6.37,-33.56,
-5.44,-33.56,
-5.44,-33.56,
-5.44,-33.56,
-5.44,-33.56,
-5.44,-33.56,
-5.44,-33.56,
-5.44,-32.78,
-5.44,-32.78,
-5.44,-32.78,
-5.44,-32.78,
-5.44,-32.78,
-3.51,-32.78,
-3.51,-32.78,
-3.51,-32.78,
-3.51,-32.78,
-3.51,-31.14,
-3.51,-31.14,
-3.51,-31.14,
-3.51,-31.14,
-3.51,-31.14,
-2.53,-31.14,
-2.53,-31.14,
-2.53,-31.14,
-2.53,-31.14,
-2.53,-31.14,
-2.53,-30.32,
-2.53,-30.32,
-2.53,-30.32,
-2.53,-30.32,
-2.53,-30.32,
-0.95,-30.32,
-0.95,-30.32,
-0.95,-30.32,
-0.95,-29.12,
-0.95,-29.12,
-0.95,-29.12,
-0.95,-29.12,
-0.13,-29.12,
-0.13,-29.12,
-0.13,-29.12,
-0.13,-29.12,
-0.13,-29.12,
-0.13,-27.02,
-0.13,-27.02,
-0.13,-27.02,
0.51,-27.02,
0.51,-27.02,
0.51,-27.02,
0.51,-27.02,
0.51,-27.02,
0.51,-27.02,
0.51,-27.02,
0.51,-25.92,
0.51,-25.92,
0.51,-25.92,
0.72,-25.92,
0.72,-25.92,
0.72,-25.92,
0.72,-25.92,
0.72,-25.92,
0.72,-25.92,
0.72,-24.78,
0.72,-24.78,
0.83,-24.78,
0.83,-24.78,
0.83,-24.78,
0.83,-24.78,
0.83,-24.78,
0.83,-24.78,
0.83,-24.78,
0.83,-24.78,
0.83,-24.78,
0.83,-24.22,
0.83,-24.22,
0.83,-24.22,
0.83,-24.22,
1.68,-24.22,
1.68,-24.22,
1.68,-24.22,
1.68,-24.22,
1.68,-24.22,
1.68,-25.19,
1.68,-25.19,
2.12,-25.19,
2.12,-25.19,
2.12,-25.19,
2.12,-25.19,
2.12,-25.19,
2.12,-25.19,
2.12,-25.67,
2.12,-25.67,
2.12,-25.67,
2.12,-25.67,
3.47,-25.67,
3.47,-25.67,
3.47,-25.67,
3.47,-25.67,
3.47,-25.67,
3.47,-25.67,
3.47,-25.67,
3.47,-24.88,
3.47,-24.88,
3.47,-24.88,
4.3,-24.88,
4.3,-24.88,
4.3,-24.88,
4.3,-24.88,
4.3,-24.88,
4.3,-24.88,
4.3,-24.88,
4.3,-24.88,
4.3,-21.42,
4.3,-21.42,
4.3,-21.42,
4.72,-21.42,
4.72,-21.42,
4.72,-19.66,
4.72,-19.66,
4.72,-19.66,
4.72,-19.66,
4.72,-19.66,
6.27,-19.66,
6.27,-19.66,
6.27,-19.66,
6.27,-19.66,
6.27,-19.66,
6.27,-19.66,
6.27,-11.47,
6.27,-11.47,
6.27,-11.47,
6.27,-11.47,
7.02,-11.47,
7.02,-11.47,
7.02,-11.47,
7.02,-11.47,
7.02,-11.47,
7.02,-11.47,
7.02,-7.56,
7.02,-7.56,
7.02,-7.56,
7.22,-7.56,
7.22,-7.56,
7.22,-7.56,
7.22,-7.56,
7.22,-7.56,
7.22,-8.63,
7.22,-8.63,
7.22,-8.63,
7.22,-8.63,
7.22,-8.63,
7.22,-8.63,
7.31,-8.63,
7.31,-8.63,
7.31,-8.63,
7.31,-8.63,
7.31,-8.63,
7.31,-8.63,
7.31,-6.94,
7.31,-6.94,
7.31,-6.94,
7.31,-6.94,
7.38,-6.94,
7.38,-6.94,
7.38,-6.94,
7.38,-6.94,
7.38,-6.94,
7.38,-6.1,
7.38,-6.1,
7.38,-6.1,
7.38,-6.1,
9.32,-6.1,
9.32,-6.1,
9.32,-6.1,
9.32,-6.1,
9.32,-5.97,
9.32,-5.97,
9.32,-5.97,
9.32,-5.97,
9.32,-5.97,
9.32,-5.97,
10.23,-5.97,
10.23,-5.97,
10.23,-5.97,
10.23,-5.97,
10.23,-5.97,
10.23,-5.97,
10.23,-5.91,
10.23,-5.91,
12.37,-5.91,
12.37,-5.91,
12.37,-5.91,
12.37,-5.91,
12.37,-5.91,
12.37,-5.91,
12.37,-5.91,
12.37,-8.47,
12.37,-8.47,
12.37,-8.47,
12.37,-8.47,
12.37,-8.47,
13.4,-8.47,
13.4,-9.83,
13.4,-9.83,
13.4,-9.83,
13.4,-9.83,
13.4,-9.83,
17.55,-9.83,
17.55,-9.83,
17.55,-9.83,
17.55,-9.83,
17.55,-9.83,
17.55,-9.83,
17.55,-4.28,
17.55,-4.28,
17.55,-4.28,
17.55,-4.28,
20.04,-4.28,
20.04,-4.28,
20.04,-4.28,
20.04,-4.28,
20.04,-4.28,
20.04,-5.68,
20.04,-5.68,
20.04,-5.68,
21.19,-5.68,
21.19,-5.68,
21.19,-5.68,
21.19,-5.68,
21.19,-5.68,
21.19,-5.68,
21.19,-5.68,
21.19,-5.68,
21.19,-5.68,
21.19,-6.37,
21.19,-6.37,
18.82,-6.37,
18.82,-6.37,
18.82,-6.37,
18.82,-6.37,
18.82,-6.37,
18.82,-6.37,
18.82,-2.51,
18.82,-2.51,
18.82,-2.51,
17.64,-2.51,
17.64,-2.51,
17.64,-2.51,
17.64,-2.51,
17.64,-2.51,
17.64,-2.51,
17.64,-2.51,
17.64,-2.51,
17.64,-0.55,
17.64,-0.55,
17.64,-0.55,
14.97,-0.55,
14.97,-0.55,
14.97,-0.55,
14.97,-0.55,
14.97,-0.55,
14.97,4.4,
14.97,4.4,
14.97,4.4,
14.97,4.4,
14.97,4.4,
13.56,4.4,
13.56,4.4,
13.56,4.4,
13.56,8.3,
13.56,8.3,
13.56,8.3,
13.56,8.3,
13.56,8.3,
13.56,8.3,
13.56,8.3,
12.0,8.3,
12.0,8.3,
12.0,8.3,
12.0,8.3,
12.0,8.3,
12.0,10.34,
12.0,10.34,
12.0,10.34,
11.22,10.34,
11.22,10.34,
11.22,10.34,
11.22,10.34,
11.22,10.34,
11.22,10.67,
11.22,10.67,
11.22,10.67,
10.77,10.67,
10.77,10.67,
10.77,10.67,
10.77,10.67,
10.77,10.67,
10.77,10.67,
10.77,10.83,
10.77,10.83,
10.77,10.83,
10.77,10.83,
10.77,10.83,
10.77,10.83,
10.77,10.83,
11.39,10.83,
11.39,5.82,
11.39,5.82,
11.39,5.82,
11.39,5.82,
11.39,5.82,
11.39,5.82,
11.7,5.82,
11.7,5.82,
11.7,5.82,
11.7,5.82,
11.7,3.17,
11.7,3.17,
11.7,3.17,
11.7,3.17,
11.7,3.17,
12.86,3.17,
12.86,3.17,
12.86,3.17,
12.86,3.17,
12.86,3.17,
12.86,3.17,
12.86,3.21,
12.86,3.21,
12.86,3.21,
12.86,3.21,
9.63,3.21,
9.63,3.21,
9.63,3.21,
9.63,3.21,
9.63,9.4,
9.63,9.4,
9.63,9.4,
9.63,9.4,
9.63,9.4,
9.63,9.4,
8.68,9.4,
8.68,9.4,
8.68,9.4,
8.68,9.4,
8.68,9.4,
8.68,9.4,
8.68,10.93,
8.68,10.93,
8.68,10.93,
8.68,10.93,
8.68,10.93,
8.68,10.93,
8.68,10.93,
13.77,10.93,
13.77,10.93,
13.77,16.77,
13.77,16.77,
13.77,16.77,
13.77,16.77,
16.41,16.77,
16.41,16.77,
16.41,16.77,
16.41,16.77,
16.41,16.77,
16.41,21.68,
16.41,21.68,
16.09,21.68,
16.09,21.68,
16.09,21.68,
16.09,21.68,
16.09,21.68,
16.09,22.42,
16.09,22.42,
16.09,22.42,
16.09,22.42,
16.09,22.42,
15.88,22.42,
15.88,22.42,
15.88,22.42,
15.88,22.42,
15.88,22.42,
15.88,22.42,
15.88,22.42,
15.88,22.42,
15.88,17.44,
15.88,17.44,
9.49,17.44,
9.49,17.44,
9.49,17.44,
9.49,17.44,
9.49,17.44,
9.49,14.71,
9.49,14.71,
9.49,14.71,
9.49,14.71,
9.49,14.71,
3.02,14.71,
3.02,14.71,
3.02,14.71,
3.02,14.71,
3.02,14.71,
3.02,14.71,
3.02,14.71,
3.02,9.24,
3.02,9.24,
3.02,9.24,
-0.69,9.24,
-0.69,9.24,
-0.69,9.24,
-0.69,9.24,
-0.69,6.38,
-0.69,6.38,
-0.69,6.38,
-0.69,6.38,
2.12,6.38,
2.12,6.38,
2.12,6.38,
2.12,6.38,
2.12,6.38,
2.12,6.38,
2.12,4.71,
2.12,4.71,
2.12,4.71,
2.12,4.71,
2.12,4.71,
3.35,4.71,
3.35,4.71,
3.35,4.71,
3.35,3.89,
3.35,3.89,
3.35,3.89,
3.35,3.89,
3.35,3.89,
3.35,3.89,
3.35,3.89,
4.84,3.89,
4.84,3.89,
4.84,3.89,
4.84,11.62,
4.84,11.62,
4.84,11.62,
4.84,11.62,
4.84,11.62,
9.6,11.62,
9.6,11.62,
9.6,11.62,
9.6,11.62,
9.6,11.62,
9.6,13.54,
9.6,13.54,
9.6,13.54,
11.83,13.54,
11.83,13.54,
11.83,13.54,
11.83,13.54,
11.83,13.54,
11.83,14.48,
11.83,14.48,
11.83,14.48,
11.83,14.48,
11.83,14.48,
12.15,14.48,
12.15,14.48,
12.15,14.48,
12.15,14.48,
12.15,14.48,
12.15,14.48,
12.15,7.95,
12.15,7.95,
12.15,7.95,
12.15,7.95,
12.15,7.95,
12.15,7.95,
12.15,7.95,
12.32,7.95,
12.32,7.95,
12.32,7.95,
12.32,7.95,
12.32,7.95,
12.32,4.55,
12.32,4.55,
12.32,4.55,
12.32,4.55,
7.81,4.55,
7.81,4.55,
7.81,4.55,
7.81,2.82,
7.81,2.82,
7.81,2.82,
7.81,2.82,
7.81,2.82,
7.81,2.82,
5.46,2.82,
5.46,2.82,
5.46,2.82,
5.46,2.82,
5.46,2.82,
5.46,5.69,
5.46,5.69,
5.46,5.69,
4.4,5.69,
4.4,5.69,
4.4,5.69,
4.4,5.69,
4.4,5.69,
4.4,5.69,
4.4,7.11,
4.4,7.11,
4.4,7.11,
4.4,7.11,
5.5,7.11,
5.5,7.11,
5.5,7.11,
5.5,7.11,
5.5,7.11,
5.5,7.11,
5.5,10.14,
5.5,10.14,
5.5,10.14,
5.5,10.14,
5.5,10.14,
6.04,10.14,
6.04,10.14,
6.04,10.14,
6.04,10.14,
6.04,11.65,
6.04,11.65,
6.04,11.65,
6.57,11.65,
6.57,11.65,
6.57,11.65,
6.57,11.65,
6.57,12.06,
6.57,12.06,
6.57,12.06,
6.57,12.06,
6.57,12.06,
6.57,12.06,
6.57,12.06,
6.83,12.06,
6.83,12.06,
6.83,12.06,
6.83,12.26,
6.83,12.26,
6.83,12.26,
6.83,12.26,
6.83,12.26,
6.83,12.26,
6.83,12.26,
6.6,12.26,
6.6,12.26,
6.6,12.26,
6.6,12.26,
6.6,12.26,
6.6,10.67,
6.6,10.67,
6.6,10.67,
5.88,10.67,
5.88,10.67,
5.88,10.67,
5.88,10.67,
5.88,10.67,
5.88,10.47,
5.88,10.47,
5.88,10.47,
5.88,10.47,
5.52,10.47,
5.52,10.47,
5.52,10.47,
5.52,10.47,
5.52,10.47,
5.52,10.47,
5.52,10.47,
5.52,10.37,
5.52,10.37,
5.52,10.37,
4.93,10.37,
4.93,10.37,
4.93,10.37,
4.93,10.37,
4.93,10.37,
4.93,10.37,
4.93,10.37,
4.93,9.73,
4.93,9.73,
4.64,9.73,
4.64,9.73,
4.64,9.73,
4.64,9.73,
4.64,9.73,
4.64,9.73,
4.64,9.73,
4.64,9.41,
4.64,9.41,
4.64,9.41,
4.03,9.41,
4.03,9.41,
4.03,9.41,
4.03,9.41,
4.03,9.41,
4.03,6.78,
4.03,6.78,
4.03,6.78,
4.03,6.78,
4.03,6.78,
4.03,6.78,
3.74,6.78,
3.74,6.78,
3.74,6.78,
3.74,6.78,
3.74,5.96,
3.74,5.96,
3.74,5.96,
3.74,5.96,
2.51,5.96,
2.51,5.96,
2.51,5.96,
2.51,5.96,
2.51,5.55,
2.51,5.55,
2.51,5.55,
1.63,5.55,
1.63,5.55,
1.63,5.55,
1.63,5.55,
1.63,5.55,
1.63,5.55,
1.63,6.72,
1.63,6.72,
1.63,6.72,
1.63,6.72,
1.63,6.72,
1.63,6.72,
1.63,6.72,
1.17,6.72,
1.17,6.72,
1.17,6.72,
1.17,6.72,
1.17,7.3,
1.17,7.3,
1.17,7.3,
1.51,7.3,
1.51,7.3,
1.51,7.3,
1.51,7.3,
1.51,7.3,
1.51,7.3,
1.51,5.06,
1.51,5.06,
1.51,5.06,
1.51,5.06,
1.68,5.06,
1.68,5.06,
1.68,5.06,
1.68,5.06,
1.68,5.06,
1.68,3.95,
1.68,3.95,
1.68,3.95,
1.68,3.95,
1.68,3.95,
0.58,3.95,
0.58,3.95,
0.58,3.95,
0.58,3.95,
0.58,3.95,
0.58,4.9,
0.58,4.9,
0.58,4.9,
0.58,4.9,
0.58,4.9,
0.4,4.9,
0.4,4.9,
0.4,4.9,
0.4,4.9,
0.4,4.9,
0.4,8.75,
0.4,8.75,
0.4,8.75,
0.4,8.75,
0.31,8.75,
0.31,8.75,
0.31,8.75,
0.31,8.75,
0.31,8.75,
0.31,8.75,
0.31,10.68,
0.31,10.68,
0.31,10.68,
1.86,10.68,
1.86,10.68,
1.86,10.68,
1.86,10.68,
1.86,10.68,
1.86,10.68,
1.86,10.68,
2.63,10.53,
2.63,10.53,
2.63,10.53,
2.63,10.53,
2.63,10.53,
2.63,10.53,
2.63,10.53,
2.63,10.53,
2.63,10.45,
2.63,10.45,
2.63,10.45,
4.75,10.45,
4.75,10.45,
4.75,10.45,
4.75,10.45,
4.75,10.45,
4.75,12.49,
4.75,12.49,
4.75,12.49,
4.75,12.49,
4.75,12.49,
5.82,12.49,
5.82,12.49,
5.82,12.49,
5.82,12.49,
5.82,12.49,
5.82,15.02,
5.82,15.02,
5.82,15.02,
5.82,15.02,
7.68,15.02,
7.68,15.02,
7.68,15.02,
7.68,15.02,
7.68,15.02,
7.68,16.28,
7.68,16.28,
7.68,16.28,
7.68,16.28,
7.68,16.28,
8.41,16.28,
8.41,16.28,
8.41,16.28,
8.41,16.28,
8.41,16.28,
8.41,15.18,
8.41,15.18,
8.41,15.18,
8.41,15.18,
8.41,15.18,
8.77,15.18,
8.77,15.18,
8.77,15.18,
8.77,14.63,
8.77,14.63,
8.77,14.63,
8.77,14.63,
8.77,14.63,
7.59,14.63,
7.59,14.63,
7.59,14.63,
7.59,14.63,
7.59,14.63,
7.59,14.44,
7.59,14.44,
7.59,14.44,
7.59,14.44,
7.59,14.44,
7.59,14.44,
7.59,14.44,
7.59,14.44,
7.0,14.44,
7.0,14.34,
7.0,14.34,
7.0,14.34,
7.0,14.34,
7.0,14.34,
7.0,14.34,
6.15,14.34,
6.15,14.34,
6.15,14.34,
6.15,14.33,
6.15,14.33,
6.15,14.33,
6.15,14.33,
6.15,14.33,
6.15,14.33,
6.04,14.33,
6.04,14.33,
6.04,14.33,
6.04,14.33,
6.04,14.33,
6.04,14.42,
6.04,14.42,
6.04,14.42,
5.98,14.42,
5.98,14.42,
5.98,14.42,
5.98,14.42,
5.98,14.42,
5.98,14.42,
5.98,14.46,
5.98,14.46,
5.98,14.46,
5.98,14.46,
6.79,14.46,
6.79,14.46,
6.79,14.46,
6.79,14.46,
6.79,14.46,
6.79,14.46,
6.79,14.46,
6.79,14.46,
6.79,13.84,
6.79,13.84,
6.79,13.84,
6.79,13.84,
7.19,13.84,
7.19,13.84,
7.19,13.84,
7.19,13.84,
7.19,13.53,
7.19,13.53,
7.19,13.53,
6.12,13.53,
6.12,13.53,
6.12,13.53,
6.12,13.53,
6.12,13.53,
6.12,13.53,
6.12,13.53,
6.12,13.53,
6.12,9.71,
6.12,9.71,
6.12,9.71,
5.58,9.71,
5.58,9.71,
5.58,9.71,
5.58,9.71,
5.58,9.37,
5.58,9.37,
5.58,9.37,
5.58,9.37,
5.58,9.37,
2.91,9.37,
2.91,9.37,
2.91,9.37,
2.91,9.37,
2.91,9.37,
2.91,9.37,
2.91,9.37,
2.91,9.2,
2.91,9.2,
2.91,9.2,
2.91,9.2,
1.46,9.2,
1.46,9.2,
1.46,9.2,
1.46,9.2,
1.46,8.43,
1.46,8.43,
1.46,8.43,
1.46,8.43,
1.46,8.43,
0.73,8.43,
0.73,8.43,
0.73,8.43,
0.73,8.04,
0.73,8.04,
0.73,8.04,
0.73,8.04,
0.73,8.04,
0.73,8.04,
1.2,8.04,
1.2,8.04,
1.2,8.04,
1.2,8.04,
1.2,8.04,
1.2,7.51,
1.2,7.51,
1.2,7.51,
1.2,7.51,
1.44,7.51,
1.44,7.51,
1.44,7.51,
1.44,7.51,
1.44,7.51,
1.44,7.23,
1.44,7.23,
1.44,7.23,
1.44,7.23,
1.44,7.23,
1.44,7.23,
2.4,7.23,
2.4,7.23,
2.4,7.23,
2.4,8.33,
2.4,8.33,
2.48,8.33,
2.48,8.33,
2.48,8.33,
2.48,8.33,
2.48,8.33,
2.48,8.33,
2.48,8.33,
2.48,5.81,
2.48,5.81,
2.48,5.81,
2.52,5.81,
2.52,5.81,
2.52,5.81,
2.52,5.81,
2.52,5.81,
2.52,4.58,
2.52,4.58,
2.52,4.58,
2.52,4.58,
2.52,4.58,
2.52,4.58,
-0.04,4.58,
-0.04,4.58,
-0.04,0.79,
-0.04,0.79,
-0.04,0.79,
-0.04,0.79,
-0.04,0.79,
-1.3,0.79,
-1.3,0.79,
-1.3,0.79,
-1.3,0.79,
-1.3,0.79,
-1.3,0.79,
-1.3,-1.05,
-1.3,-1.05,
-1.3,-1.05,
-1.3,-1.05,
-1.3,-1.05,
-3.7,-1.05,
-3.7,-1.05,
-3.7,-1.05,
-3.7,-1.05,
-3.7,-1.07,
-3.7,-1.07,
-3.7,-1.07,
-3.7,-1.07,
-4.9,-1.07,
-4.9,-1.07,
-4.9,-1.07,
-4.9,-1.07,
-4.9,-1.07,
-4.9,-0.56,
-4.9,-0.56,
-4.9,-0.56,
-4.9,-0.56,
-4.9,-0.56,
-4.99,-0.56,
-4.99,-0.56,
-4.99,-0.56,
-4.99,-0.56,
-4.99,-0.31,
-4.99,-0.31,
-4.99,-0.31,
-4.99,-0.31,
-4.99,-0.31,
-3.99,-0.31,
-3.99,-0.31,
-3.99,-0.31,
-3.99,-0.31,
-3.99,-0.31,
-3.99,-0.31,
-3.99,-0.31,
-3.99,1.81,
-3.99,1.81,
-3.99,1.81,
-3.99,1.81,
-3.48,1.81,
-3.48,1.81,
-3.48,1.81,
-3.48,2.89,
-3.48,2.89,
-3.48,2.89,
-3.48,2.89,
-3.48,2.89,
-3.48,2.89,
-1.93,2.89,
-1.93,2.89,
-1.93,2.89,
-1.93,2.89,
-1.93,2.89,
-1.93,4.96,
-1.93,4.96,
-1.93,4.96,
-1.93,4.96,
-1.16,4.96,
-1.16,4.96,
-1.16,4.96,
-1.16,4.96,
-1.16,4.96,
-1.16,4.76,
-1.16,4.76,
-1.16,4.76,
-0.09,4.76,
-0.09,4.76,
-0.09,4.76,
-0.09,4.76,
-0.09,4.76,
-0.09,4.76,
-0.09,4.67,
-0.09,4.67,
-0.09,4.67,
-0.09,4.67,
-0.09,4.67,
-0.28,4.67,
-0.28,4.67,
-0.28,4.67,
-0.28,4.67,
-0.28,4.67,
-0.28,5.5,
-0.28,5.5,
-0.28,5.5,
-0.37,5.5,
-0.37,5.5,
-0.37,5.5,
-0.37,5.5,
-0.37,5.5,
-0.37,5.5,
-0.37,5.5,
-0.37,5.93,
-0.37,5.93,
-0.37,5.93,
-1.19,5.93,
-1.19,5.93,
-1.19,5.93,
-1.19,5.93,
-1.19,4.86,
-1.19,4.86,
-1.19,4.86,
-1.19,4.86,
-1.19,4.86,
-1.6,4.86,
-1.6,4.86,
-1.6,4.86,
-1.6,4.86,
-1.6,4.86,
-1.6,4.33,
-1.6,4.33,
-1.6,4.33,
-1.6,4.33,
-2.73,4.33,
-2.73,4.33,
-2.73,4.33,
-2.73,4.33,
-2.73,4.33,
-2.73,4.33,
-2.73,2.57,
-2.73,2.57,
-2.73,2.57,
-2.73,2.57,
-3.29,2.57,
-3.29,2.57,
-3.29,2.57,
-3.29,2.57,
-3.29,2.57,
-3.29,1.21,
-3.29,1.21,
-3.29,1.21,
-3.29,1.21,
-3.29,1.21,
-3.69,1.21,
-3.69,1.21,
-3.69,1.21,
-3.69,1.21,
-3.69,1.21,
-3.69,1.21,
-3.69,0.54,
-3.69,0.54,
-3.69,0.54,
-3.69,0.54,
-3.61,0.54,
-3.61,0.54,
-3.61,0.54,
-3.61,0.54,
-3.61,0.54,
-3.61,0.03,
-3.61,0.03,
-3.61,0.03,
-3.61,0.03,
-3.61,0.03,
-3.57,0.03,
-3.57,0.03,
-3.57,0.03,
-3.57,0.03,
-3.57,0.03,
-3.57,-0.22,
-3.57,-0.22,
-3.57,-0.22,
-3.57,-0.22,
-3.57,-0.22,
-3.57,-0.22,
-3.57,-0.22,
-2.76,-0.22,
-2.76,-0.22,
-2.76,-0.22,
-2.76,-0.22,
-2.76,-0.22,
-2.76,-0.22,
-2.76,-0.26,
-2.76,-0.26,
-2.36,-0.26,
-2.36,-0.26,
-2.36,-0.26,
-2.36,-0.26,
-2.36,-0.26,
-2.36,0.23,
-2.36,0.23,
-2.36,0.23,
-1.38,0.23,
-1.38,0.23,
-1.38,0.23,
-1.38,0.23,
-1.38,0.47,
-1.38,0.47,
-1.38,0.47,
-1.38,0.47,
-1.38,0.47,
-0.99,0.47,
-0.99,0.47,
-0.99,0.47,
-0.99,0.47,
-0.99,0.47,
-0.99,0.44,
-0.99,0.44,
-0.99,0.44,
-0.99,0.44,
-0.8,0.44,
-0.8,0.44,
-0.8,0.44,
-0.8,0.44,
-0.8,0.44,
-0.8,0.44,
-0.8,0.44,
-0.8,0.43,
-0.8,0.43,
-0.8,0.43,
-0.8,0.43,
-0.8,0.43,
-1.5,0.43,
-1.5,0.43,
-1.5,0.43,
-1.5,0.16,
-1.5,0.16,
-1.5,0.16,
-1.5,0.16,
-1.5,0.16,
-1.5,0.16,
-1.86,0.16,
-1.86,0.16,
-1.86,0.16,
-1.86,0.16,
-1.86,0.16,
-1.86,0.02,
-1.86,0.02,
-1.86,0.02,
-2.43,0.02,
-2.43,0.02,
-2.43,0.02,
-2.43,0.02,
-2.43,0.02,
-2.43,0.02,
-2.43,0.75,
-2.43,0.75,
-2.43,0.75,
-2.43,0.75,
-2.43,0.75,
-2.71,0.75,
-2.71,0.75,
-2.71,0.75,
-2.71,0.75,
-2.71,1.91,
-2.71,1.91,
-2.71,1.91,
-2.71,1.91,
-2.71,1.91,
-2.71,1.91,
-2.71,1.91,
-1.96,1.91,
-1.96,1.91,
-1.96,1.91,
-1.96,1.91,
-1.96,1.91,
-1.96,1.91,
-1.96,2.5,
-1.96,2.5,
0.68,2.5,
0.68,2.5,
0.68,2.5,
0.68,2.5,
0.68,2.5,
0.68,2.5,
0.68,2.5,
0.68,2.5,
1.99,5.04,
1.99,5.04,
1.99,5.04,
1.99,5.04,
1.99,5.04,
1.99,6.31,
1.99,6.31,
1.99,6.31,
1.99,6.31,
1.99,6.31,
5.29,6.31,
5.29,6.31,
5.29,6.31,
5.29,6.31,
5.29,6.31,
5.29,6.31,
5.29,6.31,
5.29,6.31,
5.29,10.92,
5.29,10.92,
5.29,10.92,
5.29,10.92,
6.93,10.92,
6.93,10.92,
6.93,10.92,
6.93,10.92,
6.93,15.82,
6.93,15.82,
6.93,15.82,
6.93,15.82,
10.18,15.82,
10.18,15.82,
10.18,15.82,
10.18,15.82,
10.18,15.82,
10.18,15.82,
10.18,18.22,
10.18,18.22,
10.18,18.22,
10.18,18.22,
11.18,18.22,
11.18,18.22,
11.18,18.22,
11.18,18.22,
11.18,14.29,
11.18,14.29,
11.18,14.29,
11.18,14.29,
11.18,14.29,
11.68,14.29,
11.68,14.29,
11.68,14.29,
11.68,14.29,
11.68,14.29,
11.68,14.29,
11.68,12.33,
11.68,12.33,
11.68,12.33,
11.68,12.33,
9.89,12.33,
9.89,12.33,
9.89,12.33,
9.89,7.87,
9.89,7.87,
9.89,7.87,
9.89,7.87,
9.89,7.87,
9.89,7.87,
9.89,7.87,
8.96,7.87,
8.96,7.87,
8.96,7.87,
8.96,7.87,
8.96,5.67,
8.96,5.67,
8.96,5.67,
8.96,5.67,
4.26,5.67,
4.26,5.67,
4.26,5.67,
4.26,5.67,
4.26,-3.1,
4.26,-3.1,
4.26,-3.1,
4.26,-3.1,
4.26,-3.1,
1.96,-3.1,
1.96,-3.1,
1.96,-3.1,
1.96,-3.1,
1.96,-3.1,
1.96,-13.93,
1.96,-13.93,
1.96,-13.93,
1.96,-13.93,
-5.29,-13.93,
-5.29,-13.93,
-5.29,-13.93,
-5.29,-13.93,
-5.29,-13.93,
-5.29,-13.93,
-5.29,-18.86,
-5.29,-18.86,
-5.29,-18.86,
-5.29,-18.86,
-5.29,-18.86,
-5.29,-18.86,
-9.85,-18.86,
-9.85,-18.86,
-9.85,-18.86,
-9.85,-18.86,
-9.85,-18.86,
-9.85,-18.86,
-9.85,-20.05,
-9.85,-20.05,
-9.85,-20.05,
-9.85,-20.05,
-9.85,-20.05,
-12.13,-20.05,
-12.13,-20.05,
-12.13,-20.05,
-12.13,-20.05,
-12.13,-20.64,
-12.13,-20.64,
-13.92,-20.64,
-13.92,-20.64,
-13.92,-20.64,
-13.92,-20.64,
-13.92,-20.64,
-13.92,-20.64,
-13.92,-23.23,
-13.92,-23.23,
-13.92,-23.23,
-13.92,-23.23,
-14.76,-23.23,
-14.76,-23.23,
-14.76,-23.23,
-14.76,-23.23,
-14.76,-23.23,
-14.76,-23.23,
-14.76,-23.49,
-14.76,-23.49,
-14.76,-23.49,
-14.76,-23.49,
-14.76,-23.49,
-12.95,-23.49,
-12.95,-23.49,
-12.95,-23.49,
-12.95,-23.49,
-12.95,-23.49,
-12.95,-23.62,
-12.95,-23.62,
-12.95,-23.62,
-12.95,-23.62,
-12.95,-23.62,
-12.95,-23.62,
-9.18,-23.62,
-9.18,-23.62,
-9.18,-23.62,
-9.18,-23.62,
-9.18,-23.62,
-9.18,-19.68,
-9.18,-19.68,
-9.18,-19.68,
-9.18,-19.68,
-7.21,-19.68,
-7.21,-17.63,
-7.21,-17.63,
-7.21,-17.63,
-7.21,-17.63,
-7.21,-17.63,
-6.63,-17.63,
-6.63,-17.63,
-6.63,-17.63,
-6.63,-17.63,
-6.63,-17.63,
-6.63,-17.63,
-6.63,-15.25,
-6.63,-15.25,
-6.63,-15.25,
-6.63,-15.25,
-6.33,-15.25,
-6.33,-15.25,
-6.33,-15.25,
-6.33,-15.25,
-6.33,-14.0,
-6.33,-14.0,
-6.33,-14.0,
-6.33,-14.0,
-6.33,-14.0,
-5.47,-14.0,
-5.47,-14.0,
-5.47,-14.0,
-5.47,-14.0,
-5.47,-14.0,
-5.47,-14.0,
-5.47,-11.37,
-5.47,-11.37,
-5.47,-11.37,
-5.47,-11.37,
-5.47,-11.37,
-5.02,-11.37,
-5.02,-11.37,
-5.02,-11.37,
-5.02,-11.37,
-5.02,-11.37,
-5.02,-11.37,
-5.02,-9.23,
-5.02,-9.23,
-5.02,-9.23,
-5.02,-9.23,
-3.77,-9.23,
-3.77,-9.23,
-3.77,-9.23,
-3.77,-9.23,
-3.77,-9.23,
-3.77,-9.23,
-3.77,-9.23,
-3.77,-8.19,
-3.77,-8.19,
-3.77,-8.19,
-3.77,-8.19,
-3.36,-8.19,
-3.36,-8.19,
-3.36,-8.19,
-3.36,-8.19,
-3.36,-10.94,
-3.17,-10.94,
-3.17,-10.94,
-3.17,-10.94,
-3.17,-10.94,
-3.17,-10.94,
-3.17,-10.94,
-3.17,-10.94,
-3.17,-10.94,
-3.17,-12.19,
-3.17,-12.19,
-3.17,-12.19,
-1.96,-12.19,
-1.96,-12.19,
-1.96,-12.19,
-1.96,-12.19,
-1.96,-8.61,
-1.96,-8.61,
-1.37,-8.61,
-1.37,-8.61,
-1.37,-8.61,
-1.37,-8.61,
-1.37,-8.61,
-1.37,-2.31,
-1.37,-2.31,
-1.37,-2.31,
-1.37,-2.31,
0.85,-2.31,
0.85,-2.31,
0.85,-2.31,
0.85,-2.31,
0.85,-2.31,
0.85,-2.31,
0.85,0.8,
0.85,0.8,
0.85,0.8,
0.85,0.8,
0.85,0.8,
1.54,0.8,
1.54,0.8,
1.54,0.8,
1.54,0.8,
1.54,0.8,
1.54,0.8,
1.54,0.8,
1.54,2.92,
1.54,2.92,
1.54,2.92,
1.54,2.92,
1.9,2.92,
1.9,2.92,
1.9,4.01,
1.9,4.01,
1.9,4.01,
1.9,4.01,
1.9,4.01,
1.9,4.01,
1.9,4.01,
2.66,4.01,
2.66,4.01,
2.66,4.01,
2.66,4.01,
2.66,2.24,
2.66,2.24,
2.66,2.24,
2.66,2.24,
2.66,2.24,
2.66,2.24,
3.05,2.24,
3.05,2.24,
3.05,2.24,
3.05,2.24,
3.05,2.24,
3.05,1.31,
3.05,1.31,
3.05,1.31,
3.05,1.31,
4.36,1.31,
4.36,1.31,
4.36,1.31,
4.36,1.31,
4.36,1.31,
4.36,1.31,
4.36,-1.87,
4.36,-1.87,
4.36,-1.87,
4.36,-1.87,
5.01,-1.87,
5.01,-1.87,
5.01,-1.87,
5.01,-1.87,
5.01,-3.69,
5.01,-3.69,
5.01,-3.69,
5.01,-3.69,
5.01,-3.69,
5.23,-3.69,
5.23,-3.69,
5.23,-3.69,
5.23,-3.69,
5.23,-3.69,
5.23,-3.69,
5.23,-3.69,
5.23,-3.69,
5.23,-4.61,
3.79,-4.61,
3.79,-4.61,
3.79,-4.61,
3.79,-4.61,
3.79,-3.25,
3.79,-3.25,
3.79,-3.25,
3.79,-3.25,
3.79,-3.25,
3.07,-3.25,
3.07,-3.25,
3.07,-3.25,
3.07,-3.25,
3.07,-2.59,
3.07,-2.59,
3.07,-2.59,
3.07,-2.59,
3.07,-2.59,
3.07,-2.59,
3.07,-2.59,
1.39,-2.59,
1.39,-2.59,
1.39,-2.59,
1.39,-2.59,
1.39,-2.59,
1.39,-2.59,
1.39,-1.43,
1.39,-1.43,
1.39,-1.43,
0.54,-1.43,
0.54,-1.43,
0.54,-1.43,
0.54,-1.43,
0.54,-1.43,
0.54,-1.05,
0.54,-1.05,
0.54,-1.05,
0.54,-1.05,
-0.96,-1.05,
-0.96,-1.05,
-0.96,-1.05,
-0.96,-1.05,
-0.96,-1.05,
-0.96,-1.05,
-0.96,-1.05,
-0.96,-1.05,
-0.96,-1.05,
-0.96,-0.86,
-0.96,-0.86,
-2.58,-0.86,
-2.58,-0.86,
-2.58,-0.86,
-2.58,-0.86,
-2.58,-0.86,
-2.58,-0.86,
-2.58,-0.69,
-2.58,-0.69,
-2.58,-0.69,
-2.58,-0.69,
-3.39,-0.69,
-3.39,-0.69,
-3.39,-0.69,
-3.39,-0.69,
-3.39,-0.69,
-3.39,-0.6,
-3.39,-0.6,
-3.39,-0.6,
-3.63,-0.6,
-3.63,-0.6,
-3.63,-0.6,
-3.63,-0.6,
-3.63,0.14,
-3.63,0.14,
-3.63,0.14,
-3.63,0.14,
-3.63,0.14,
-3.74,0.14,
-3.74,0.14,
-3.74,0.14,
-3.74,0.5,
-3.74,0.5,
-3.74,0.5,
-3.74,0.5,
-3.74,0.5,
-3.74,0.5,
-3.01,0.5,
-3.01,0.5,
-3.01,0.5,
-3.01,0.5,
-3.01,0.5,
-3.01,-1.17,
-3.01,-1.17,
-2.65,-1.17,
-2.65,-1.17,
-2.65,-1.17,
-2.65,-1.17,
-2.65,-1.17,
-2.65,-1.17,
-2.65,-1.17,
-2.65,-1.17,
-2.65,-2.1,
-2.65,-2.1,
-2.65,-2.1,
-2.65,-2.1,
-2.63,-2.1,
-2.63,-2.1,
-2.63,-2.1,
-2.63,-2.1,
-2.63,-2.1,
-2.63,-2.1,
-2.63,-2.56,
-2.63,-2.56,
-3.54,-2.56,
-3.54,-2.56,
-3.54,-2.56,
-3.54,-2.56,
-3.54,-2.56,
-3.54,-2.56,
-3.54,-2.54,
-3.54,-2.54,
-3.54,-2.54,
-3.54,-2.54,
-3.54,-2.54,
-3.54,-2.54,
-3.54,-2.54,
-3.99,-2.54,
-3.99,-2.54,
-3.99,-2.54,
-3.99,-2.54,
-3.99,-2.54,
-3.99,-2.54,
-3.99,-2.54,
-3.99,-2.54,
-3.99,-2.54,
-4.36,-2.54,
-4.36,-2.54,
-4.36,-2.54,
-4.36,-2.54,
-4.36,-2.54,
-4.36,-2.42,
-4.36,-2.42,
-4.36,-2.42,
-4.36,-2.42,
