-1.43,2.84,
-1.39,2.83,
-1.39,2.83,
-1.39,2.83,
-1.39,2.83,
-1.39,2.83,
-1.39,2.83,
-1.39,2.83,
-1.37,2.83,
-1.37,2.83,
-1.37,2.83,
-1.37,2.83,
-1.37,2.83,
-1.37,2.83,
-1.37,2.83,
-1.37,2.83,
-1.37,2.83,
-1.45,2.73,
-1.45,2.73,
-1.45,2.73,
-1.45,2.73,
-1.45,2.73,
-1.45,2.73,
-1.45,2.73,
-1.45,2.73,
-1.45,2.73,
-1.48,2.75,
-1.48,2.75,
-1.48,2.75,
-1.48,2.75,
-1.48,2.75,
-1.48,2.75,
-1.48,2.75,
-1.48,2.75,
-1.53,2.76,
-1.53,2.76,
-1.53,2.76,
-1.53,2.76,
-1.53,2.76,
-1.53,2.76,
-1.53,2.76,
-1.53,2.76,
-1.53,2.76,
-1.53,2.76,
-1.53,2.76,
-1.53,2.76,
-1.55,2.79,
-1.55,2.79,
-1.55,2.79,
-1.55,2.79,
-1.55,2.79,
-1.55,2.79,
-1.55,2.79,
-1.45,2.81,
-1.45,2.81,
-1.45,2.81,
-1.45,2.81,
-1.45,2.81,
-1.45,2.81,
-1.45,2.81,
-1.45,2.81,
-1.45,2.81,
-1.45,2.81,
-1.38,2.87,
-1.38,2.87,
-1.38,2.87,
-1.38,2.87,
-1.38,2.87,
-1.38,2.87,
-1.38,2.87,
-1.38,2.87,
-1.38,2.87,
-1.38,2.87,
-1.34,2.82,
-1.34,2.82,
-1.34,2.82,
-1.34,2.82,
-1.34,2.82,
-1.34,2.82,
-1.34,2.82,
-1.34,2.82,
-1.34,2.82,
-1.34,2.82,
-1.38,2.8,
-1.38,2.8,
-1.38,2.8,
-1.38,2.8,
-1.38,2.8,
-1.38,2.8,
-1.38,2.8,
-1.38,2.8,
-1.38,2.8,
-1.38,2.8,
-1.39,2.78,
-1.39,2.78,
-1.39,2.78,
-1.39,2.78,
-1.39,2.78,
-1.39,2.78,
-1.39,2.78,
-1.39,2.78,
-1.39,2.78,
-1.39,2.78,
-1.39,2.78,
-1.39,2.78,
-1.39,2.78,
-1.39,2.78,
-1.39,2.78,
-1.39,2.78,
-1.39,2.78,
-1.39,2.78,
-1.39,2.77,
-1.39,2.77,
-1.39,2.77,
-1.39,2.77,
-1.39,2.77,
-1.39,2.77,
-1.39,2.77,
-1.39,2.77,
-1.51,2.77,
-1.51,2.77,
-1.51,2.77,
-1.51,2.77,
-1.51,2.77,
-1.51,2.77,
-1.51,2.77,
-1.51,2.77,
-1.51,2.77,
-1.51,2.77,
-1.51,2.77,
-1.51,2.77,
-1.51,2.77,
-1.6,2.77,
-1.6,2.77,
-1.6,2.77,
-1.6,2.77,
-1.6,2.77,
-1.6,2.77,
-1.6,2.77,
-1.64,2.71,
-1.64,2.71,
-1.64,2.71,
-1.64,2.71,
-1.64,2.71,
-1.64,2.71,
-1.64,2.71,
-1.64,2.71,
-1.64,2.71,
-1.64,2.71,
-1.64,2.68,
-1.64,2.68,
-1.64,2.68,
-1.64,2.68,
-1.64,2.68,
-1.64,2.68,
-1.64,2.68,
-1.64,2.68,
-1.64,2.68,
-1.63,2.84,
-1.63,2.84,
-1.63,2.84,
-1.63,2.84,
-1.63,2.84,
-1.63,2.84,
-1.63,2.84,
-1.63,2.84,
-1.63,2.84,
-1.63,2.84,
-1.63,2.84,
-1.63,2.84,
-1.49,2.91,
-1.49,2.91,
-1.49,2.91,
-1.49,2.91,
-1.49,2.91,
-1.49,2.91,
-1.49,2.91,
-1.49,2.91,
-1.49,2.91,
-1.33,2.89,
-1.33,2.89,
-1.33,2.89,
-1.33,2.89,
-1.33,2.89,
-1.33,2.89,
-1.33,2.89,
-1.33,2.89,
-1.25,2.86,
-1.25,2.86,
-1.25,2.86,
-1.25,2.86,
-1.25,2.86,
-1.25,2.86,
-1.25,2.86,
-1.25,2.86,
-1.25,2.86,
-1.25,2.86,
-1.25,2.86,
-1.25,2.86,
-1.3,2.84,
-1.3,2.84,
-1.3,2.84,
-1.3,2.84,
-1.3,2.84,
-1.3,2.84,
-1.3,2.84,
-1.3,2.84,
-1.32,2.86,
-1.32,2.86,
-1.32,2.86,
-1.32,2.86,
-1.32,2.86,
-1.32,2.86,
-1.32,2.86,
-1.32,2.86,
-1.45,2.87,
-1.45,2.87,
-1.45,2.87,
-1.45,2.87,
-1.45,2.87,
-1.45,2.87,
-1.45,2.87,
-1.45,2.87,
-1.51,2.83,
-1.51,2.83,
-1.51,2.83,
-1.51,2.83,
-1.51,2.83,
-1.51,2.83,
-1.51,2.83,
-1.51,2.83,
-1.51,2.83,
-1.51,2.83,
-1.51,2.83,
-1.51,2.83,
-1.51,2.83,
-1.51,2.83,
-1.51,2.83,
-1.51,2.83,
-1.53,2.81,
-1.53,2.81,
-1.53,2.81,
-1.53,2.81,
-1.53,2.81,
-1.53,2.81,
-1.5,2.69,
-1.5,2.69,
-1.5,2.69,
-1.5,2.69,
-1.5,2.69,
-1.5,2.69,
-1.5,2.69,
-1.5,2.69,
-1.48,2.68,
-1.48,2.68,
-1.48,2.68,
-1.48,2.68,
-1.48,2.68,
-1.48,2.68,
-1.48,2.68,
-1.48,2.68,
-1.48,2.68,
-1.48,2.68,
-1.4,2.67,
-1.4,2.67,
-1.4,2.67,
-1.4,2.67,
-1.4,2.67,
-1.4,2.67,
-1.4,2.67,
-1.4,2.67,
-1.4,2.67,
-1.37,2.79,
-1.37,2.79,
-1.37,2.79,
-1.37,2.79,
-1.37,2.79,
-1.37,2.79,
-1.37,2.79,
-1.37,2.79,
-1.37,2.79,
-1.37,2.79,
-1.37,2.79,
-1.37,2.79,
-1.33,2.85,
-1.33,2.85,
-1.33,2.85,
-1.33,2.85,
-1.33,2.85,
-1.33,2.85,
-1.33,2.85,
-1.33,2.85,
-1.29,2.96,
-1.29,2.96,
-1.29,2.96,
-1.29,2.96,
-1.29,2.96,
-1.29,2.96,
-1.29,2.96,
-1.29,2.96,
-1.29,2.96,
-1.29,2.96,
-1.27,3.03,
-1.27,3.03,
-1.27,3.03,
-1.27,3.03,
-1.27,3.03,
-1.27,3.03,
-1.27,3.03,
-1.27,3.03,
-1.27,3.03,
-1.17,3.07,
-1.17,3.07,
-1.17,3.07,
-1.17,3.07,
-1.17,3.07,
-1.17,3.07,
-1.17,3.07,
-1.17,3.07,
-1.17,3.07,
-1.13,3.08,
-1.13,3.08,
-1.13,3.08,
-1.13,3.08,
-1.13,3.08,
-1.13,3.08,
-1.13,3.08,
-1.13,3.08,
-1.13,3.08,
-1.13,3.08,
-1.07,3.09,
-1.07,3.09,
-1.07,3.09,
-1.07,3.09,
-1.07,3.09,
-1.07,3.09,
-1.07,3.09,
-1.07,3.09,
-1.07,3.09,
-1.07,3.09,
-1.07,3.09,
-1.05,3.06,
-1.05,3.06,
-1.05,3.06,
-1.05,3.06,
-1.05,3.06,
-1.05,3.06,
-1.05,3.06,
-1.05,3.06,
-1.06,3.04,
-1.06,3.04,
-1.06,3.04,
-1.06,3.04,
-1.06,3.04,
-1.06,3.04,
-1.06,3.04,
-1.06,3.04,
-1.05,3.34,
-1.05,3.34,
-1.05,3.34,
-1.05,3.34,
-1.05,3.34,
-1.05,3.34,
-1.05,3.34,
-1.05,3.34,
-1.05,3.34,
-1.05,3.34,
-1.05,3.34,
-1.05,3.34,
-1.04,3.39,
-1.04,3.39,
-1.04,3.39,
-1.04,3.39,
-1.04,3.39,
-1.04,3.39,
-1.04,3.39,
-1.04,3.39,
-1.04,3.39,
-0.92,3.41,
-0.92,3.41,
-0.92,3.41,
-0.92,3.41,
-0.92,3.41,
-0.92,3.41,
-0.92,3.41,
-0.92,3.41,
-0.86,3.07,
-0.86,3.07,
-0.86,3.07,
-0.86,3.07,
-0.86,3.07,
-0.86,3.07,
-0.86,3.07,
-0.86,3.07,
-0.86,3.07,
-0.86,3.07,
-0.89,2.9,
-0.89,2.9,
-0.89,2.9,
-0.89,2.9,
-0.89,2.9,
-0.89,2.9,
-0.89,2.9,
-0.89,2.9,
-0.89,2.9,
-1.1,2.53,
-1.1,2.53,
-1.1,2.53,
-1.1,2.53,
-1.1,2.53,
-1.1,2.53,
-1.1,2.53,
-1.1,2.53,
-1.1,2.53,
-1.1,2.53,
-1.1,2.53,
-1.2,2.14,
-1.2,2.14,
-1.2,2.14,
-1.2,2.14,
-1.2,2.14,
-1.2,2.14,
-1.2,2.14,
-1.2,2.14,
-1.2,2.14,
-1.2,2.14,
-1.46,1.95,
-1.46,1.95,
-1.46,1.95,
-1.46,1.95,
-1.46,1.95,
-1.46,1.95,
-1.46,1.95,
-1.46,1.95,
-1.46,1.95,
-1.59,2.48,
-1.59,2.48,
-1.59,2.48,
-1.59,2.48,
-1.59,2.48,
-1.59,2.48,
-1.59,2.48,
-1.59,2.48,
-1.59,2.48,
-1.59,2.48,
-1.64,2.74,
-1.64,2.74,
-1.64,2.74,
-1.64,2.74,
-1.64,2.74,
-1.64,2.74,
-1.67,3.22,
-1.67,3.22,
-1.67,3.22,
-1.67,3.22,
-1.67,3.22,
-1.67,3.22,
-1.67,3.22,
-1.67,3.22,
-1.67,3.22,
-1.67,3.22,
-1.4,3.45,
-1.4,3.45,
-1.4,3.45,
-1.4,3.45,
-1.4,3.45,
-1.4,3.45,
-1.4,3.45,
-1.4,3.45,
-1.4,3.45,
-1.4,3.45,
-1.4,3.45,
-1.4,3.45,
-1.4,3.45,
-1.24,3.0,
-1.24,3.0,
-1.24,3.0,
-1.24,3.0,
-1.24,3.0,
-1.24,3.0,
-1.16,2.82,
-1.16,2.82,
-1.16,2.82,
-1.16,2.82,
-1.16,2.82,
-1.16,2.82,
-1.16,2.82,
-1.16,2.82,
-1.16,2.82,
-0.95,2.73,
-0.95,2.73,
-0.95,2.73,
-0.95,2.73,
-0.95,2.73,
-0.95,2.73,
-0.95,2.73,
-0.95,2.73,
-0.95,2.73,
-0.95,2.73,
-0.85,3.08,
-0.85,3.08,
-0.85,3.08,
-0.85,3.08,
-0.85,3.08,
-0.85,3.08,
-0.85,3.08,
-0.85,3.08,
-0.85,3.08,
-0.81,3.25,
-0.81,3.25,
-0.81,3.25,
-0.81,3.25,
-0.81,3.25,
-0.81,3.25,
-0.81,3.25,
-0.81,3.25,
-0.81,3.25,
-0.67,3.24,
-0.67,3.24,
-0.67,3.24,
-0.67,3.24,
-0.67,3.24,
-0.67,3.24,
-0.67,3.24,
-0.67,3.24,
-0.67,3.24,
-0.67,3.24,
-0.67,3.24,
-0.6,3.22,
-0.6,3.22,
-0.6,3.22,
-0.6,3.22,
-0.6,3.22,
-0.6,3.22,
-0.6,3.22,
-0.6,3.22,
-0.6,3.22,
-0.6,3.22,
-0.61,3.21,
-0.61,3.21,
-0.61,3.21,
-0.61,3.21,
-0.61,3.21,
-0.61,3.21,
-0.61,3.21,
-0.61,3.21,
-0.61,3.21,
-0.62,3.32,
-0.62,3.32,
-0.62,3.32,
-0.62,3.32,
-0.62,3.32,
-0.62,3.32,
-0.62,3.32,
-0.62,3.32,
-0.75,3.38,
-0.75,3.38,
-0.75,3.38,
-0.75,3.38,
-0.75,3.38,
-0.75,3.38,
-0.75,3.38,
-0.75,3.38,
-0.75,3.38,
-0.82,3.47,
-0.82,3.47,
-0.82,3.47,
-0.82,3.47,
-0.82,3.47,
-0.82,3.47,
-0.82,3.47,
-0.82,3.47,
-0.82,3.47,
-0.82,3.47,
-0.82,3.47,
-0.86,3.51,
-0.86,3.51,
-0.86,3.51,
-0.86,3.51,
-0.86,3.51,
-0.86,3.51,
-0.86,3.51,
-0.86,3.51,
-0.86,3.51,
-0.86,3.51,
-0.96,3.53,
-0.96,3.53,
-0.96,3.53,
-0.96,3.53,
-0.96,3.53,
-0.96,3.53,
-0.96,3.53,
-0.96,3.53,
-0.96,3.53,
-0.96,3.53,
-0.96,3.53,
-1.0,3.35,
-1.0,3.35,
-1.0,3.35,
-1.0,3.35,
-1.0,3.35,
-1.0,3.35,
-1.0,3.35,
-1.0,3.35,
-1.06,3.26,
-1.06,3.26,
-1.06,3.26,
-1.06,3.26,
-1.06,3.26,
-1.06,3.26,
-1.06,3.26,
-1.06,3.26,
-1.06,3.26,
-1.08,3.4,
-1.08,3.4,
-1.08,3.4,
-1.08,3.4,
-1.08,3.4,
-1.08,3.4,
-1.08,3.4,
-1.08,3.4,
-1.08,3.4,
-1.04,3.47,
-1.04,3.47,
-1.04,3.47,
-1.04,3.47,
-1.04,3.47,
-1.04,3.47,
-1.04,3.47,
-1.04,3.47,
-1.04,3.47,
-1.04,3.47,
-1.04,3.47,
-0.91,3.18,
-0.91,3.18,
-0.91,3.18,
-0.91,3.18,
-0.91,3.18,
-0.91,3.18,
-0.91,3.18,
-0.91,3.18,
-0.91,3.18,
-0.91,3.12,
-0.84,3.12,
-0.84,3.12,
-0.84,3.12,
-0.84,3.12,
-0.84,3.12,
-0.84,3.12,
-0.84,3.12,
-0.73,3.08,
-0.73,3.08,
-0.73,3.08,
-0.73,3.08,
-0.73,3.08,
-0.73,3.08,
-0.73,3.08,
-0.73,3.08,
-0.73,3.08,
-0.73,3.08,
-0.67,2.84,
-0.67,2.84,
-0.67,2.84,
-0.67,2.84,
-0.67,2.84,
-0.67,2.84,
-0.67,2.84,
-0.67,2.84,
-0.62,2.73,
-0.62,2.73,
-0.62,2.73,
-0.62,2.73,
-0.62,2.73,
-0.62,2.73,
-0.62,2.73,
-0.62,2.73,
-0.62,2.73,
-0.62,2.73,
-0.62,2.73,
-0.59,2.32,
-0.59,2.32,
-0.59,2.32,
-0.59,2.32,
-0.59,2.32,
-0.59,2.32,
-0.59,2.32,
-0.59,2.32,
-0.59,2.32,
-0.59,2.32,
-0.59,2.32,
-0.84,2.11,
-0.84,2.11,
-0.84,2.11,
-0.84,2.11,
-0.84,2.11,
-0.84,2.11,
-0.84,2.11,
-0.84,1.35,
-1.28,1.35,
-1.28,1.35,
-1.28,1.35,
-1.28,1.35,
-1.28,1.35,
-1.28,1.35,
-1.28,1.35,
-1.28,1.35,
-1.28,0.61,
-1.5,0.61,
-1.5,0.61,
-1.5,0.61,
-1.5,0.61,
-1.5,0.61,
-1.5,0.61,
-1.5,0.61,
-1.5,0.61,
-1.5,0.61,
-1.5,0.61,
-1.5,0.61,
-1.5,0.23,
-1.35,0.23,
-1.35,0.23,
-1.35,0.23,
-1.35,0.23,
-1.35,0.23,
-1.35,0.23,
-1.35,0.23,
-1.27,0.7,
-1.27,0.7,
-1.27,0.7,
-1.27,0.7,
-1.27,0.7,
-1.27,0.7,
-1.27,0.7,
-1.27,0.7,
-1.27,0.7,
-1.27,0.94,
-1.01,0.94,
-1.01,0.94,
-1.01,0.94,
-1.01,0.94,
-1.01,0.94,
-1.01,0.94,
-1.01,0.94,
-1.01,0.94,
-1.01,1.5,
-0.84,1.5,
-0.84,1.5,
-0.84,1.5,
-0.84,1.5,
-0.84,1.5,
-0.84,1.5,
-0.84,1.5,
-0.84,1.5,
-0.84,1.5,
-0.84,1.25,
-0.75,1.25,
-0.75,1.25,
-0.75,1.25,
-0.75,1.25,
-0.75,1.25,
-0.75,1.25,
-0.75,1.25,
-0.75,1.25,
-0.75,1.25,
-0.75,1.13,
-0.81,1.13,
-0.81,1.13,
-0.81,1.13,
-0.81,1.13,
-0.81,1.13,
-0.81,1.13,
-0.81,1.13,
-0.81,1.13,
-0.81,1.13,
-0.81,1.13,
-0.81,1.58,
-0.84,1.58,
-0.84,1.58,
-0.84,1.58,
-0.84,1.58,
-0.84,1.58,
-0.84,1.58,
-0.84,1.58,
-0.84,1.58,
-0.84,1.81,
-0.56,1.81,
-0.56,1.81,
-0.56,1.81,
-0.56,1.81,
-0.56,1.81,
-0.56,1.81,
-0.56,1.81,
-0.56,2.95,
-0.56,2.95,
-0.43,2.95,
-0.43,2.95,
-0.43,2.95,
-0.43,2.95,
-0.43,2.95,
-0.43,2.95,
-0.43,2.95,
-0.43,2.95,
-0.43,2.95,
-0.46,3.53,
-0.46,3.53,
-0.46,3.53,
-0.46,3.53,
-0.46,3.53,
-0.46,3.53,
-0.46,3.53,
-0.46,3.53,
-0.46,3.53,
-0.46,3.53,
-0.46,3.53,
-1.0,2.65,
-1.0,2.65,
-1.0,2.65,
-1.0,2.65,
-1.0,2.65,
-1.0,2.65,
-1.0,1.13,
-1.26,1.13,
-1.26,1.13,
-1.26,1.13,
-1.26,1.13,
-1.26,1.13,
-1.26,1.13,
-1.26,1.13,
-1.26,1.13,
-1.26,1.13,
-1.26,1.13,
-1.26,1.13,
-1.32,0.38,
-1.32,0.38,
-1.32,0.38,
-1.32,0.38,
-1.32,0.38,
-1.32,0.38,
-1.32,0.38,
-1.32,0.82,
-1.34,0.82,
-1.34,0.82,
-1.34,0.82,
-1.34,0.82,
-1.34,0.82,
-1.34,0.82,
-1.34,0.82,
-1.34,0.82,
-1.74,1.04,
-1.74,1.04,
-1.74,1.04,
-1.74,1.04,
-1.74,1.04,
-1.74,1.04,
-1.74,1.04,
-1.74,1.04,
-1.74,1.04,
-1.74,1.04,
-1.74,1.73,
-2.04,1.73,
-2.04,1.73,
-2.04,1.73,
-2.04,1.73,
-2.04,1.73,
-2.04,1.73,
-2.04,1.73,
-2.04,1.73,
-2.04,1.73,
-2.04,2.13,
-2.18,2.13,
-2.18,2.13,
-2.18,2.13,
-2.18,2.13,
-2.18,2.13,
-2.18,2.13,
-2.18,2.13,
-2.18,2.13,
-2.18,2.13,
-2.18,2.13,
-2.18,2.13,
-2.18,2.13,
-2.18,2.13,
-2.18,2.13,
-2.02,2.32,
-2.02,2.32,
-2.02,2.32,
-2.02,2.32,
-2.02,2.32,
-2.02,2.32,
-2.02,2.32,
-1.95,2.64,
-1.95,2.64,
-1.95,2.64,
-1.95,2.64,
-1.95,2.64,
-1.95,2.64,
-1.95,2.64,
-1.95,2.8,
-0.94,2.8,
-0.94,2.8,
-0.94,2.8,
-0.94,2.8,
-0.94,2.8,
-0.94,2.8,
-0.94,2.8,
-0.94,2.8,
-0.94,4.39,
-0.44,4.39,
-0.44,4.39,
-0.44,4.39,
-0.44,4.39,
-0.44,4.39,
-0.44,4.39,
-0.44,4.39,
-0.44,4.39,
-0.44,5.2,
0.15,5.2,
0.15,5.2,
0.15,5.2,
0.15,5.2,
0.15,5.2,
0.15,5.2,
0.15,5.2,
0.15,5.2,
0.15,5.2,
0.15,5.2,
0.79,5.53,
0.79,5.53,
0.79,5.53,
0.79,5.53,
0.79,5.53,
0.79,5.53,
0.79,5.53,
0.79,5.53,
0.79,5.53,
0.79,6.43,
1.11,6.43,
1.11,6.43,
1.11,6.43,
1.11,6.43,
1.11,6.43,
1.11,6.43,
1.11,6.43,
1.11,6.43,
1.11,6.43,
1.11,6.87,
1.37,6.87,
1.37,6.87,
1.37,6.87,
1.37,6.87,
1.37,6.87,
1.37,6.87,
1.37,6.87,
1.37,6.72,
1.5,6.72,
1.5,6.72,
1.5,6.72,
1.5,6.72,
1.5,6.72,
1.5,6.72,
1.5,6.72,
1.5,6.72,
1.5,6.72,
1.5,6.72,
1.5,6.65,
1.24,6.65,
1.24,6.65,
1.24,6.65,
1.24,6.65,
1.24,6.65,
1.24,6.65,
1.24,6.65,
1.24,6.65,
0.8,5.65,
0.8,5.65,
0.8,5.65,
0.8,5.65,
0.8,5.65,
0.8,5.65,
0.8,5.65,
0.8,5.65,
0.8,5.65,
0.8,4.54,
0.58,4.54,
0.58,4.54,
0.58,4.54,
0.58,4.54,
0.58,4.54,
0.58,4.54,
0.58,4.54,
0.58,4.54,
0.58,3.98,
0.17,3.98,
0.17,3.98,
0.17,3.98,
0.17,3.98,
0.17,3.98,
0.17,3.98,
0.17,3.98,
0.17,3.98,
0.17,3.98,
0.17,3.98,
0.17,3.98,
-0.04,3.27,
-0.04,3.27,
-0.04,3.27,
-0.04,3.27,
-0.04,3.27,
-0.04,3.27,
-0.04,3.27,
-0.04,3.27,
-0.04,3.27,
-0.04,3.27,
-0.04,2.92,
-0.7,2.92,
-0.7,2.92,
-0.7,2.92,
-0.7,2.92,
-0.7,2.92,
-0.7,2.92,
-0.7,2.92,
-1.02,1.97,
-1.02,1.97,
-1.02,1.97,
-1.02,1.97,
-1.02,1.97,
-1.02,1.97,
-1.02,1.97,
-1.02,1.97,
-1.02,1.97,
-1.02,1.97,
-1.02,1.5,
-1.55,1.5,
-1.55,1.5,
-1.55,1.5,
-1.55,1.5,
-1.55,1.5,
-1.55,1.5,
-1.55,1.5,
-1.55,1.5,
-1.55,1.5,
-1.55,1.5,
-1.55,1.5,
-1.55,1.5,
-1.55,1.5,
-1.55,1.5,
-1.55,0.54,
-2.22,0.54,
-2.22,0.54,
-2.22,0.54,
-2.22,0.54,
-2.22,0.54,
-2.55,0.56,
-2.55,0.56,
-2.55,0.56,
-2.55,0.56,
-2.55,0.56,
-2.83,0.57,
-2.83,0.57,
-2.83,0.57,
-2.83,0.57,
-2.83,0.57,
-2.83,0.57,
-2.83,0.57,
-2.83,0.57,
-2.83,0.57,
-2.83,0.57,
-2.83,0.82,
-2.97,0.82,
-2.97,0.82,
-2.97,0.82,
-2.97,0.82,
-2.97,0.82,
-2.97,0.82,
-2.97,0.82,
-2.97,0.82,
-2.97,0.82,
-2.97,0.82,
-2.97,0.95,
-2.36,0.95,
-2.36,0.95,
-2.36,0.95,
-2.36,0.95,
-2.36,0.95,
-2.36,0.95,
-2.36,1.5,
-1.61,1.5,
-1.61,1.5,
-1.61,1.5,
-1.61,1.5,
-1.61,1.5,
-1.61,1.5,
-1.61,1.5,
-1.61,1.5,
-1.61,1.5,
-1.61,1.5,
-1.61,1.5,
-1.61,1.5,
-1.61,1.5,
-1.61,1.5,
-1.61,1.5,
-1.61,1.32,
-1.23,1.32,
-1.23,1.32,
-1.23,1.32,
-1.23,1.32,
-1.23,1.32,
-1.23,1.32,
-1.23,1.32,
-1.23,1.24,
-1.21,1.24,
-1.21,1.24,
-1.21,1.24,
-1.21,1.24,
-1.21,1.24,
-1.2,1.54,
-1.2,1.54,
-1.2,1.54,
-1.2,1.54,
-1.2,1.54,
-1.2,1.54,
-1.2,1.69,
-1.76,1.69,
-1.76,1.69,
-1.76,1.69,
-1.76,1.69,
-1.76,1.69,
-1.76,1.69,
-1.76,1.69,
-1.76,1.69,
-1.76,1.69,
-1.76,1.69,
-1.76,1.69,
-1.76,1.69,
-1.76,1.69,
-1.76,0.91,
-2.04,0.91,
-2.04,0.91,
-2.04,0.91,
-2.04,0.91,
-2.04,0.52,
-2.97,0.52,
-2.97,0.52,
-2.97,0.52,
-2.97,0.52,
-2.97,0.52,
-2.97,0.52,
-2.97,0.52,
-2.97,0.52,
-2.97,0.52,
-2.97,0.52,
-2.97,-1.08,
-2.97,-1.08,
-2.97,-1.08,
-2.97,-1.08,
-4.14,-1.08,
-4.14,-1.08,
-4.14,-1.08,
-4.14,-1.08,
-4.14,-1.08,
-4.14,-1.08,
-4.14,-1.08,
-4.72,-1.96,
-4.72,-1.96,
-4.72,-1.96,
-4.72,-1.96,
-4.72,-1.96,
-4.72,-1.96,
-4.72,-1.96,
-4.72,-2.4,
-4.77,-2.4,
-4.77,-2.4,
-4.77,-2.4,
-4.77,-2.4,
-4.77,-2.4,
-4.77,-1.85,
-4.77,-1.85,
-4.77,-1.85,
-4.77,-1.85,
-4.79,-1.85,
-4.79,-1.85,
-4.79,-1.85,
-4.79,-1.85,
-4.79,-1.85,
-3.93,-1.58,
-3.93,-1.58,
-3.93,-1.58,
-3.93,-1.58,
-3.93,-1.58,
-3.93,-1.58,
-3.93,-1.58,
-3.93,-1.58,
-3.93,-1.58,
-3.49,-0.54,
-3.49,-0.54,
-3.49,-0.54,
-3.49,-0.54,
-3.49,-0.54,
-3.49,-0.54,
-3.49,-0.54,
-3.49,-0.54,
-2.4,1.2,
-2.4,1.2,
-2.4,1.2,
-2.4,1.2,
-2.4,1.2,
-2.4,1.2,
-2.4,1.2,
-2.4,1.2,
-2.4,1.2,
-1.19,2.09,
-1.19,2.09,
-1.19,2.09,
-1.19,2.09,
-1.19,2.09,
-1.19,2.09,
-1.19,2.09,
-1.19,2.09,
-1.19,2.09,
-1.19,2.09,
-1.19,3.12,
-0.58,3.12,
-0.58,3.12,
-0.58,3.12,
-0.58,3.12,
-0.58,3.12,
-0.58,3.12,
-0.58,3.12,
-0.56,3.64,
-0.56,3.64,
-0.56,3.64,
-0.56,3.64,
-0.56,3.64,
-0.56,3.64,
-0.56,2.2,
-0.56,2.2,
-0.56,2.2,
-0.56,2.2,
-0.54,2.2,
-0.54,2.2,
-0.54,2.2,
-0.54,2.2,
-0.54,2.2,
-0.54,2.2,
-0.54,2.2,
-0.54,2.2,
-0.54,2.2,
-0.54,2.2,
-0.54,2.2,
-0.54,2.2,
-0.54,2.2,
-0.54,2.2,
-0.54,2.2,
-1.56,1.47,
-1.56,1.47,
-1.56,1.47,
-1.56,1.47,
-1.56,1.47,
-1.56,1.47,
-1.56,0.16,
-3.18,0.16,
-3.18,0.16,
-3.18,0.16,
-3.18,0.16,
-3.18,0.16,
-3.18,0.16,
-3.18,-1.45,
-3.99,-1.45,
-3.99,-1.45,
-3.99,-1.45,
-3.99,-1.45,
-3.99,-1.45,
-3.99,-1.45,
-3.99,-1.45,
-3.99,-2.27,
-5.06,-2.27,
-5.06,-2.27,
-5.06,-2.27,
-5.06,-2.27,
-5.06,-2.27,
-5.06,-2.27,
-5.06,-2.27,
-5.06,-2.27,
-5.59,-2.57,
-5.59,-2.57,
-5.59,-2.57,
-5.59,-2.57,
-5.59,-2.57,
-5.59,-2.57,
-5.59,-2.57,
-5.59,-2.57,
-5.59,-2.57,
-5.59,-2.71,
-6.32,-2.71,
-6.32,-2.71,
-6.32,-2.71,
-6.32,-2.71,
-6.32,-2.71,
-6.32,-2.71,
-6.32,-2.71,
-6.32,-2.71,
-6.32,-2.71,
-6.32,-4.43,
-6.68,-4.43,
-6.68,-4.43,
-6.68,-4.43,
-6.68,-4.43,
-6.68,-4.43,
-6.68,-4.43,
-6.68,-4.43,
-6.68,-4.43,
-6.68,-4.48,
-6.68,-4.48,
-6.89,-4.48,
-6.89,-4.48,
-6.89,-4.48,
-6.89,-4.48,
-6.89,-4.48,
-6.89,-4.48,
-6.89,-4.48,
-6.89,-4.51,
-6.32,-4.51,
-6.32,-4.51,
-6.32,-4.51,
-6.32,-4.51,
-6.32,-4.51,
-6.32,-4.51,
-6.32,-4.51,
-6.32,-4.51,
-6.32,-4.51,
-6.32,-4.51,
-6.32,-4.51,
-6.04,-3.24,
-6.04,-3.24,
-6.04,-3.24,
-6.04,-3.24,
-6.04,-3.24,
-6.04,-3.24,
-6.04,-3.24,
-6.04,-2.6,
-5.49,-2.6,
-5.49,-2.6,
-5.49,-2.6,
-5.49,-2.6,
-5.49,-2.6,
-5.49,-2.6,
-5.49,-2.6,
-5.49,-2.6,
-5.49,-2.6,
-5.49,-2.6,
-5.49,-2.6,
-5.49,-2.17,
-5.22,-2.17,
-5.22,-2.17,
-5.22,-2.17,
-5.22,-2.17,
-5.22,-2.17,
-5.22,-2.17,
-5.22,-2.17,
-5.22,-2.17,
-5.22,-2.17,
-5.22,-2.17,
-5.22,-1.95,
-5.41,-1.95,
-5.41,-1.95,
-5.41,-1.95,
-5.41,-1.95,
-5.41,-1.95,
-5.41,-1.95,
-5.41,-1.95,
-5.41,-3.66,
-6.72,-3.66,
-6.72,-3.66,
-6.72,-3.66,
-6.72,-3.66,
-6.72,-3.93,
-6.72,-3.93,
-7.38,-3.93,
-7.38,-3.93,
-7.38,-3.93,
-7.38,-3.93,
-7.38,-3.93,
-7.38,-3.93,
-7.38,-3.93,
-7.38,-4.06,
-8.01,-4.06,
-8.01,-4.06,
-8.01,-4.06,
-8.01,-4.06,
-8.01,-4.06,
-8.01,-4.06,
-8.01,-4.06,
-8.01,-4.06,
-8.01,-2.65,
-8.01,-2.65,
-8.01,-2.65,
-8.32,-2.65,
-8.32,-2.65,
-8.32,-2.65,
-8.32,-2.65,
-8.32,-2.65,
-8.32,-2.65,
-8.32,-2.65,
-8.32,-1.96,
-8.32,-1.96,
-8.32,-1.96,
-8.32,-1.96,
-7.76,-1.96,
-7.76,-1.96,
-7.76,-1.96,
-7.76,-1.96,
-7.76,-1.96,
-7.76,-1.96,
-7.76,-1.96,
-7.76,-1.96,
-7.76,-1.96,
-8.09,-2.04,
-8.09,-2.04,
-8.09,-2.04,
-8.09,-2.04,
-8.09,-2.04,
-8.09,-2.04,
-8.09,-2.04,
-8.09,-2.04,
-8.25,-5.04,
-8.25,-5.04,
-8.25,-5.04,
-8.25,-5.04,
-8.25,-5.04,
-8.25,-5.04,
-8.25,-5.04,
-8.25,-5.04,
-8.25,-5.04,
-8.25,-6.5,
-8.25,-6.5,
-8.96,-6.5,
-8.96,-6.5,
-8.96,-6.5,
-8.96,-6.5,
-8.96,-6.5,
-8.96,-6.5,
-8.96,-6.5,
-8.96,-6.5,
-8.96,-6.22,
-8.96,-6.22,
-9.31,-6.22,
-9.31,-6.22,
-9.31,-6.22,
-9.31,-6.22,
-9.31,-6.22,
-9.31,-6.22,
-9.31,-6.09,
-9.56,-6.09,
-9.56,-6.09,
-9.56,-6.09,
-9.56,-6.09,
-9.56,-6.09,
-9.56,-6.09,
-9.56,-6.09,
-9.56,-6.09,
-9.56,-6.09,
-9.56,-6.21,
-9.68,-6.21,
-9.68,-6.21,
-9.68,-6.21,
-9.68,-6.21,
-9.68,-6.21,
-9.68,-6.21,
-9.68,-6.21,
-9.68,-6.21,
-9.68,-6.27,
-9.91,-6.27,
-9.91,-6.27,
-9.91,-6.27,
-9.91,-6.27,
-9.91,-6.27,
-9.91,-6.27,
-9.91,-6.27,
-9.91,-6.27,
-9.91,-4.54,
-9.91,-4.54,
-8.83,-4.54,
-8.83,-4.54,
-8.83,-4.54,
-8.83,-4.54,
-8.83,-4.54,
-8.83,-4.54,
-8.83,-4.54,
-8.83,-4.54,
-8.83,-4.54,
-8.83,-4.54,
-8.83,-2.15,
-8.29,-2.15,
-8.29,-2.15,
-8.29,-2.15,
-8.29,-2.15,
-8.29,-2.15,
-8.29,-2.15,
-8.29,-2.15,
-8.29,-2.15,
-8.29,-0.93,
-5.85,-0.93,
-5.85,-0.93,
-5.85,-0.93,
-5.85,-0.93,
-5.85,-0.93,
-5.85,-0.93,
-5.85,-0.93,
-4.6,2.41,
-4.6,2.41,
-4.6,2.41,
-4.6,2.41,
-4.6,2.41,
-4.6,2.41,
-4.6,2.41,
-4.6,2.41,
-4.6,2.41,
-4.6,2.41,
-4.6,4.1,
-1.21,4.1,
-1.21,4.1,
-1.21,4.1,
-1.21,4.1,
-1.21,4.1,
-1.21,4.1,
-1.21,4.1,
-1.21,4.1,
-1.21,5.68,
-1.21,5.68,
-1.21,5.68,
-1.21,5.68,
2.1,5.68,
2.1,5.68,
2.1,5.68,
2.1,5.68,
2.1,5.68,
2.1,5.68,
2.1,5.68,
2.1,5.68,
2.1,6.81,
2.1,6.81,
3.8,6.81,
3.8,6.81,
3.8,6.81,
3.8,6.81,
3.8,7.38,
3.8,7.38,
4.68,7.38,
4.68,7.38,
4.68,7.38,
4.68,7.38,
4.68,7.38,
4.68,7.38,
4.68,7.38,
4.68,7.38,
4.68,7.38,
4.68,7.38,
4.68,8.58,
4.68,8.58,
5.12,8.58,
5.12,8.58,
5.12,8.58,
5.12,8.58,
5.12,8.58,
5.12,8.58,
5.12,8.58,
5.12,9.18,
5.12,9.18,
5.19,9.18,
5.19,9.18,
5.19,9.18,
5.19,9.18,
5.19,9.18,
5.19,9.18,
5.19,9.95,
5.22,9.95,
5.22,9.95,
5.22,9.95,
5.22,9.95,
5.22,9.95,
5.22,9.95,
5.22,9.95,
5.22,9.95,
5.22,9.95,
5.22,9.95,
5.22,9.95,
4.79,10.34,
4.79,10.34,
4.79,10.34,
4.79,10.34,
4.79,10.34,
4.79,10.34,
4.79,10.34,
4.79,10.34,
3.9,8.18,
3.9,8.18,
3.9,8.18,
3.9,8.18,
3.9,8.18,
3.9,8.18,
3.9,8.18,
3.9,8.18,
3.9,8.18,
3.9,8.18,
3.9,8.18,
3.9,6.03,
3.45,6.03,
3.45,6.03,
3.45,6.03,
3.45,6.03,
3.45,6.03,
3.45,6.03,
3.45,6.03,
3.45,6.03,
3.45,4.96,
2.43,4.96,
2.43,4.96,
2.43,4.96,
2.43,4.96,
2.43,4.96,
2.43,4.96,
2.43,4.96,
2.43,4.96,
2.43,4.96,
1.93,2.32,
1.93,2.32,
1.93,2.32,
1.93,2.32,
1.93,2.32,
1.93,2.32,
1.93,2.32,
1.93,1.02,
-0.54,1.02,
-0.54,1.02,
-0.54,1.02,
-0.54,1.02,
-0.54,1.02,
-0.54,1.02,
-0.54,1.02,
-0.54,1.02,
-0.54,1.02,
-0.54,0.53,
-0.54,0.53,
-0.56,0.53,
-0.56,0.53,
-0.56,0.53,
-0.56,0.53,
-0.56,0.53,
-0.56,0.53,
-0.56,0.53,
-0.56,0.53,
-0.56,-8.78,
-0.57,-8.78,
-0.57,-8.78,
-0.57,-8.78,
-0.57,-8.78,
-0.57,-8.78,
-0.57,-8.78,
-0.57,-8.78,
-0.57,-8.78,
-0.57,-8.78,
-0.57,-8.78,
-0.57,-8.78,
-0.57,-13.29,
-0.95,-13.29,
-0.95,-13.29,
-0.95,-13.29,
-0.95,-13.29,
-0.95,-13.29,
-0.95,-13.29,
-0.95,-13.29,
-0.95,-21.24,
-1.14,-21.24,
-1.14,-21.24,
-1.14,-21.24,
-1.14,-21.24,
-1.14,-21.24,
-1.14,-21.24,
-1.14,-21.24,
-1.14,-21.24,
-1.14,-21.24,
-2.34,-25.21,
-2.34,-25.21,
-2.34,-25.21,
-2.34,-25.21,
-2.34,-25.21,
-2.34,-25.21,
-2.34,-25.21,
-2.34,-25.21,
-2.34,-25.21,
-2.34,-25.21,
-2.34,-25.96,
-2.91,-25.96,
-2.91,-25.96,
-2.91,-25.96,
-2.91,-25.96,
-2.91,-25.96,
-2.91,-25.96,
-2.91,-25.96,
-2.91,-26.35,
-2.91,-26.35,
-2.91,-26.35,
-2.91,-26.35,
-3.87,-26.35,
-3.87,-26.35,
-3.87,-26.35,
-3.87,-26.35,
-3.87,-26.35,
-3.87,-22.77,
-3.87,-22.77,
-3.87,-22.77,
-3.87,-22.77,
-3.87,-22.77,
-3.87,-22.77,
-3.87,-22.77,
-3.87,-22.77,
-3.87,-22.77,
-3.87,-22.77,
-3.87,-22.77,
-3.87,-22.77,
-3.87,-29.85,
-3.87,-29.85,
-3.87,-29.85,
-3.87,-29.85,
-3.87,-29.85,
-3.87,-29.85,
-3.87,-29.85,
-3.87,-29.85,
-3.87,-33.28,
-3.87,-33.28,
-2.74,-33.28,
-2.74,-33.28,
-2.74,-33.28,
-2.74,-33.28,
-2.74,-33.28,
-2.74,-33.28,
-2.74,-33.28,
-2.74,-33.28,
-2.14,-37.43,
-2.14,-37.43,
-2.14,-37.43,
-2.14,-37.43,
-2.14,-37.43,
-2.14,-37.43,
-2.14,-37.43,
-2.14,-37.43,
-2.14,-39.35,
0.11,-39.35,
0.11,-39.35,
0.11,-39.35,
0.11,-39.35,
0.11,-39.35,
0.11,-39.35,
0.11,-38.35,
1.29,-38.35,
1.29,-38.35,
1.29,-38.35,
1.29,-38.35,
1.29,-38.35,
1.29,-38.35,
1.29,-38.35,
1.29,-38.35,
1.29,-38.35,
1.29,-36.12,
1.29,-36.12,
1.29,-36.12,
1.29,-36.12,
1.29,-36.12,
3.18,-36.12,
3.18,-36.12,
3.18,-36.12,
3.18,-36.12,
3.18,-36.12,
3.18,-34.78,
4.06,-34.78,
4.06,-34.78,
4.06,-34.78,
4.06,-34.78,
4.06,-34.78,
4.06,-34.78,
4.06,-34.78,
4.06,-34.78,
4.06,-34.78,
4.52,-32.95,
4.52,-32.95,
4.52,-32.95,
4.52,-32.95,
4.52,-32.95,
4.52,-32.95,
4.52,-32.95,
4.52,-32.95,
4.52,-32.95,
4.52,-32.95,
4.52,-32.95,
4.52,-31.96,
4.33,-31.96,
4.33,-31.96,
4.33,-31.96,
4.33,-31.96,
4.33,-31.96,
4.33,-31.96,
4.33,-31.96,
4.33,-30.63,
4.33,-30.63,
4.23,-30.63,
4.23,-30.63,
4.23,-30.63,
4.23,-30.63,
4.23,-30.63,
4.23,-29.97,
3.7,-29.97,
3.7,-29.97,
3.7,-29.97,
3.7,-29.97,
3.7,-29.97,
3.7,-29.97,
3.7,-29.97,
3.7,-29.97,
3.7,-29.97,
3.7,-29.97,
3.7,-29.97,
3.7,-28.88,
4.62,-28.88,
4.62,-28.88,
4.62,-28.88,
4.62,-28.88,
4.62,-28.88,
4.62,-28.88,
4.62,-28.88,
4.62,-28.88,
4.62,-28.88,
5.09,-29.48,
5.09,-29.48,
5.09,-29.48,
5.09,-29.48,
5.09,-29.48,
5.09,-29.48,
5.09,-29.48,
5.09,-29.48,
5.09,-29.48,
5.09,-29.48,
5.09,-29.48,
5.09,-29.48,
5.09,-29.76,
4.93,-29.76,
4.93,-29.76,
4.93,-29.76,
4.93,-29.76,
4.93,-29.76,
4.93,-29.76,
4.93,-29.76,
4.93,-29.76,
4.93,-31.89,
4.84,-31.89,
4.84,-31.89,
4.84,-31.89,
4.84,-31.89,
4.84,-31.89,
4.84,-31.89,
4.84,-31.89,
4.84,-32.89,
4.82,-32.89,
4.82,-32.89,
4.82,-32.89,
4.82,-32.89,
4.82,-32.89,
4.82,-32.89,
4.82,-32.89,
4.81,-32.32,
4.81,-32.32,
4.81,-32.32,
4.81,-32.32,
4.81,-32.32,
4.81,-32.32,
4.81,-32.32,
4.81,-32.32,
4.81,-32.32,
4.81,-30.22,
5.38,-30.22,
5.38,-30.22,
5.38,-30.22,
5.38,-30.22,
5.38,-30.22,
5.38,-30.22,
5.38,-30.22,
5.38,-29.16,
6.3,-29.16,
6.3,-29.16,
6.3,-29.16,
6.3,-29.16,
6.3,-29.16,
6.3,-29.16,
6.3,-29.16,
6.3,-29.16,
6.3,-29.16,
6.3,-26.29,
6.75,-26.29,
6.75,-26.29,
6.75,-26.29,
6.75,-26.29,
6.75,-26.29,
6.75,-26.29,
6.75,-26.29,
6.75,-26.29,
6.75,-26.29,
6.75,-26.29,
6.75,-26.29,
6.75,-24.87,
8.07,-24.87,
8.07,-24.87,
8.07,-24.87,
8.07,-24.87,
8.07,-24.87,
8.07,-24.87,
8.07,-23.72,
8.73,-23.72,
8.73,-23.72,
8.73,-23.72,
8.73,-23.72,
8.73,-23.72,
8.73,-23.72,
8.73,-23.72,
8.73,-23.72,
8.73,-23.72,
8.73,-23.16,
11.36,-23.16,
11.36,-23.16,
11.36,-23.16,
11.36,-23.16,
11.36,-23.16,
11.36,-23.16,
11.36,-23.16,
11.36,-21.04,
11.36,-21.04,
14.56,-21.04,
14.56,-21.04,
14.56,-21.04,
14.56,-21.04,
14.56,-21.04,
14.56,-21.04,
14.56,-21.04,
14.56,-21.04,
14.56,-21.04,
14.56,-21.04,
14.56,-18.72,
16.1,-18.72,
16.1,-18.72,
16.1,-18.72,
16.1,-18.72,
16.1,-18.72,
16.1,-18.72,
16.1,-18.72,
16.1,-17.55,
17.86,-17.55,
17.86,-17.55,
17.86,-17.55,
17.86,-17.55,
17.86,-17.55,
17.86,-17.55,
17.86,-17.55,
17.86,-17.55,
17.86,-16.37,
18.75,-16.37,
18.75,-16.37,
18.75,-16.37,
18.75,-16.37,
18.75,-16.37,
18.75,-16.37,
18.75,-16.37,
18.75,-16.37,
18.75,-15.77,
18.41,-15.77,
18.41,-15.77,
18.41,-15.77,
18.41,-15.77,
18.41,-15.77,
18.41,-15.77,
18.41,-15.77,
18.41,-14.57,
18.24,-14.57,
18.24,-14.57,
18.24,-14.57,
18.24,-14.57,
18.24,-14.57,
18.24,-14.57,
18.24,-14.57,
18.24,-14.57,
18.24,-14.57,
18.24,-14.57,
18.24,-14.57,
18.24,-14.57,
18.24,-10.64,
18.04,-10.64,
18.04,-10.64,
18.04,-10.64,
18.04,-10.64,
18.04,-10.64,
18.04,-10.64,
18.04,-10.64,
18.04,-10.64,
18.04,-10.64,
18.04,-10.64,
18.04,-8.63,
17.37,-8.63,
17.37,-8.63,
17.37,-8.63,
17.37,-8.63,
17.37,-8.63,
17.37,-8.63,
17.37,-8.63,
17.37,-8.63,
17.37,-5.62,
17.02,-5.62,
17.02,-5.62,
17.02,-5.62,
17.02,-5.62,
17.02,-5.62,
17.02,-5.62,
17.02,-5.62,
17.02,-4.09,
17.02,-4.09,
16.5,-4.09,
16.5,-4.09,
16.5,-4.09,
16.5,-4.09,
16.5,-4.09,
16.5,-4.09,
16.5,-4.16,
16.5,-4.16,
16.5,-4.16,
16.5,-4.16,
16.23,-4.16,
16.23,-4.16,
16.23,-4.16,
16.23,-4.16,
16.23,-4.16,
16.23,-4.16,
16.23,-4.16,
16.23,-4.16,
16.11,-4.19,
16.11,-4.19,
16.11,-4.19,
16.11,-4.19,
16.11,-4.19,
16.11,-4.19,
16.11,-4.19,
16.93,-2.69,
16.93,-2.69,
16.93,-2.69,
16.93,-2.69,
16.93,-2.69,
16.93,-2.69,
16.93,-2.69,
16.93,-2.69,
16.93,-2.69,
17.32,-0.96,
17.32,-0.96,
17.32,-0.96,
17.32,-0.96,
17.32,-0.96,
17.32,-0.96,
17.32,-0.96,
17.32,-0.96,
17.32,-0.96,
17.32,-0.96,
17.32,-0.96,
17.32,-0.96,
17.32,-0.09,
18.64,-0.09,
18.64,-0.09,
18.64,-0.09,
18.64,-0.09,
18.64,-0.09,
18.64,-0.09,
18.64,-0.09,
18.64,0.71,
19.28,0.71,
19.28,0.71,
19.28,0.71,
19.28,0.71,
19.28,0.71,
19.28,0.71,
19.28,1.11,
19.28,1.11,
20.54,1.11,
20.54,1.11,
20.54,1.11,
20.54,1.11,
20.54,1.11,
20.54,1.11,
20.54,1.11,
20.54,1.11,
21.15,1.11,
21.15,1.11,
21.15,1.11,
21.15,1.11,
21.15,1.11,
21.15,1.11,
21.15,1.11,
21.15,2.13,
21.15,2.13,
21.15,2.13,
21.15,2.13,
21.15,2.13,
20.78,2.13,
20.78,2.13,
20.78,2.13,
20.78,2.13,
20.78,2.13,
20.78,2.13,
20.09,2.64,
20.09,2.64,
20.09,2.64,
20.09,2.64,
20.09,2.64,
20.09,2.64,
19.74,5.46,
19.74,5.46,
19.74,5.46,
19.74,5.46,
19.74,5.46,
19.74,5.46,
19.74,5.46,
19.74,5.46,
19.74,5.46,
18.8,6.87,
18.8,6.87,
18.8,6.87,
18.8,6.87,
18.8,6.87,
18.8,6.87,
18.8,6.87,
18.8,6.87,
18.8,6.87,
18.8,9.31,
18.33,9.31,
18.33,9.31,
18.33,9.31,
18.33,9.31,
18.33,9.31,
18.33,9.31,
18.33,9.31,
18.33,9.31,
18.33,9.31,
18.33,9.31,
18.33,9.31,
18.33,10.48,
17.32,10.48,
17.32,10.48,
17.32,10.48,
17.32,10.48,
17.32,10.48,
17.32,10.48,
17.32,10.48,
17.32,10.48,
17.32,12.26,
17.32,12.26,
15.75,12.26,
15.75,12.26,
15.75,12.26,
15.75,12.26,
15.75,12.26,
15.75,12.26,
15.75,12.26,
15.75,12.26,
15.75,13.19,
14.96,13.19,
14.96,13.19,
14.96,13.19,
14.96,13.19,
14.96,13.19,
14.96,13.19,
14.96,13.19,
14.96,13.19,
15.21,13.66,
15.21,13.66,
15.21,13.66,
15.21,13.66,
15.21,13.66,
15.21,13.66,
15.21,13.66,
15.21,13.66,
15.21,13.66,
15.21,13.66,
15.21,13.66,
15.21,13.66,
15.34,13.51,
15.34,13.51,
15.34,13.51,
15.34,13.51,
15.34,13.51,
15.34,13.51,
15.34,13.51,
15.34,13.44,
16.96,13.44,
16.96,13.44,
16.96,13.44,
16.96,13.44,
16.96,13.44,
16.96,13.44,
16.96,13.44,
16.96,13.44,
16.96,13.44,
16.96,13.44,
16.96,13.44,
17.76,14.33,
17.76,14.33,
17.76,14.33,
17.76,14.33,
17.76,14.33,
17.76,14.33,
17.76,16.89,
18.71,16.89,
18.71,16.89,
18.71,16.89,
18.71,16.89,
18.71,16.89,
18.71,16.89,
18.71,16.89,
18.71,18.01,
18.71,18.01,
18.71,18.01,
15.96,18.01,
15.96,18.01,
15.96,18.01,
15.96,18.01,
15.96,18.01,
15.96,18.01,
15.96,18.01,
15.96,18.01,
15.96,18.01,
15.96,18.01,
15.96,17.04,
14.7,17.04,
14.7,17.04,
14.7,17.04,
14.7,17.04,
14.7,17.04,
14.7,17.04,
14.7,17.04,
14.7,17.04,
10.82,16.54,
10.82,16.54,
10.82,16.54,
10.82,16.54,
10.82,16.54,
10.82,16.54,
10.82,16.54,
10.82,16.54,
10.82,16.54,
10.82,38.33,
9.02,38.33,
9.02,38.33,
9.02,38.33,
9.02,38.33,
9.02,38.33,
9.02,38.33,
9.02,38.33,
9.02,45.81,
10.66,45.81,
10.66,45.81,
10.66,45.81,
10.66,45.81,
10.66,45.81,
10.66,45.81,
10.66,45.81,
10.66,45.81,
10.66,45.81,
14.93,36.92,
14.93,36.92,
14.93,36.92,
14.93,36.92,
14.93,36.92,
14.93,36.92,
14.93,36.92,
14.93,36.92,
14.93,36.92,
16.6,15.52,
16.6,15.52,
16.6,15.52,
16.6,15.52,
16.6,15.52,
16.6,15.52,
16.6,5.14,
21.49,5.14,
21.49,5.14,
21.49,5.14,
21.49,5.14,
21.49,5.14,
21.49,5.14,
21.49,5.14,
21.49,5.14,
21.49,2.32,
24.11,2.32,
24.11,2.32,
24.11,2.32,
24.11,2.32,
24.11,2.32,
24.11,2.32,
24.11,2.32,
24.11,2.32,
24.11,2.32,
24.11,2.32,
24.11,0.74,
19.14,0.74,
19.14,0.74,
19.14,0.74,
19.14,0.74,
19.14,0.74,
19.14,0.74,
19.14,0.74,
19.14,19.94,
16.24,19.94,
16.24,19.94,
16.24,19.94,
16.24,19.94,
16.24,19.94,
16.24,19.94,
16.24,19.94,
16.24,19.94,
16.24,19.94,
16.24,19.94,
16.24,32.88,
16.24,32.88,
12.19,32.88,
12.19,32.88,
12.19,32.88,
12.19,32.88,
12.19,32.88,
12.19,32.88,
8.86,38.53,
8.86,38.53,
8.86,38.53,
8.86,38.53,
8.86,38.53,
8.86,38.53,
8.86,38.53,
8.86,38.53,
8.86,38.53,
8.86,38.53,
8.86,25.51,
6.76,25.51,
6.76,25.51,
6.76,25.51,
6.76,25.51,
6.76,25.51,
6.76,25.51,
6.76,25.51,
6.76,16.6,
0.2,16.6,
0.2,16.6,
0.2,16.6,
0.2,16.6,
0.2,16.6,
0.2,16.6,
-3.09,-3.96,
-3.09,-3.96,
-3.09,-3.96,
-3.09,-3.96,
-3.09,-3.96,
-3.09,-3.96,
-3.09,-3.96,
-3.09,-3.96,
-3.09,-3.96,
-3.09,-3.96,
-10.65,-13.05,
-10.65,-13.05,
-10.65,-13.05,
-10.65,-13.05,
-10.65,-13.05,
-10.65,-13.05,
-10.65,-13.16,
-10.65,-13.16,
-10.65,-13.16,
-10.65,-13.16,
-14.65,-13.16,
-14.65,-13.16,
-14.65,-13.16,
-14.65,-13.16,
-14.65,-13.16,
-14.65,-13.16,
-14.65,-13.16,
-14.65,-13.16,
-14.65,-13.16,
-14.65,-5.22,
-16.29,-5.22,
-16.29,-5.22,
-16.29,-5.22,
-16.29,-5.22,
-16.29,-5.22,
-16.29,-5.22,
-16.29,-5.22,
-16.29,-5.22,
-16.29,-5.22,
-16.29,-5.22,
-16.29,-1.13,
-10.52,-1.13,
-10.52,-1.13,
-10.52,-1.13,
-10.52,-1.13,
-10.52,-1.13,
-10.52,-1.13,
-10.52,-1.13,
-10.52,-1.13,
-10.52,5.1,
-7.42,5.1,
-7.42,5.1,
-7.42,5.1,
-7.42,5.1,
-7.42,5.1,
-7.42,5.1,
-7.42,5.1,
-7.42,5.1,
-7.42,8.29,
-0.2,8.29,
-0.2,8.29,
-0.2,8.29,
-0.2,8.29,
-0.2,8.29,
-0.2,8.29,
-0.2,8.11,
-0.2,8.11,
-0.2,8.11,
3.79,8.11,
3.79,8.11,
3.79,8.11,
3.79,8.11,
3.79,8.11,
3.79,8.11,
3.79,8.11,
3.79,8.11,
3.79,4.74,
5.79,4.74,
5.79,4.74,
5.79,4.74,
5.79,4.74,
5.79,4.74,
5.79,4.74,
5.79,4.74,
5.79,4.74,
4.57,3.06,
4.57,3.06,
4.57,3.06,
4.57,3.06,
4.57,3.06,
4.57,3.06,
4.57,3.06,
4.57,3.06,
4.57,3.06,
4.57,3.06,
4.57,4.84,
4.57,4.84,
3.94,4.84,
3.94,4.84,
3.94,4.84,
3.94,4.84,
3.94,4.84,
3.94,4.84,
3.94,5.75,
1.25,5.75,
1.25,5.75,
1.25,5.75,
1.25,5.75,
1.25,5.75,
1.25,5.75,
1.25,5.75,
1.25,5.75,
1.25,5.75,
1.25,11.27,
1.25,11.27,
-0.1,11.27,
-0.1,11.27,
-0.1,11.27,
-0.1,11.27,
-0.1,11.27,
-0.1,11.27,
-0.1,11.27,
-0.1,11.27,
-0.1,14.01,
-0.21,14.01,
-0.21,14.01,
-0.21,14.01,
-0.21,14.01,
-0.21,14.01,
-0.21,14.01,
-0.21,14.01,
-0.21,14.01,
-0.21,14.01,
-0.21,14.01,
-0.21,14.01,
-0.21,16.37,
0.74,16.37,
0.74,16.37,
0.74,16.37,
0.74,16.37,
0.74,16.37,
0.74,16.37,
0.74,16.37,
0.74,16.37,
0.74,12.21,
1.19,12.21,
1.19,12.21,
1.19,12.21,
1.19,12.21,
1.19,12.21,
1.19,12.21,
1.19,12.21,
1.19,12.21,
1.19,12.21,
1.19,12.21,
1.19,12.21,
1.19,12.21,
1.19,12.21,
1.19,10.18,
1.63,10.18,
1.63,10.18,
1.63,10.18,
1.63,10.18,
1.63,10.18,
1.63,10.18,
1.63,7.29,
1.85,7.29,
1.85,7.29,
1.85,7.29,
1.85,7.29,
1.85,7.29,
0.71,5.84,
0.71,5.84,
0.71,5.84,
0.71,5.84,
0.71,5.84,
0.71,5.84,
0.71,5.84,
0.71,5.84,
0.71,5.79,
0.14,5.79,
0.14,5.79,
0.14,5.79,
0.14,5.79,
0.14,5.79,
0.14,5.79,
0.14,5.79,
0.14,5.79,
0.14,7.03,
0.14,7.03,
0.14,7.03,
-0.59,7.03,
-0.59,7.03,
-0.59,7.03,
-0.59,7.03,
-0.59,7.03,
-0.59,7.03,
-0.59,7.03,
-0.59,7.03,
-0.59,7.65,
-1.39,7.65,
-1.39,7.65,
-1.39,7.65,
-1.39,7.65,
-1.39,7.65,
-1.39,7.65,
-1.39,7.32,
-1.39,7.32,
-1.39,7.32,
-1.39,7.32,
-1.8,7.32,
-1.8,7.32,
-1.8,7.32,
-1.8,7.32,
-1.8,7.32,
-1.8,7.32,
-1.8,7.32,
-1.8,7.32,
-1.8,7.32,
-1.8,7.32,
-1.8,7.15,
-1.45,7.15,
-1.45,7.15,
-1.45,7.15,
-1.45,7.15,
-1.45,7.15,
-1.45,7.15,
-1.45,8.37,
-1.28,8.37,
-1.28,8.37,
-1.28,8.37,
-1.28,8.37,
-1.28,8.37,
-1.28,8.37,
-1.28,8.37,
0.68,8.99,
0.68,8.99,
0.68,8.99,
0.68,8.99,
0.68,8.99,
0.68,8.99,
0.68,8.99,
0.68,8.99,
0.68,8.99,
0.68,8.99,
0.68,8.99,
0.68,8.99,
0.68,10.49,
2.97,10.49,
2.97,10.49,
2.97,10.49,
2.97,10.49,
2.97,10.49,
4.1,9.92,
4.1,9.92,
4.1,9.92,
4.1,9.92,
4.1,9.92,
4.1,9.92,
4.1,9.92,
4.1,9.92,
4.1,9.63,
4.51,9.63,
4.51,9.63,
4.51,9.63,
4.51,9.63,
4.51,9.63,
4.51,9.63,
4.51,9.63,
4.51,9.63,
4.51,9.63,
4.51,10.1,
4.72,10.1,
4.72,10.1,
4.72,10.1,
4.72,10.1,
4.72,10.1,
4.72,10.1,
4.72,10.1,
4.72,10.1,
4.72,10.33,
4.09,10.33,
4.09,10.33,
4.09,10.33,
4.09,10.33,
4.09,10.33,
4.09,10.33,
4.09,10.33,
4.09,10.33,
4.09,10.33,
4.09,9.81,
3.77,9.81,
3.77,9.81,
3.77,9.81,
3.77,9.81,
3.77,9.81,
3.77,9.81,
3.77,10.3,
3.77,10.3,
3.77,10.3,
3.77,10.3,
3.09,10.3,
3.09,10.3,
3.09,10.3,
3.09,10.3,
3.09,10.3,
3.09,10.3,
3.09,10.3,
3.09,10.3,
3.09,10.54,
2.56,10.54,
2.56,10.54,
2.56,10.54,
2.56,10.54,
2.56,10.54,
2.56,10.54,
2.56,10.54,
2.56,10.54,
2.56,10.54,
2.56,9.83,
2.29,9.83,
2.29,9.83,
2.29,9.83,
2.29,9.83,
2.29,9.83,
2.29,9.83,
2.29,9.83,
2.29,9.83,
2.01,9.47,
2.01,9.47,
2.01,9.47,
2.01,9.47,
2.01,9.47,
2.01,9.47,
2.01,9.47,
2.01,9.54,
1.87,9.54,
1.87,9.54,
1.87,9.54,
1.87,9.54,
1.87,9.54,
1.87,9.54,
1.87,9.54,
1.87,9.54,
1.87,9.57,
1.44,9.57,
1.44,9.57,
1.44,9.57,
1.44,9.57,
1.44,9.57,
1.44,9.57,
1.44,9.57,
1.44,9.57,
1.44,9.57,
0.57,7.98,
0.57,7.98,
0.57,7.98,
0.57,7.98,
0.57,7.98,
0.57,7.98,
0.57,7.98,
0.57,7.98,
0.57,7.98,
0.57,5.95,
0.13,5.95,
0.13,5.95,
0.13,5.95,
0.13,5.95,
0.13,5.95,
0.13,5.95,
0.13,5.95,
0.13,5.95,
0.13,5.95,
0.13,5.95,
0.13,4.94,
-0.75,4.94,
-0.75,4.94,
-0.75,4.94,
-0.75,4.94,
-0.75,4.94,
-0.75,4.94,
-0.75,4.94,
-0.75,4.94,
-1.2,4.64,
-1.2,4.64,
-1.2,4.64,
-1.2,4.64,
-1.2,4.64,
-1.2,4.64,
-1.2,4.64,
-1.2,4.64,
-1.2,4.64,
-1.81,4.49,
-1.81,4.49,
-1.81,4.49,
-1.81,4.49,
-1.81,4.49,
-1.81,4.49,
-1.81,4.49,
-1.81,4.49,
-1.81,4.49,
-1.81,4.49,
-1.81,4.49,
-1.81,4.49,
-1.81,4.49,
-1.81,4.49,
-1.81,4.49,
-1.81,4.49,
-2.11,5.17,
-2.11,5.17,
-2.11,5.17,
-2.11,5.17,
-2.11,5.17,
-2.11,5.17,
-2.11,5.17,
-1.86,5.97,
-1.86,5.97,
-1.86,5.97,
-1.86,5.97,
-1.86,5.97,
-1.86,5.97,
-1.86,5.97,
-1.86,6.37,
-1.31,6.37,
-1.31,6.37,
-1.31,6.37,
-1.31,6.37,
-1.31,6.37,
-1.31,6.37,
-1.31,6.37,
-1.31,6.37,
-1.31,6.37,
-1.31,5.75,
-1.04,5.75,
-1.04,5.75,
-1.04,5.75,
-1.04,5.75,
-1.04,5.75,
-1.04,5.75,
-1.04,5.75,
-1.04,5.43,
-0.55,5.43,
-0.55,5.43,
-0.55,5.43,
-0.55,5.43,
-0.55,5.43,
-0.55,5.43,
-0.55,5.43,
-0.55,6.12,
-0.55,6.12,
-0.55,6.12,
-0.55,6.12,
-0.3,6.12,
-0.3,6.12,
-0.3,6.12,
-0.3,6.12,
-0.3,6.12,
-0.3,6.12,
-0.3,6.12,
-0.3,6.12,
-0.3,6.12,
-0.3,6.46,
-0.19,6.46,
-0.19,6.46,
-0.19,6.46,
-0.19,6.46,
-0.19,6.46,
-0.19,6.46,
-0.19,6.46,
-0.19,6.46,
-0.19,6.15,
-0.3,6.15,
-0.3,6.15,
-0.3,6.15,
-0.3,6.15,
-0.3,6.15,
-0.3,6.15,
-0.3,6.15,
-0.3,6.15,
-0.3,6.23,
-0.36,6.23,
-0.36,6.23,
-0.36,6.23,
-0.36,6.23,
-0.36,6.23,
-0.36,6.23,
-0.36,6.23,
-0.36,6.28,
-0.36,6.28,
-0.36,6.28,
-0.36,6.28,
-0.1,6.28,
-0.1,6.28,
-0.1,6.28,
-0.1,6.28,
-0.1,6.28,
0.03,7.14,
0.03,7.14,
0.03,7.14,
0.03,7.14,
0.03,7.14,
0.03,7.14,
0.03,7.14,
0.03,7.14,
0.03,7.14,
0.03,7.14,
0.03,7.14,
0.03,7.14,
0.03,7.57,
0.59,7.57,
0.59,7.57,
0.59,7.57,
0.59,7.57,
0.59,7.57,
0.59,7.57,
0.59,7.57,
0.87,7.05,
0.87,7.05,
0.87,7.05,
0.87,7.05,
0.87,7.05,
0.87,7.05,
0.87,7.05,
0.87,7.05,
0.87,7.05,
0.87,7.05,
0.87,4.86,
0.6,4.86,
0.6,4.86,
0.6,4.86,
0.6,4.86,
0.6,4.86,
0.6,4.86,
0.6,4.86,
0.6,4.86,
0.6,4.86,
0.6,3.76,
0.6,3.76,
-0.71,3.76,
-0.71,3.76,
-0.71,3.76,
-0.71,3.76,
-0.71,3.76,
-0.71,3.76,
-0.71,3.76,
-0.71,3.76,
-0.71,2.7,
-1.35,2.7,
-1.35,2.7,
-1.35,2.7,
-1.35,2.7,
-1.35,2.7,
-1.35,2.7,
-1.35,2.7,
-1.35,2.7,
-1.35,2.7,
-1.35,2.18,
-2.27,2.18,
-2.27,2.18,
-2.27,2.18,
-2.27,2.18,
-2.27,2.18,
-2.27,2.18,
-2.27,2.18,
-2.27,2.18,
-2.27,3.56,
-2.27,3.56,
-2.73,3.56,
-2.73,3.56,
-2.73,3.56,
-2.73,3.56,
-2.73,3.56,
-2.73,3.56,
-2.73,3.56,
-2.73,3.56,
-2.73,3.56,
-2.61,4.25,
-2.61,4.25,
-2.61,4.25,
-2.61,4.25,
-2.61,4.25,
-2.61,4.25,
-2.61,5.01,
-2.61,5.01,
-1.62,5.01,
-1.62,5.01,
-1.62,5.01,
-1.62,5.01,
-1.62,5.01,
-1.62,5.01,
-1.62,5.01,
-1.62,5.01,
-1.62,5.01,
-1.62,5.01,
-1.62,5.01,
-1.62,6.16,
-1.62,6.16,
-1.62,6.16,
-1.62,6.16,
-1.62,6.16,
-1.12,6.16,
-1.12,6.16,
-1.12,6.16,
-1.12,6.16,
-1.12,6.16,
-1.12,6.16,
-1.12,6.16,
-1.12,6.16,
-1.12,6.16,
-0.18,6.74,
-0.18,6.74,
-0.18,6.74,
-0.18,6.74,
-0.18,4.71,
0.29,4.71,
0.29,4.71,
0.29,4.71,
0.29,4.71,
0.29,4.71,
0.29,4.71,
0.29,4.71,
0.29,3.68,
0.23,3.68,
0.23,3.68,
0.23,3.68,
0.23,3.68,
0.23,3.68,
0.23,3.68,
0.23,3.68,
0.23,3.68,
0.23,3.68,
0.23,3.68,
0.23,3.68,
0.23,4.23,
0.2,4.23,
0.2,4.23,
0.2,4.23,
0.2,4.23,
0.2,4.23,
0.2,4.23,
0.27,6.9,
0.27,6.9,
0.27,6.9,
0.27,6.9,
0.27,6.9,
0.27,6.9,
0.27,6.9,
0.27,6.9,
0.27,6.9,
0.27,6.9,
0.27,6.9,
0.27,8.19,
0.39,8.19,
0.39,8.19,
0.39,8.19,
0.39,8.19,
0.39,8.19,
0.39,8.19,
0.39,6.36,
0.46,6.36,
0.46,6.36,
0.46,6.36,
0.46,6.36,
0.46,6.36,
0.46,6.36,
0.46,6.36,
0.46,6.36,
0.46,6.36,
0.46,5.45,
0.46,5.45,
0.32,5.45,
0.32,5.45,
0.32,5.45,
0.32,5.45,
0.32,5.45,
0.32,5.45,
0.32,5.45,
0.32,5.45,
0.26,7.18,
0.26,7.18,
0.26,7.18,
0.26,7.18,
0.26,7.18,
0.26,7.18,
0.26,7.18,
0.26,7.18,
0.26,7.18,
0.26,7.18,
0.26,8.05,
-0.28,8.05,
-0.28,8.05,
-0.28,8.05,
-0.28,8.05,
-0.28,8.05,
-0.28,8.05,
-0.28,0.15,
-0.28,0.15,
-1.73,0.15,
-1.73,0.15,
-1.73,0.15,
-1.73,0.15,
-1.73,0.15,
-1.73,0.15,
-1.73,0.15,
-1.73,0.15,
-1.73,0.15,
-1.73,3.61,
-2.46,3.61,
-2.46,3.61,
-2.46,3.61,
-2.46,3.61,
-2.46,3.61,
-2.46,3.61,
-2.46,3.61,
-2.46,3.61,
-2.46,5.32,
-2.46,5.32,
-1.33,5.32,
-1.33,5.32,
-1.33,5.32,
-1.33,5.32,
-1.33,5.32,
-1.33,5.32,
-1.33,5.32,
-1.33,5.32,
-1.33,5.32,
-1.33,5.32,
-1.33,7.48,
-0.78,7.48,
-0.78,7.48,
-0.78,7.48,
-0.78,7.48,
-0.78,7.48,
-0.78,7.48,
-0.78,7.48,
-0.78,8.53,
0.7,8.53,
0.7,8.53,
0.7,8.53,
0.7,8.53,
0.7,8.53,
0.7,8.53,
0.7,8.53,
0.7,8.53,
0.7,6.36,
1.44,6.36,
1.44,6.36,
1.44,6.36,
1.44,6.36,
1.44,6.36,
1.44,6.36,
1.44,6.36,
1.44,6.36,
1.44,4.61,
1.92,4.61,
1.92,4.61,
1.92,4.61,
1.92,4.61,
1.92,4.61,
1.92,4.61,
1.92,4.61,
1.92,4.61,
1.92,4.61,
1.92,4.61,
1.92,4.61,
1.92,4.61,
1.92,4.61,
1.92,4.61,
1.92,3.71,
1.92,3.71,
1.92,3.71,
1.92,3.71,
1.05,3.71,
1.05,3.71,
1.05,3.71,
1.05,3.71,
1.05,3.71,
1.05,6.31,
0.61,6.31,
0.61,6.31,
0.61,6.31,
0.61,6.31,
0.61,6.31,
0.61,6.31,
-0.34,7.6,
-0.34,7.6,
-0.34,7.6,
-0.34,7.6,
-0.34,7.6,
-0.34,7.6,
-0.34,7.6,
-0.34,7.6,
-0.34,7.6,
-0.34,6.04,
-0.81,6.04,
-0.81,6.04,
-0.81,6.04,
-0.81,6.04,
-0.81,6.04,
-0.81,6.04,
-0.81,6.04,
-0.81,6.04,
-0.81,6.04,
-0.81,6.04,
-0.81,6.04,
-0.81,5.27,
-1.47,5.27,
-1.47,5.27,
-1.47,5.27,
-1.47,5.27,
-1.47,5.27,
-1.47,3.94,
-2.53,3.94,
-2.53,3.94,
-2.53,3.94,
-2.53,3.94,
-2.53,3.94,
-2.53,3.94,
-2.53,1.01,
-2.53,1.01,
-2.53,1.01,
-2.53,1.01,
-3.06,1.01,
-3.06,1.01,
-3.06,1.01,
-3.06,1.01,
-3.06,1.01,
-3.06,1.01,
-5.3,-0.44,
-5.3,-0.44,
-5.3,-0.44,
-5.3,-0.44,
-5.3,-0.44,
-5.3,-0.44,
-5.3,-0.44,
-5.3,-0.44,
-5.3,-2.74,
-6.4,-2.74,
-6.4,-2.74,
-6.4,-2.74,
-6.4,-2.74,
-6.4,-2.74,
-6.4,-2.74,
-6.4,-2.74,
-6.4,-2.74,
-6.4,-3.88,
-8.26,-3.88,
-8.26,-3.88,
-8.26,-3.88,
-8.26,-3.88,
-8.26,-3.88,
-8.26,-3.88,
-8.26,-3.88,
-8.26,-3.88,
-8.26,-3.88,
-8.26,-3.88,
-8.26,-3.88,
-8.26,-3.88,
-8.26,-3.88,
-8.26,-3.56,
-9.18,-3.56,
-9.18,-3.56,
-9.18,-3.56,
-9.18,-3.56,
-9.18,-3.56,
-9.18,-3.56,
-9.18,-3.0,
-9.31,-3.0,
-9.31,-3.0,
-9.31,-3.0,
-9.31,-3.0,
-9.31,-3.0,
-9.31,-3.0,
-9.31,-2.72,
-9.31,-2.72,
-8.15,-2.72,
-8.15,-2.72,
-8.15,-2.72,
-8.15,-2.72,
-8.15,-2.72,
-8.15,-2.72,
-8.15,-2.72,
-8.15,-2.72,
-7.56,-1.23,
-7.56,-1.23,
-7.56,-1.23,
-7.56,-1.23,
-7.56,-1.23,
-7.56,-1.23,
-7.56,-1.23,
-7.56,-1.23,
-7.56,-1.23,
-7.56,-1.23,
-7.56,-1.23,
-7.56,-0.47,
-6.0,-0.47,
-6.0,-0.47,
-6.0,-0.47,
-6.0,-0.47,
-6.0,-0.47,
-6.0,-0.47,
-6.0,-0.47,
-6.0,-0.47,
-6.0,-0.47,
-6.0,-0.47,
-6.0,-0.47,
-6.0,-0.47,
-6.0,0.98,
-6.0,0.98,
-5.22,0.98,
-5.22,1.71,
-5.22,1.71,
-5.22,1.71,
-5.22,1.71,
-3.79,1.71,
-3.79,1.71,
-3.79,1.71,
-3.79,1.71,
-3.79,1.71,
-3.79,1.71,
-3.79,2.0,
-3.79,2.0,
-3.79,2.0,
-3.79,2.0,
-3.79,2.0,
-3.79,2.0,
-3.3,2.0,
-3.3,2.0,
-3.3,2.0,
-3.3,2.0,
-3.3,2.0,
-3.3,2.0,
-3.3,2.0,
-3.3,2.0,
-3.3,2.0,
-3.3,2.07,
-3.05,2.07,
-3.05,2.07,
-3.05,2.07,
-3.05,2.07,
-3.05,2.07,
-3.05,2.07,
-3.05,2.1,
-3.05,2.1,
-3.1,2.1,
-3.1,2.1,
-3.1,2.1,
-3.1,2.1,
-3.1,2.1,
-3.1,1.77,
-3.12,1.77,
-3.12,1.77,
-3.12,1.77,
-3.12,1.77,
-3.12,1.77,
-3.12,1.77,
-3.12,1.77,
-3.12,1.77,
-3.12,1.77,
-3.12,1.77,
-3.12,1.77,
-3.12,1.77,
-2.9,1.6,
-2.9,1.6,
-2.9,1.6,
-2.9,1.6,
-2.9,1.6,
-2.9,1.6,
-2.9,1.9,
-2.79,1.9,
-2.79,1.9,
-2.79,1.9,
-2.79,1.9,
-2.79,1.9,
-2.79,1.9,
-2.79,1.9,
-2.79,1.9,
-2.79,1.9,
-2.79,1.9,
-2.79,1.9,
-2.79,1.9,
-2.79,2.22,
-2.12,2.22,
-2.12,2.22,
-2.12,2.22,
-2.12,2.22,
-2.12,2.22,
-2.12,2.37,
-2.12,2.37,
-1.48,2.37,
-1.48,2.37,
-1.48,2.37,
-1.48,2.37,
-1.48,2.37,
-1.48,2.37,
-1.48,1.75,
-1.16,1.75,
-1.16,1.75,
-1.16,1.75,
-1.16,1.75,
-1.16,1.75,
-1.16,1.75,
-1.16,1.75,
-1.16,1.75,
-1.16,1.75,
-1.16,1.75,
-1.16,1.75,
-1.16,1.75,
-1.02,1.44,
-1.02,1.44,
-1.02,1.44,
-1.02,1.44,
-1.02,1.44,
-1.02,1.44,
-1.02,1.44,
-1.02,1.44,
-1.02,1.44,
-1.02,1.44,
-1.02,1.44,
-1.02,1.79,
-0.95,1.79,
-0.95,1.79,
-0.95,1.79,
-0.95,1.79,
-0.95,1.79,
-0.95,1.97,
-0.95,1.97,
-1.16,1.97,
-1.16,1.97,
-1.16,1.97,
-1.16,1.97,
-1.16,1.97,
-1.16,1.97,
-1.16,1.97,
-1.16,2.04,
-1.54,2.04,
-1.54,2.04,
-1.54,2.04,
-1.54,2.04,
-1.54,2.04,
-1.54,2.04,
-1.54,2.04,
-1.54,2.04,
-1.54,2.04,
-1.54,2.04,
-1.54,2.04,
-1.54,2.06,
-1.73,2.06,
-1.73,2.06,
-1.73,2.06,
-1.73,2.06,
-1.73,2.06,
-1.73,2.06,
-1.73,2.06,
-1.73,2.06,
-1.73,2.07,
-2.16,2.07,
-2.16,2.07,
-2.16,2.07,
-2.16,2.07,
-2.16,2.07,
-2.16,2.07,
-2.16,2.73,
-2.16,2.73,
-2.37,2.73,
-2.37,2.73,
-2.37,2.73,
-2.37,2.73,
-2.37,2.73,
-2.37,2.73,
-2.37,2.73,
-2.37,2.73,
-2.37,2.73,
-2.37,3.07,
-2.37,3.07,
-3.29,3.07,
-3.29,3.07,
-3.29,3.07,
-3.29,3.07,
-3.29,3.07,
-3.29,4.21,
-3.29,4.21,
-3.74,4.21,
-3.74,4.21,
-3.74,4.21,
-3.74,4.21,
-3.74,4.21,
-3.74,4.21,
-3.74,4.21,
-3.74,4.21,
-3.74,4.21,
-3.74,4.21,
-3.74,4.21,
-3.74,4.21,
-3.74,4.21,
-3.74,5.66,
-3.44,5.66,
-3.44,5.66,
-3.44,5.66,
-3.44,5.66,
-3.44,5.66,
-3.44,6.38,
-3.44,6.38,
-1.68,6.38,
-1.68,6.38,
-1.68,6.38,
-1.68,6.38,
-1.68,6.38,
-1.68,6.55,
-0.8,6.55,
-0.8,6.55,
-0.8,6.55,
-0.8,6.55,
-0.8,6.55,
-0.8,6.55,
-0.8,6.55,
-0.8,6.55,
-0.8,6.64,
-0.8,6.64,
-0.8,6.64,
0.77,6.64,
0.77,6.64,
0.77,6.64,
0.77,6.64,
0.77,6.64,
0.77,6.64,
0.77,6.64,
0.77,5.04,
1.55,5.04,
1.55,5.04,
1.55,5.04,
1.55,5.04,
1.55,5.04,
1.55,5.04,
1.55,5.04,
1.55,5.04,
1.55,5.04,
1.55,5.04,
1.55,4.24,
1.55,4.24,
2.25,4.24,
2.25,4.24,
2.25,4.24,
2.25,4.24,
2.25,4.24,
2.25,4.24,
2.25,4.24,
2.25,3.48,
2.25,3.48,
1.73,3.48,
1.73,3.48,
1.73,3.48,
1.73,3.48,
1.73,3.48,
1.73,3.48,
1.73,3.48,
1.73,3.48,
1.73,3.5,
1.47,3.5,
1.47,3.5,
1.47,3.5,
1.47,3.5,
1.47,3.5,
1.47,3.5,
1.47,3.5,
1.47,3.5,
1.47,3.51,
0.97,3.51,
0.97,3.51,
0.97,3.51,
0.97,3.51,
0.97,3.51,
0.97,3.51,
0.97,3.51,
0.97,2.45,
0.97,2.45,
0.72,2.45,
0.72,2.45,
0.72,2.45,
0.72,2.45,
0.72,2.45,
0.72,2.45,
0.72,2.45,
0.72,2.45,
0.72,1.92,
0.72,1.92,
