1.31,-1.66,
1.31,-1.66,
1.28,-1.66,
1.28,-1.66,
1.28,-1.66,
1.28,-1.52,
1.28,-1.52,
1.28,-1.52,
1.28,-1.52,
1.28,-1.52,
1.26,-1.52,
1.26,-1.52,
1.26,-1.52,
1.26,-1.52,
1.26,-1.52,
1.26,-1.52,
1.26,-1.46,
1.26,-1.46,
1.26,-1.46,
1.26,-1.46,
1.26,-1.46,
1.26,-1.46,
1.3,-1.46,
1.3,-1.46,
1.3,-1.46,
1.3,-1.46,
1.3,-1.46,
1.3,-1.33,
1.3,-1.33,
1.44,-1.33,
1.44,-1.33,
1.44,-1.33,
1.44,-1.33,
1.44,-1.33,
1.44,-1.33,
1.44,-1.26,
1.51,-1.26,
1.51,-1.26,
1.51,-1.26,
1.51,-1.26,
1.51,-1.26,
1.51,-1.26,
1.51,-1.26,
1.51,-1.26,
1.51,-1.26,
1.51,-1.26,
1.51,-1.4,
1.53,-1.4,
1.53,-1.4,
1.53,-1.4,
1.53,-1.4,
1.53,-1.4,
1.53,-1.4,
1.53,-1.4,
1.53,-1.4,
1.53,-1.4,
1.53,-1.4,
1.53,-1.4,
1.53,-1.4,
1.53,-1.38,
1.54,-1.38,
1.54,-1.38,
1.54,-1.38,
1.54,-1.38,
1.54,-1.38,
1.54,-1.37,
1.39,-1.37,
1.39,-1.37,
1.39,-1.37,
1.39,-1.37,
1.39,-1.37,
1.39,-1.37,
1.39,-1.37,
1.39,-1.37,
1.39,-1.41,
1.39,-1.41,
1.39,-1.41,
1.39,-1.41,
1.39,-1.41,
1.39,-1.41,
1.39,-1.41,
1.32,-1.41,
1.32,-1.41,
1.32,-1.41,
1.32,-1.41,
1.32,-1.41,
1.32,-1.41,
1.32,-1.41,
1.32,-1.43,
1.36,-1.43,
1.36,-1.43,
1.36,-1.43,
1.36,-1.43,
1.36,-1.43,
1.36,-1.48,
1.36,-1.48,
1.53,-1.48,
1.53,-1.48,
1.53,-1.48,
1.53,-1.48,
1.53,-1.48,
1.53,-1.48,
1.53,-1.39,
1.61,-1.39,
1.61,-1.39,
1.61,-1.39,
1.61,-1.39,
1.61,-1.39,
1.61,-1.39,
1.61,-1.39,
1.61,-1.39,
1.61,-1.39,
1.61,-1.39,
1.61,-1.39,
1.61,-1.39,
1.61,-1.39,
1.61,-1.39,
1.61,-1.39,
1.61,-1.39,
1.61,-1.39,
1.61,-1.35,
1.57,-1.35,
1.57,-1.35,
1.57,-1.35,
1.57,-1.35,
1.57,-1.35,
1.57,-1.27,
1.57,-1.27,
1.55,-1.27,
1.55,-1.27,
1.55,-1.27,
1.55,-1.27,
1.55,-1.27,
1.55,-1.27,
1.55,-1.27,
1.55,-1.23,
1.5,-1.23,
1.5,-1.23,
1.5,-1.23,
1.5,-1.23,
1.5,-1.23,
1.5,-1.23,
1.5,-1.23,
1.48,-1.23,
1.48,-1.23,
1.48,-1.23,
1.48,-1.23,
1.48,-1.23,
1.48,-1.23,
1.48,-1.23,
1.48,-1.23,
1.48,-1.23,
1.48,-1.23,
1.48,-1.23,
1.48,-1.23,
1.48,-1.23,
1.48,-1.23,
1.48,-1.23,
1.48,-1.23,
1.48,-1.23,
1.48,-1.23,
1.48,-1.23,
1.48,-1.23,
1.48,-1.23,
1.48,-1.23,
1.43,-1.23,
1.43,-1.23,
1.43,-1.23,
1.43,-1.23,
1.43,-1.23,
1.43,-1.23,
1.43,-1.23,
1.43,-1.27,
1.41,-1.27,
1.41,-1.27,
1.41,-1.27,
1.41,-1.27,
1.41,-1.27,
1.41,-1.27,
1.5,-1.29,
1.5,-1.29,
1.5,-1.29,
1.5,-1.29,
1.5,-1.29,
1.5,-1.29,
1.5,-1.29,
1.5,-1.29,
1.5,-1.29,
1.5,-1.31,
1.54,-1.31,
1.54,-1.31,
1.54,-1.31,
1.54,-1.31,
1.54,-1.31,
1.54,-1.31,
1.54,-1.31,
1.54,-1.31,
1.54,-1.31,
1.54,-1.31,
1.54,-1.31,
1.54,-1.32,
1.54,-1.32,
1.63,-1.32,
1.63,-1.32,
1.63,-1.32,
1.63,-1.32,
1.63,-1.32,
1.63,-1.32,
1.63,-1.32,
1.63,-1.26,
1.63,-1.26,
1.65,-1.26,
1.65,-1.26,
1.65,-1.26,
1.65,-1.26,
1.65,-1.26,
1.65,-1.26,
1.65,-1.26,
1.65,-1.19,
1.66,-1.19,
1.66,-1.19,
1.66,-1.19,
1.66,-1.19,
1.66,-1.19,
1.66,-1.19,
1.66,-1.19,
1.66,-1.19,
1.66,-1.19,
1.66,-1.19,
1.66,-1.15,
1.5,-1.15,
1.5,-1.15,
1.5,-1.15,
1.5,-1.15,
1.5,-1.15,
1.5,-1.15,
1.5,-1.15,
1.5,-1.15,
1.5,-1.15,
1.5,-1.15,
1.5,-1.27,
1.42,-1.27,
1.42,-1.27,
1.42,-1.27,
1.42,-1.27,
1.42,-1.27,
1.42,-1.27,
1.42,-1.33,
1.42,-1.33,
1.4,-1.33,
1.4,-1.33,
1.4,-1.33,
1.4,-1.33,
1.4,-1.33,
1.4,-1.33,
1.4,-1.38,
1.4,-1.38,
1.42,-1.38,
1.42,-1.38,
1.42,-1.38,
1.42,-1.38,
1.42,-1.38,
1.42,-1.38,
1.42,-1.38,
1.42,-1.38,
1.42,-1.38,
1.42,-1.38,
1.42,-1.4,
1.42,-1.4,
1.43,-1.4,
1.43,-1.4,
1.43,-1.4,
1.43,-1.4,
1.43,-1.4,
1.43,-1.4,
1.43,-1.24,
1.39,-1.24,
1.39,-1.24,
1.39,-1.24,
1.39,-1.24,
1.39,-1.24,
1.39,-1.24,
1.39,-1.24,
1.39,-1.24,
1.39,-1.24,
1.39,-1.24,
1.39,-1.24,
1.39,-1.24,
1.39,-1.24,
1.37,-1.54,
1.37,-1.54,
1.37,-1.54,
1.37,-1.54,
1.37,-1.54,
1.37,-1.68,
1.2,-1.68,
1.2,-1.68,
1.2,-1.68,
1.2,-1.68,
1.2,-1.68,
1.2,-1.68,
1.2,-1.68,
1.2,-1.68,
1.2,-1.73,
1.11,-1.73,
1.11,-1.73,
1.11,-1.73,
1.11,-1.73,
1.11,-1.73,
1.11,-1.73,
1.11,-1.73,
1.11,-1.76,
1.11,-1.76,
1.26,-1.76,
1.26,-1.76,
1.26,-1.76,
1.26,-1.76,
1.26,-1.76,
1.26,-1.76,
1.26,-1.76,
1.26,-1.57,
1.26,-1.57,
1.35,-1.57,
1.35,-1.57,
1.35,-1.57,
1.35,-1.57,
1.35,-1.57,
1.35,-1.57,
1.35,-1.57,
1.35,-1.57,
1.35,-1.57,
1.35,-1.57,
1.35,-1.57,
1.35,-1.39,
1.4,-1.39,
1.4,-1.39,
1.4,-1.39,
1.4,-1.39,
1.4,-1.29,
1.4,-1.29,
1.4,-1.29,
1.41,-1.29,
1.41,-1.29,
1.41,-1.29,
1.41,-1.29,
1.41,-1.29,
1.41,-1.29,
1.41,-1.29,
1.41,-1.29,
1.41,-1.24,
1.41,-1.24,
1.41,-1.24,
1.41,-1.24,
1.41,-1.24,
1.41,-1.24,
1.41,-1.24,
1.41,-1.24,
1.41,-1.24,
1.41,-1.22,
1.43,-1.22,
1.43,-1.22,
1.43,-1.22,
1.43,-1.22,
1.43,-1.22,
1.43,-1.22,
1.43,-1.22,
1.43,-1.22,
1.43,-1.22,
1.43,-1.22,
1.43,-1.22,
1.43,-1.22,
1.44,-1.24,
1.44,-1.24,
1.44,-1.24,
1.44,-1.24,
1.44,-1.24,
1.44,-1.24,
1.44,-1.24,
1.51,-1.24,
1.51,-1.24,
1.51,-1.24,
1.51,-1.24,
1.51,-1.24,
1.51,-1.24,
1.51,-1.24,
1.51,-1.24,
1.51,-1.24,
1.51,-1.24,
1.51,-1.26,
1.57,-1.26,
1.57,-1.26,
1.57,-1.26,
1.57,-1.26,
1.57,-1.26,
1.57,-1.26,
1.57,-1.26,
1.57,-1.26,
1.57,-1.26,
1.57,-1.26,
1.6,-1.26,
1.6,-1.26,
1.6,-1.26,
1.6,-1.26,
1.6,-1.26,
1.6,-1.26,
1.6,-1.26,
1.6,-1.26,
1.6,-1.26,
1.59,-1.26,
1.59,-1.26,
1.59,-1.26,
1.59,-1.26,
1.59,-1.26,
1.59,-1.26,
1.59,-1.26,
1.59,-1.2,
1.59,-1.2,
1.58,-1.2,
1.58,-1.2,
1.58,-1.2,
1.58,-1.2,
1.58,-1.2,
1.58,-1.2,
1.58,-1.2,
1.58,-1.17,
1.58,-1.17,
1.51,-1.17,
1.51,-1.17,
1.51,-1.17,
1.51,-1.17,
1.51,-1.17,
1.51,-1.17,
1.51,-1.17,
1.51,-1.17,
1.51,-1.17,
1.51,-1.17,
1.51,-1.17,
1.51,-1.18,
1.49,-1.18,
1.49,-1.18,
1.49,-1.18,
1.49,-1.18,
1.49,-1.18,
1.49,-1.18,
1.49,-1.18,
1.49,-1.26,
1.49,-1.26,
1.48,-1.26,
1.48,-1.26,
1.48,-1.26,
1.48,-1.26,
1.48,-1.26,
1.48,-1.26,
1.48,-1.26,
1.48,-1.3,
1.38,-1.3,
1.38,-1.3,
1.38,-1.3,
1.38,-1.3,
1.38,-1.3,
1.38,-1.3,
1.38,-1.3,
1.38,-1.3,
1.38,-1.3,
1.38,-1.3,
1.38,-1.3,
1.38,-1.3,
1.38,-1.37,
1.33,-1.37,
1.33,-1.37,
1.33,-1.37,
1.33,-1.37,
1.33,-1.37,
1.33,-1.37,
1.33,-1.41,
1.33,-1.41,
1.4,-1.41,
1.4,-1.41,
1.4,-1.41,
1.4,-1.41,
1.4,-1.41,
1.4,-1.41,
1.4,-1.41,
1.4,-1.41,
1.4,-1.41,
1.4,-1.43,
1.43,-1.43,
1.43,-1.43,
1.43,-1.43,
1.43,-1.43,
1.43,-1.43,
1.43,-1.43,
1.43,-1.44,
1.43,-1.44,
1.43,-1.44,
1.43,-1.44,
1.53,-1.44,
1.53,-1.44,
1.53,-1.44,
1.53,-1.44,
1.53,-1.44,
1.53,-1.44,
1.53,-1.44,
1.53,-1.44,
1.53,-1.33,
1.53,-1.33,
1.53,-1.33,
1.53,-1.33,
1.53,-1.33,
1.53,-1.33,
1.53,-1.33,
1.53,-1.33,
1.53,-1.28,
1.53,-1.28,
1.53,-1.28,
1.53,-1.28,
1.53,-1.28,
1.53,-1.28,
1.53,-1.28,
1.53,-1.28,
1.53,-1.28,
1.53,-1.28,
1.53,-1.25,
1.55,-1.25,
1.55,-1.25,
1.55,-1.25,
1.55,-1.25,
1.55,-1.25,
1.55,-1.25,
1.55,-1.25,
1.55,-1.25,
1.55,-1.25,
1.55,-1.25,
1.55,-1.25,
1.57,-1.29,
1.57,-1.29,
1.57,-1.29,
1.57,-1.29,
1.57,-1.29,
1.57,-1.29,
1.57,-1.29,
1.57,-1.31,
1.62,-1.31,
1.62,-1.31,
1.62,-1.31,
1.62,-1.31,
1.62,-1.31,
1.62,-1.31,
1.62,-1.31,
1.62,-1.31,
1.62,-1.24,
1.6,-1.24,
1.6,-1.24,
1.6,-1.24,
1.6,-1.24,
1.6,-1.24,
1.6,-1.24,
1.6,-1.24,
1.6,-1.24,
1.6,-1.24,
1.59,-1.07,
1.59,-1.07,
1.59,-1.07,
1.59,-1.07,
1.59,-1.07,
1.59,-1.07,
1.59,-1.07,
1.59,-1.07,
1.59,-1.07,
1.59,-1.07,
1.59,-1.07,
1.59,-1.07,
1.52,-0.98,
1.52,-0.98,
1.52,-0.98,
1.52,-0.98,
1.52,-0.98,
1.52,-0.98,
1.52,-0.98,
1.52,-1.13,
1.48,-1.13,
1.48,-1.13,
1.48,-1.13,
1.48,-1.13,
1.48,-1.13,
1.48,-1.13,
1.48,-1.13,
1.48,-1.13,
1.48,-1.21,
1.57,-1.21,
1.57,-1.21,
1.57,-1.21,
1.57,-1.21,
1.57,-1.21,
1.57,-1.21,
1.57,-1.21,
1.57,-1.21,
1.57,-1.21,
1.57,-1.21,
1.57,-1.34,
1.61,-1.34,
1.61,-1.34,
1.61,-1.34,
1.61,-1.34,
1.61,-1.34,
1.61,-1.34,
1.61,-1.34,
1.61,-1.34,
1.61,-1.34,
1.68,-1.41,
1.68,-1.41,
1.68,-1.41,
1.68,-1.41,
1.68,-1.41,
1.68,-1.41,
1.68,-1.41,
1.68,-1.41,
1.68,-1.27,
1.56,-1.27,
1.56,-1.27,
1.56,-1.27,
1.56,-1.27,
1.56,-1.27,
1.56,-1.01,
1.5,-1.01,
1.5,-1.01,
1.5,-1.01,
1.5,-1.01,
1.5,-1.01,
1.5,-1.01,
1.5,-1.01,
1.5,-1.01,
1.5,-1.01,
1.5,-1.01,
1.5,-0.88,
1.5,-0.88,
1.47,-0.88,
1.47,-0.88,
1.47,-0.88,
1.47,-0.88,
1.47,-0.88,
1.47,-0.88,
1.47,-0.55,
1.46,-0.55,
1.46,-0.55,
1.46,-0.55,
1.46,-0.55,
1.46,-0.55,
1.46,-0.55,
1.46,-0.55,
1.46,-0.55,
1.46,-0.55,
1.46,-0.55,
1.46,-0.39,
1.46,-0.39,
1.7,-0.39,
1.7,-0.39,
1.7,-0.39,
1.7,-0.39,
1.7,-0.39,
1.7,-0.39,
1.7,-0.39,
1.7,-0.39,
1.7,-0.97,
1.7,-0.97,
1.7,-0.97,
1.7,-0.97,
1.7,-0.97,
1.7,-0.97,
1.7,-0.97,
1.7,-0.97,
1.7,-0.97,
1.7,-0.9,
1.7,-0.9,
1.7,-0.9,
1.7,-0.9,
1.7,-0.9,
1.7,-0.9,
1.7,-0.9,
1.7,-0.9,
1.7,-0.9,
1.7,-0.9,
1.7,-0.9,
1.7,-0.9,
1.7,-0.9,
1.7,-0.9,
1.7,-0.9,
1.7,-0.9,
1.7,-0.87,
1.58,-0.87,
1.58,-0.87,
1.58,-0.87,
1.58,-0.87,
1.58,-0.87,
1.58,-0.87,
1.58,-0.87,
1.58,-0.87,
1.52,-0.85,
1.52,-0.85,
1.52,-0.85,
1.52,-0.85,
1.52,-0.85,
1.52,-0.85,
1.52,-0.84,
1.81,-0.84,
1.81,-0.84,
1.81,-0.84,
1.81,-0.84,
1.81,-0.84,
1.81,-0.84,
1.81,-0.84,
1.81,-0.89,
1.96,-0.89,
1.96,-0.89,
1.96,-0.89,
1.96,-0.89,
1.96,-0.89,
1.96,-0.89,
1.96,-0.89,
1.96,-0.89,
1.96,-0.89,
1.96,-0.92,
2.07,-0.92,
2.07,-0.92,
2.07,-0.92,
2.07,-0.92,
2.07,-0.92,
2.07,-0.92,
2.07,-0.71,
2.42,-0.71,
2.42,-0.71,
2.42,-0.71,
2.42,-0.71,
2.42,-0.71,
2.42,-0.71,
2.42,-0.71,
2.42,-0.71,
2.42,-0.71,
2.42,-0.48,
2.6,-0.48,
2.6,-0.48,
2.6,-0.48,
2.6,-0.48,
2.6,-0.48,
2.6,-0.48,
2.6,-0.48,
2.6,-0.48,
2.6,-0.48,
2.54,-0.37,
2.54,-0.37,
2.54,-0.37,
2.54,-0.37,
2.54,-0.37,
2.54,-0.37,
2.54,-0.37,
2.54,-0.98,
2.52,-0.98,
2.52,-0.98,
2.52,-0.98,
2.52,-0.98,
2.52,-0.98,
2.52,-0.98,
2.52,-0.98,
2.52,-0.98,
2.52,-1.28,
2.52,-1.28,
2.27,-1.28,
2.27,-1.28,
2.27,-1.28,
2.27,-1.28,
2.27,-1.28,
2.27,-1.28,
2.27,-1.28,
2.27,-1.28,
2.27,-1.28,
2.27,-1.72,
1.89,-1.72,
1.89,-1.72,
1.89,-1.72,
1.89,-1.72,
1.89,-1.72,
1.89,-1.72,
1.89,-1.72,
1.89,-1.72,
1.89,-1.72,
1.89,-1.98,
1.7,-1.98,
1.7,-1.98,
1.7,-1.98,
1.7,-1.98,
1.7,-1.98,
1.7,-1.98,
1.7,-1.98,
1.7,-2.11,
1.84,-2.11,
1.84,-2.11,
1.84,-2.11,
1.84,-2.11,
1.84,-2.11,
1.84,-2.11,
1.84,-2.11,
1.84,-2.11,
1.84,-2.11,
1.84,-2.11,
1.84,-1.66,
1.91,-1.66,
1.91,-1.66,
1.91,-1.66,
1.91,-1.66,
1.91,-1.66,
1.91,-1.66,
1.91,-1.66,
1.91,-1.66,
1.91,-1.66,
1.91,-1.66,
1.91,-1.43,
2.37,-1.43,
2.37,-1.43,
2.37,-1.43,
2.37,-1.43,
2.37,-1.43,
2.37,-1.43,
2.37,-1.43,
2.37,-1.43,
2.37,-1.43,
2.61,-1.04,
2.61,-1.04,
2.61,-1.04,
2.61,-1.04,
2.61,-1.04,
2.61,-1.04,
2.61,-1.04,
2.61,-1.04,
3.12,-0.84,
3.12,-0.84,
3.12,-0.84,
3.12,-0.84,
3.12,-0.84,
3.12,-0.84,
3.12,-0.84,
3.12,-0.84,
3.12,-0.84,
3.12,-0.81,
2.81,-0.81,
2.81,-0.81,
2.81,-0.81,
2.81,-0.81,
2.81,-0.81,
2.81,-0.81,
2.81,-0.81,
2.81,-0.81,
2.81,-0.81,
2.81,-0.81,
2.81,-1.31,
2.66,-1.31,
2.66,-1.31,
2.66,-1.31,
2.66,-1.31,
2.66,-1.31,
2.66,-1.31,
2.66,-1.31,
2.66,-1.57,
1.98,-1.57,
1.98,-1.57,
1.98,-1.57,
1.98,-1.57,
1.98,-1.57,
1.98,-1.57,
1.98,-1.57,
1.98,-1.57,
1.98,-1.57,
1.98,-2.56,
1.64,-2.56,
1.64,-2.56,
1.64,-2.56,
1.64,-2.56,
1.64,-2.56,
1.64,-2.56,
1.64,-2.56,
1.64,-2.56,
1.64,-2.56,
1.64,-3.06,
1.16,-3.06,
1.16,-3.06,
1.16,-3.06,
1.16,-3.06,
1.16,-3.06,
1.16,-3.06,
1.16,-3.06,
1.16,-3.06,
1.16,-3.06,
1.16,-3.06,
1.16,-2.72,
1.13,-2.72,
1.13,-2.72,
1.13,-2.72,
1.13,-2.72,
1.13,-2.72,
1.13,-2.72,
1.13,-2.72,
1.13,-2.72,
1.13,-2.72,
1.13,-2.72,
1.13,-1.99,
1.12,-1.99,
1.12,-1.99,
1.12,-1.99,
1.12,-1.99,
1.12,-1.99,
1.12,-1.99,
1.12,-1.99,
1.12,-1.99,
1.63,-1.63,
1.63,-1.63,
1.63,-1.63,
1.63,-1.63,
1.63,-1.63,
1.63,-1.63,
1.63,-1.63,
1.63,-1.63,
1.63,-1.63,
1.63,-1.63,
1.63,-1.63,
1.63,-1.63,
1.63,-1.63,
1.63,-1.63,
1.63,-1.63,
1.63,-1.63,
1.63,-1.63,
1.89,-1.57,
1.89,-1.57,
1.89,-1.57,
1.89,-1.57,
1.89,-1.57,
2.45,-1.54,
2.45,-1.54,
2.45,-1.54,
2.45,-1.54,
2.45,-1.54,
2.45,-1.54,
2.45,-1.54,
2.45,-1.3,
2.73,-1.3,
2.73,-1.3,
2.73,-1.3,
2.73,-1.3,
2.73,-1.3,
2.73,-1.3,
2.73,-1.3,
2.73,-1.3,
2.73,-1.3,
2.73,-1.18,
2.8,-1.18,
2.8,-1.18,
2.8,-1.18,
2.8,-1.18,
2.8,-1.18,
2.8,-1.18,
2.8,-1.18,
2.8,-1.18,
2.72,-1.06,
2.72,-1.06,
2.72,-1.06,
2.72,-1.06,
2.72,-1.06,
2.72,-1.06,
2.72,-1.06,
2.72,-1.06,
2.72,-1.06,
2.72,-1.06,
2.72,-1.06,
2.68,-1.41,
2.68,-1.41,
2.68,-1.41,
2.68,-1.41,
2.68,-1.41,
2.68,-1.41,
2.68,-1.41,
2.68,-1.41,
2.52,-1.59,
2.52,-1.59,
2.52,-1.59,
2.52,-1.59,
2.52,-1.59,
2.52,-1.59,
2.52,-1.59,
2.52,-1.59,
2.52,-1.59,
2.52,-1.59,
2.52,-1.59,
2.52,-1.59,
2.52,-1.59,
2.44,-1.76,
2.44,-1.76,
2.44,-1.76,
2.44,-1.76,
2.44,-1.76,
2.44,-1.76,
2.14,-1.84,
2.14,-1.84,
2.14,-1.84,
2.14,-1.84,
2.14,-1.84,
2.14,-1.84,
2.14,-1.84,
2.14,-1.84,
2.14,-1.84,
2.14,-1.84,
2.31,-1.52,
2.31,-1.52,
2.31,-1.52,
2.31,-1.52,
2.31,-1.52,
2.31,-1.52,
2.31,-1.52,
2.31,-1.52,
2.31,-1.52,
2.31,-1.52,
2.39,-1.03,
2.39,-1.03,
2.39,-1.03,
2.39,-1.03,
2.39,-1.03,
2.39,-1.03,
2.39,-1.03,
2.39,-1.03,
2.39,-1.03,
2.39,-1.03,
2.39,-0.78,
2.73,-0.78,
2.73,-0.78,
2.73,-0.78,
2.73,-0.78,
2.73,-0.78,
2.73,-0.78,
2.73,-0.78,
2.73,-0.59,
2.89,-0.59,
2.89,-0.59,
2.89,-0.59,
2.89,-0.59,
2.89,-0.59,
2.89,-0.59,
2.89,-0.59,
2.89,-0.59,
2.89,-0.49,
3.1,-0.49,
3.1,-0.49,
3.1,-0.49,
3.1,-0.49,
3.1,-0.49,
3.1,-0.49,
3.1,-0.49,
3.1,-0.49,
3.1,-0.49,
3.1,-0.49,
3.1,-0.56,
3.2,-0.56,
3.2,-0.56,
3.2,-0.56,
3.2,-0.56,
3.2,-0.56,
3.2,-0.56,
3.2,-0.56,
3.2,-0.56,
3.2,-0.56,
3.2,-0.6,
3.18,-0.6,
3.18,-0.6,
3.18,-0.6,
3.18,-0.6,
3.18,-0.6,
3.18,-0.6,
3.18,-0.6,
3.18,-0.6,
3.18,-0.6,
3.18,-0.6,
3.18,-0.6,
3.3,-0.43,
3.3,-0.43,
3.3,-0.43,
3.3,-0.43,
3.3,-0.43,
3.3,-0.43,
3.3,-0.43,
3.3,-0.43,
3.3,-0.12,
3.36,-0.12,
3.36,-0.12,
3.36,-0.12,
3.36,-0.12,
3.36,-0.12,
3.36,-0.12,
3.36,-0.12,
3.36,-0.12,
3.36,-0.12,
3.36,0.04,
3.36,0.04,
2.96,0.04,
2.96,0.04,
2.96,0.04,
2.96,0.04,
2.96,0.04,
2.96,0.04,
2.96,0.04,
2.96,0.04,
2.96,0.04,
2.76,-0.47,
2.76,-0.47,
2.76,-0.47,
2.76,-0.47,
2.76,-0.47,
2.76,-0.47,
2.76,-0.47,
2.76,-0.47,
2.76,-0.72,
2.84,-0.72,
2.84,-0.72,
2.84,-0.72,
2.84,-0.72,
2.84,-0.72,
2.84,-0.72,
2.84,-0.72,
2.84,-1.09,
2.82,-1.09,
2.82,-1.09,
2.82,-1.09,
2.82,-1.09,
2.82,-1.09,
2.82,-1.09,
2.82,-1.09,
2.82,-1.09,
2.82,-1.09,
2.82,-1.09,
2.82,-1.09,
2.82,-1.09,
2.82,-0.86,
2.81,-0.86,
2.81,-0.86,
2.81,-0.86,
2.81,-0.86,
2.81,-0.86,
2.81,-0.86,
2.81,-0.75,
2.89,-0.75,
2.89,-0.75,
2.89,-0.75,
2.89,-0.75,
2.89,-0.75,
2.89,-0.75,
2.89,-0.75,
2.89,-0.75,
2.89,-0.75,
2.89,-0.75,
2.89,-0.75,
2.89,-0.75,
2.89,-0.75,
2.89,-0.75,
2.89,-0.75,
2.89,-1.08,
2.92,-1.08,
2.92,-1.08,
2.92,-1.08,
2.92,-1.08,
2.92,-1.08,
2.92,-1.08,
2.92,-1.08,
2.92,-1.08,
2.92,-1.08,
3.07,-1.24,
3.07,-1.24,
3.07,-1.24,
3.07,-1.24,
3.07,-1.24,
3.07,-1.24,
3.07,-1.24,
3.07,-1.24,
3.07,-1.24,
3.15,-1.11,
3.15,-1.11,
3.15,-1.11,
3.15,-1.11,
2.93,-1.05,
2.93,-1.05,
2.93,-1.05,
2.93,-1.05,
2.93,-1.05,
2.93,-1.05,
2.93,-1.05,
2.93,-1.05,
2.93,-1.05,
2.93,-1.05,
2.93,-2.44,
2.22,-2.44,
2.22,-2.44,
2.22,-2.44,
2.22,-2.44,
2.22,-2.44,
2.22,-2.44,
2.22,-2.44,
2.22,-2.44,
2.22,-2.44,
2.22,-2.44,
2.22,-3.71,
1.87,-3.71,
1.87,-3.71,
1.87,-3.71,
1.87,-3.71,
1.87,-3.71,
1.87,-3.71,
1.87,-4.34,
1.87,-4.34,
1.87,-4.34,
1.87,-4.34,
1.87,-4.34,
1.03,-4.34,
1.03,-4.34,
1.03,-4.34,
1.03,-4.34,
1.03,-4.34,
1.03,-4.34,
1.03,-4.34,
1.03,-4.34,
0.61,-3.26,
0.61,-3.26,
0.61,-3.26,
0.61,-3.26,
0.61,-3.26,
0.61,-3.26,
0.61,-3.26,
0.61,-3.26,
0.94,-2.72,
0.94,-2.72,
0.94,-2.72,
0.94,-2.72,
0.94,-2.72,
0.94,-2.72,
0.94,-2.72,
0.94,-2.72,
0.94,-2.72,
0.94,-3.57,
1.34,-3.57,
1.34,-3.57,
1.34,-3.57,
1.34,-3.57,
1.34,-3.57,
1.34,-3.57,
1.34,-3.57,
1.34,-3.57,
1.34,-3.57,
1.34,-3.57,
1.34,-3.57,
1.34,-3.57,
1.34,-3.44,
1.54,-3.44,
1.54,-3.44,
1.54,-3.44,
1.54,-3.44,
1.54,-3.44,
1.54,-3.44,
1.54,-3.44,
1.54,-3.44,
1.54,-3.44,
1.54,-3.38,
1.4,-3.38,
1.4,-3.38,
1.4,-3.38,
1.4,-3.38,
1.4,-3.38,
1.4,-3.38,
1.4,-3.38,
1.33,-2.59,
1.33,-2.59,
1.33,-2.59,
1.33,-2.59,
1.33,-2.59,
1.33,-2.59,
1.33,-2.59,
1.33,-2.59,
1.33,-2.59,
1.33,-2.2,
1.1,-2.2,
1.1,-2.2,
1.1,-2.2,
1.1,-2.2,
1.1,-2.2,
1.1,-2.2,
1.1,-2.2,
1.1,-2.2,
1.1,-2.2,
0.98,-2.91,
0.98,-2.91,
0.98,-2.91,
0.98,-2.91,
0.98,-2.91,
0.98,-2.91,
0.98,-2.91,
0.98,-2.91,
0.98,-2.91,
0.98,-2.91,
0.98,-3.27,
0.48,-3.27,
0.48,-3.27,
0.48,-3.27,
0.48,-3.27,
0.48,-3.27,
0.48,-3.27,
0.48,-3.27,
0.48,-3.57,
0.25,-3.57,
0.25,-3.57,
0.25,-3.57,
0.25,-3.57,
0.25,-3.57,
0.25,-3.57,
0.25,-3.57,
0.25,-3.57,
0.25,-3.57,
0.25,-3.39,
0.14,-3.39,
0.14,-3.39,
0.14,-3.39,
0.14,-3.39,
0.14,-3.39,
0.14,-3.39,
0.14,-3.39,
0.14,-3.31,
0.14,-3.31,
0.14,-3.31,
0.6,-3.31,
0.6,-3.31,
0.6,-3.31,
0.6,-3.31,
0.6,-3.31,
0.6,-3.31,
0.6,-3.31,
0.6,-3.31,
0.6,-3.31,
0.6,-3.31,
0.6,-3.31,
0.6,-3.31,
0.6,-3.31,
0.6,-3.31,
0.6,-3.31,
0.6,-3.31,
0.6,-3.25,
0.83,-3.25,
0.83,-3.25,
0.83,-3.25,
0.83,-3.25,
0.83,-3.25,
0.83,-3.25,
0.83,-3.25,
0.83,-3.23,
1.72,-1.92,
1.72,-1.92,
2.61,-1.92,
2.61,-1.92,
2.61,-1.92,
2.61,-1.92,
2.61,-1.92,
2.61,-1.92,
2.61,-1.92,
2.61,-1.92,
2.61,-1.92,
2.61,-1.53,
3.06,-1.53,
3.06,-1.53,
3.06,-1.53,
3.06,-1.53,
3.06,-1.53,
3.06,-1.53,
3.06,-1.53,
3.06,-1.53,
3.06,-1.33,
2.93,-1.33,
2.93,-1.33,
2.93,-1.33,
2.93,-1.33,
2.93,-1.33,
2.93,-1.33,
2.93,-1.33,
2.93,-1.33,
2.93,-1.33,
2.93,-1.33,
2.93,-1.33,
2.93,-3.21,
2.87,-3.21,
2.87,-3.21,
2.87,-3.21,
2.87,-3.21,
2.87,-3.21,
2.87,-3.21,
2.87,-3.21,
2.87,-4.15,
2.25,-4.15,
2.25,-4.15,
2.25,-4.15,
2.25,-4.15,
2.25,-4.15,
2.25,-4.15,
2.25,-4.15,
2.25,-4.15,
2.25,-4.15,
2.25,-4.15,
2.25,-5.06,
1.93,-5.06,
1.93,-5.06,
1.93,-5.06,
1.93,-5.06,
1.93,-5.06,
1.93,-5.06,
1.93,-5.06,
1.93,-5.06,
1.52,-5.52,
1.52,-5.52,
1.52,-5.52,
1.52,-5.52,
1.52,-5.52,
1.52,-5.52,
1.52,-5.52,
1.52,-5.52,
1.52,-5.52,
1.52,-5.05,
1.57,-5.05,
1.57,-5.05,
1.57,-5.05,
1.57,-5.05,
1.57,-5.05,
1.57,-5.05,
1.57,-5.05,
1.57,-5.05,
1.59,-3.85,
1.59,-3.85,
1.59,-3.85,
1.59,-3.85,
1.59,-3.85,
1.59,-3.85,
1.59,-3.85,
1.59,-3.85,
1.59,-3.85,
1.59,-3.85,
1.59,-3.85,
1.69,-3.25,
1.69,-3.25,
1.69,-3.25,
1.69,-3.25,
1.69,-3.25,
1.69,-3.25,
1.69,-3.25,
1.69,-3.25,
1.69,-3.25,
1.69,-3.15,
1.69,-3.15,
1.74,-3.15,
1.74,-3.15,
1.74,-3.15,
1.74,-3.15,
1.74,-3.15,
1.74,-3.15,
1.74,-3.15,
1.74,-3.15,
1.74,-3.15,
1.74,-3.15,
1.74,-3.11,
1.74,-3.11,
1.62,-3.11,
1.62,-3.11,
1.62,-3.11,
1.62,-3.11,
1.62,-3.11,
1.62,-3.11,
1.62,-3.11,
1.62,-3.11,
1.62,-3.11,
1.62,-3.03,
1.74,-3.03,
1.74,-3.03,
1.74,-3.03,
1.74,-3.03,
1.74,-3.03,
1.74,-3.03,
1.74,-3.03,
1.74,-3.14,
1.8,-3.14,
1.8,-3.14,
1.8,-3.14,
1.8,-3.14,
1.8,-3.14,
1.8,-3.14,
1.8,-3.14,
2.39,-3.2,
2.39,-3.2,
2.39,-3.2,
2.39,-3.2,
2.39,-3.2,
2.39,-3.2,
2.39,-3.2,
2.39,-3.2,
2.39,-3.2,
2.39,-3.2,
2.39,-3.2,
2.39,-3.01,
2.69,-3.01,
2.69,-3.01,
2.69,-3.01,
2.69,-3.01,
2.69,-3.01,
2.69,-3.01,
2.69,-3.01,
2.94,-2.92,
2.94,-2.92,
2.94,-2.92,
2.94,-2.92,
2.94,-2.92,
2.94,-2.92,
2.94,-2.92,
2.94,-2.92,
2.94,-2.92,
3.07,-2.56,
3.07,-2.56,
3.07,-2.56,
3.07,-2.56,
3.07,-2.56,
3.07,-2.56,
3.07,-2.56,
3.07,-2.56,
3.07,-2.56,
3.07,-2.56,
3.07,-2.56,
3.07,-2.56,
3.07,-2.56,
3.29,-2.38,
3.29,-2.38,
3.29,-2.38,
3.29,-2.38,
3.29,-2.38,
3.29,-2.38,
3.29,-2.38,
3.29,-2.38,
3.31,-2.51,
3.31,-2.51,
3.31,-2.51,
3.31,-2.51,
3.31,-2.51,
3.31,-2.51,
3.31,-2.51,
3.31,-2.51,
3.31,-3.07,
3.32,-3.07,
3.32,-3.07,
3.32,-3.07,
3.32,-3.07,
3.32,-3.07,
3.32,-3.07,
3.32,-3.07,
3.32,-3.07,
3.32,-3.07,
2.82,-3.35,
2.82,-3.35,
2.82,-3.35,
2.82,-3.35,
2.82,-3.35,
2.82,-3.35,
2.82,-3.35,
2.82,-3.35,
2.82,-3.35,
2.82,-3.35,
2.82,-4.57,
2.82,-4.57,
2.58,-4.57,
2.58,-4.57,
2.58,-4.57,
2.58,-4.57,
2.58,-4.57,
2.58,-4.57,
2.58,-5.17,
1.59,-5.17,
1.59,-5.17,
1.59,-5.17,
1.59,-5.17,
1.59,-5.17,
1.59,-5.17,
1.59,-5.17,
1.59,-5.17,
1.59,-5.17,
1.59,-7.01,
1.59,-7.01,
1.59,-7.01,
1.59,-7.01,
0.58,-7.01,
0.58,-7.01,
0.58,-7.01,
0.58,-7.01,
0.58,-7.01,
0.58,-7.01,
0.58,-7.01,
0.58,-7.01,
0.58,-7.01,
0.58,-7.01,
0.58,-7.01,
0.58,-7.01,
0.58,-7.01,
0.08,-8.24,
0.08,-8.24,
0.08,-8.24,
0.08,-8.24,
0.08,-8.24,
0.08,-8.86,
-0.18,-8.86,
-0.18,-8.86,
-0.18,-8.86,
-0.18,-8.86,
-0.18,-8.86,
-0.18,-8.86,
-0.32,-8.62,
-0.32,-8.62,
-0.32,-8.62,
-0.32,-8.62,
-0.32,-8.62,
-0.32,-8.62,
-0.32,-8.62,
-0.32,-8.62,
-0.32,-8.62,
-0.32,-8.49,
-0.06,-8.49,
-0.06,-8.49,
-0.06,-8.49,
-0.06,-8.49,
-0.06,-8.49,
-0.06,-8.49,
-0.06,-8.49,
-0.06,-8.49,
-0.06,-8.49,
-0.06,-8.49,
-0.06,-8.49,
-0.06,-8.49,
-0.06,-8.49,
-0.06,-8.66,
0.07,-8.66,
0.07,-8.66,
0.07,-8.66,
0.07,-8.66,
0.07,-8.66,
0.07,-8.66,
0.07,-8.66,
0.07,-8.74,
0.41,-8.74,
0.41,-8.74,
0.41,-8.74,
0.41,-8.74,
0.41,-8.74,
0.41,-8.74,
0.41,-9.23,
0.41,-9.23,
0.41,-9.23,
0.33,-9.23,
0.33,-9.23,
0.33,-9.23,
0.33,-9.23,
0.33,-9.23,
0.33,-9.23,
0.33,-9.23,
0.33,-9.23,
0.33,-9.23,
0.33,-9.23,
0.33,-9.23,
0.33,-9.23,
0.29,-10.48,
0.29,-10.48,
0.29,-10.48,
0.29,-10.48,
0.29,-10.48,
0.29,-10.48,
0.29,-10.48,
0.29,-10.48,
0.29,-10.48,
0.29,-10.48,
0.29,-11.1,
-0.55,-11.1,
-0.55,-11.1,
-0.55,-11.1,
-0.55,-11.1,
-0.55,-11.1,
-0.55,-11.1,
-0.55,-11.1,
-0.55,-11.89,
-0.97,-11.89,
-0.97,-11.89,
-0.97,-11.89,
-0.97,-11.89,
-0.97,-11.89,
-0.97,-11.89,
-0.97,-12.29,
-1.99,-12.29,
-1.99,-12.29,
-1.99,-12.29,
-1.99,-12.29,
-1.99,-12.29,
-1.99,-12.29,
-1.99,-12.29,
-1.99,-12.29,
-3.07,-12.57,
-3.07,-12.57,
-3.07,-12.57,
-3.07,-12.57,
-3.07,-12.57,
-3.07,-12.57,
-3.07,-12.57,
-3.07,-12.57,
-3.07,-12.57,
-3.07,-12.57,
-3.07,-12.57,
-3.07,-13.75,
-3.61,-13.75,
-3.61,-13.75,
-3.61,-13.75,
-3.61,-13.75,
-3.61,-13.75,
-3.61,-13.75,
-3.61,-13.75,
-3.61,-13.75,
-4.36,-14.34,
-4.36,-14.34,
-4.36,-14.34,
-4.36,-14.34,
-4.36,-14.34,
-4.36,-14.34,
-4.36,-14.34,
-4.36,-14.34,
-4.36,-14.34,
-4.36,-14.34,
-4.36,-14.34,
-4.36,-14.34,
-4.36,-14.34,
-4.74,-15.78,
-4.74,-15.78,
-4.74,-15.78,
-4.74,-15.78,
-4.74,-15.78,
-4.74,-15.78,
-4.74,-15.78,
-4.74,-16.49,
-5.23,-16.49,
-5.23,-16.49,
-5.23,-16.49,
-5.23,-16.49,
-5.23,-16.49,
-5.23,-16.49,
-5.23,-16.49,
-5.48,-17.01,
-5.48,-17.01,
-5.48,-17.01,
-5.48,-17.01,
-5.48,-17.01,
-5.48,-17.01,
-5.48,-17.01,
-5.48,-17.01,
-5.48,-17.01,
-5.48,-17.01,
-5.48,-17.01,
-5.48,-17.01,
-5.48,-17.01,
-5.48,-17.01,
-5.48,-17.26,
-5.48,-17.26,
-5.48,-17.26,
-5.28,-17.26,
-5.28,-17.26,
-5.28,-17.26,
-4.67,-16.15,
-4.67,-16.15,
-4.67,-16.15,
-4.67,-16.15,
-4.67,-16.15,
-4.67,-16.15,
-4.67,-16.15,
-4.67,-16.15,
-4.67,-16.15,
-4.67,-16.15,
-4.37,-14.65,
-4.37,-14.65,
-4.37,-14.65,
-4.37,-14.65,
-4.37,-14.65,
-4.37,-14.65,
-4.37,-14.65,
-4.37,-13.91,
-4.13,-13.91,
-4.13,-13.91,
-4.13,-13.91,
-4.13,-13.91,
-4.13,-13.91,
-4.13,-13.91,
-4.13,-13.35,
-4.13,-13.35,
-4.02,-13.35,
-4.02,-13.35,
-4.02,-13.35,
-4.02,-13.35,
-4.02,-13.35,
-4.02,-13.35,
-4.02,-13.35,
-4.02,-13.07,
-4.25,-13.07,
-4.25,-13.07,
-4.25,-13.07,
-4.25,-13.07,
-4.25,-13.07,
-4.25,-13.07,
-4.25,-13.07,
-4.25,-13.07,
-4.25,-13.07,
-4.25,-13.07,
-4.25,-13.07,
-4.99,-12.67,
-4.99,-12.67,
-4.99,-12.67,
-4.99,-12.67,
-4.99,-12.67,
-4.99,-12.67,
-4.99,-12.67,
-4.99,-12.67,
-5.35,-12.95,
-5.35,-12.95,
-5.35,-12.95,
-5.35,-12.95,
-5.35,-12.95,
-5.35,-12.95,
-5.35,-12.95,
-5.35,-12.95,
-5.35,-12.95,
-5.35,-12.95,
-5.35,-12.95,
-6.11,-13.08,
-6.11,-13.08,
-6.11,-13.08,
-6.11,-13.08,
-6.11,-13.08,
-6.11,-13.08,
-6.11,-13.08,
-6.11,-13.08,
-6.11,-13.53,
-6.48,-13.53,
-6.48,-13.53,
-6.48,-13.53,
-6.48,-13.53,
-6.48,-13.53,
-6.48,-13.53,
-6.48,-13.76,
-7.32,-13.76,
-7.32,-13.76,
-7.32,-13.76,
-7.32,-13.76,
-7.32,-13.76,
-7.32,-13.76,
-7.32,-13.76,
-7.32,-13.76,
-7.32,-13.76,
-7.32,-14.81,
-7.74,-14.81,
-7.74,-14.81,
-7.74,-14.81,
-7.74,-14.81,
-7.74,-14.81,
-7.74,-14.81,
-7.74,-14.81,
-7.74,-14.81,
-7.74,-14.81,
-7.74,-14.81,
-7.74,-14.81,
-7.74,-15.34,
-8.52,-15.34,
-8.52,-15.34,
-8.52,-15.34,
-8.52,-15.34,
-8.52,-15.34,
-8.52,-15.34,
-8.52,-15.34,
-8.66,-16.16,
-8.66,-16.16,
-8.66,-16.16,
-8.66,-16.16,
-8.66,-16.16,
-8.66,-16.16,
-8.66,-16.16,
-8.66,-16.16,
-8.66,-16.16,
-8.74,-15.62,
-8.74,-15.62,
-8.74,-15.62,
-8.74,-15.62,
-8.74,-15.62,
-8.74,-15.62,
-8.74,-15.62,
-8.74,-15.62,
-8.74,-15.62,
-8.74,-15.62,
-8.74,-15.62,
-8.74,-15.34,
-7.72,-15.34,
-7.72,-15.34,
-7.72,-15.34,
-7.72,-15.34,
-7.72,-15.34,
-7.72,-15.34,
-7.72,-15.34,
-7.72,-15.34,
-7.19,-13.83,
-7.19,-13.83,
-7.19,-13.83,
-7.19,-13.83,
-7.19,-13.83,
-7.19,-13.83,
-7.19,-13.83,
-7.19,-13.83,
-7.19,-13.83,
-7.19,-13.83,
-7.19,-13.83,
-6.01,-13.05,
-6.01,-13.05,
-6.01,-13.05,
-6.01,-13.05,
-6.01,-13.05,
-6.01,-13.05,
-6.01,-13.05,
-6.01,-13.05,
-6.01,-13.05,
-4.99,-11.99,
-4.99,-11.99,
-4.99,-11.99,
-4.99,-11.99,
-4.99,-11.99,
-4.99,-11.99,
-4.99,-11.99,
-4.99,-11.99,
-4.45,-11.12,
-4.45,-11.12,
-4.45,-11.12,
-4.45,-11.12,
-4.45,-11.12,
-4.45,-11.12,
-4.45,-11.12,
-4.45,-11.12,
-4.45,-11.12,
-3.9,-10.67,
-3.9,-10.67,
-3.9,-10.67,
-3.9,-10.67,
-3.9,-10.67,
-3.9,-10.67,
-3.9,-10.67,
-3.9,-10.67,
-3.9,-10.67,
-3.63,-9.46,
-3.63,-9.46,
-3.63,-9.46,
-3.63,-9.46,
-3.63,-9.46,
-3.63,-9.46,
-3.63,-9.46,
-3.63,-9.46,
-3.63,-9.46,
-3.08,-8.85,
-3.08,-8.85,
-3.08,-8.85,
-3.08,-8.85,
-3.08,-8.85,
-3.08,-8.85,
-3.08,-8.85,
-3.08,-8.85,
-2.81,-7.04,
-2.81,-7.04,
-2.81,-7.04,
-2.81,-7.04,
-2.81,-7.04,
-2.81,-7.04,
-2.81,-7.04,
-2.81,-7.04,
-2.81,-7.04,
-2.81,-7.04,
-2.81,-7.04,
-2.07,-6.95,
-2.07,-6.95,
-2.07,-6.95,
-2.07,-6.95,
-2.07,-6.95,
-2.07,-6.95,
-2.07,-6.95,
-2.07,-6.95,
-2.07,-6.95,
-2.24,-6.89,
-2.24,-6.89,
-2.24,-6.89,
-2.24,-6.89,
-2.24,-6.89,
-2.24,-6.89,
-2.24,-6.89,
-2.24,-6.89,
-2.24,-6.89,
-2.24,-6.89,
-2.24,-6.89,
-2.32,-8.64,
-2.32,-8.64,
-2.32,-8.64,
-2.32,-8.64,
-2.32,-8.64,
-2.32,-8.64,
-2.32,-8.64,
-2.32,-8.64,
-2.32,-8.64,
-2.54,-9.49,
-2.54,-9.49,
-2.54,-9.49,
-2.54,-9.49,
-2.54,-9.49,
-2.54,-9.49,
-2.54,-9.49,
-2.54,-9.49,
-2.65,-9.68,
-2.65,-9.68,
-2.65,-9.68,
-2.65,-9.68,
-2.65,-9.68,
-2.65,-9.68,
-2.65,-9.68,
-2.65,-9.68,
-2.65,-9.68,
-2.46,-9.76,
-2.46,-9.76,
-2.46,-9.76,
-2.46,-9.76,
-2.46,-9.76,
-2.46,-9.76,
-2.46,-9.76,
-2.46,-9.76,
-2.46,-9.76,
-2.46,-9.76,
-1.6,-6.87,
-1.6,-6.87,
-1.6,-6.87,
-1.6,-6.87,
-1.6,-6.87,
-1.6,-6.87,
-1.6,-6.87,
-1.6,-6.87,
-1.6,-6.87,
-1.6,-6.87,
-1.6,-6.87,
-1.6,-6.87,
-1.17,-4.82,
-1.17,-4.82,
-1.17,-4.82,
-1.17,-4.82,
-1.17,-4.82,
-1.17,-4.82,
-1.17,-4.82,
-1.17,-4.82,
-1.17,-4.82,
-1.17,-4.82,
0.43,-3.78,
0.43,-3.78,
0.43,-3.78,
0.43,-3.78,
0.43,-3.78,
0.43,-3.78,
0.43,-3.78,
1.26,-4.64,
1.26,-4.64,
1.26,-4.64,
1.26,-4.64,
1.26,-4.64,
1.26,-4.64,
1.26,-4.64,
1.26,-4.64,
1.26,-4.64,
2.24,-5.06,
2.24,-5.06,
2.24,-5.06,
2.24,-5.06,
2.24,-5.06,
2.24,-5.06,
2.24,-5.06,
2.24,-5.06,
2.24,-5.06,
2.24,-5.06,
2.73,-10.5,
2.73,-10.5,
2.73,-10.5,
2.73,-10.5,
2.73,-10.5,
2.73,-10.5,
2.73,-10.5,
2.73,-10.5,
2.73,-10.5,
1.44,-19.4,
1.44,-19.4,
1.44,-19.4,
1.44,-19.4,
1.44,-19.4,
1.44,-19.4,
1.44,-19.4,
1.44,-19.4,
1.44,-19.4,
-1.04,-23.54,
-1.04,-23.54,
-1.04,-23.54,
-1.04,-23.54,
-1.04,-23.54,
-1.04,-23.54,
-1.04,-23.54,
-1.04,-23.54,
-2.17,-30.33,
-2.17,-30.33,
-2.17,-30.33,
-2.17,-30.33,
-2.17,-30.33,
-2.17,-30.33,
-2.17,-30.33,
-2.17,-30.33,
-2.17,-30.33,
-2.17,-30.33,
-2.73,-33.52,
-2.73,-33.52,
-2.73,-33.52,
-2.73,-33.52,
-2.73,-33.52,
-2.73,-33.52,
-2.73,-33.52,
-2.73,-33.52,
-2.73,-33.52,
-2.73,-33.52,
-2.73,-33.52,
-3.0,-37.64,
-3.0,-37.64,
-3.0,-37.64,
-3.0,-37.64,
-3.0,-37.64,
-3.0,-37.64,
-3.0,-37.64,
-3.0,-37.64,
-3.0,-37.64,
-2.33,-39.81,
-2.33,-39.81,
-2.33,-39.81,
-2.33,-39.81,
-2.33,-39.81,
-2.33,-39.81,
-2.33,-39.81,
-2.33,-39.81,
-2.33,-39.81,
-2.33,-39.81,
-2.33,-39.81,
-2.33,-39.81,
-2.33,-39.81,
-0.69,-41.29,
-0.69,-41.29,
-0.69,-41.29,
-0.69,-41.29,
-0.69,-41.29,
-0.69,-41.29,
0.12,-42.32,
0.12,-42.32,
0.12,-42.32,
0.12,-42.32,
0.12,-42.32,
0.12,-42.32,
0.12,-42.32,
0.12,-42.32,
0.12,-42.32,
0.12,-42.32,
0.12,-42.32,
1.96,-42.86,
1.96,-42.86,
1.96,-42.86,
1.96,-42.86,
1.96,-42.86,
1.96,-42.86,
1.96,-42.86,
1.96,-42.86,
2.9,-42.5,
2.9,-42.5,
2.9,-42.5,
2.9,-42.5,
2.9,-42.5,
2.9,-42.5,
2.9,-42.5,
2.9,-42.5,
2.9,-42.5,
2.9,-42.5,
2.9,-42.5,
2.9,-42.5,
4.47,-42.28,
4.47,-42.28,
4.47,-42.28,
4.47,-42.28,
4.47,-42.28,
4.47,-42.28,
4.47,-42.28,
5.29,-40.98,
5.29,-40.98,
5.29,-40.98,
5.29,-40.98,
5.29,-40.98,
5.29,-40.98,
5.29,-40.98,
5.29,-40.98,
5.53,-39.42,
5.53,-39.42,
5.53,-39.42,
5.53,-39.42,
5.53,-39.42,
5.53,-39.42,
5.53,-39.42,
5.53,-39.42,
5.53,-39.42,
5.53,-39.42,
5.53,-39.42,
5.53,-39.42,
5.53,-39.42,
5.53,-39.42,
5.53,-39.42,
5.53,-39.42,
4.48,-38.56,
4.48,-38.56,
4.48,-38.56,
4.48,-38.56,
4.48,-38.56,
4.48,-38.56,
4.48,-38.56,
4.48,-38.56,
3.93,-35.5,
3.93,-35.5,
3.93,-35.5,
3.93,-35.5,
3.93,-35.5,
3.93,-35.5,
3.07,-33.98,
3.07,-33.98,
3.07,-33.98,
3.07,-33.98,
3.07,-33.98,
3.07,-33.98,
3.07,-33.98,
3.07,-33.98,
2.64,-34.99,
2.64,-34.99,
2.64,-34.99,
2.64,-34.99,
2.64,-34.99,
2.64,-34.99,
2.64,-34.99,
2.64,-34.99,
2.64,-34.99,
2.64,-34.99,
2.71,-35.44,
2.71,-35.44,
2.71,-35.44,
2.71,-35.44,
2.71,-35.44,
2.71,-35.44,
2.71,-35.44,
2.71,-35.44,
3.82,-36.66,
3.82,-36.66,
3.82,-36.66,
3.82,-36.66,
3.82,-36.66,
3.82,-36.66,
3.82,-36.66,
3.82,-36.66,
3.82,-36.66,
3.82,-36.66,
4.38,-37.45,
4.38,-37.45,
4.38,-37.45,
4.38,-37.45,
4.38,-37.45,
4.38,-37.45,
4.38,-37.45,
4.38,-37.45,
4.38,-37.45,
4.38,-37.45,
4.38,-37.45,
6.26,-37.8,
6.26,-37.8,
6.26,-37.8,
6.26,-37.8,
6.26,-37.8,
6.26,-37.8,
6.26,-37.8,
6.26,-37.8,
7.2,-34.58,
7.2,-34.58,
7.2,-34.58,
7.2,-34.58,
7.2,-34.58,
7.2,-34.58,
7.2,-34.58,
7.2,-34.58,
7.2,-34.58,
9.44,-33.0,
9.44,-33.0,
9.44,-33.0,
9.44,-33.0,
9.44,-33.0,
9.44,-33.0,
9.44,-33.0,
9.44,-33.0,
9.44,-33.0,
9.44,-33.0,
10.55,-27.39,
10.55,-27.39,
10.55,-27.39,
10.55,-27.39,
10.55,-27.39,
10.55,-27.39,
10.55,-27.39,
10.55,-27.39,
10.55,-27.39,
10.55,-27.39,
11.96,-23.15,
11.96,-23.15,
11.96,-23.15,
11.96,-23.15,
11.96,-23.15,
11.96,-23.15,
11.96,-23.15,
11.96,-23.15,
11.96,-23.15,
11.96,-23.15,
11.96,-23.15,
11.96,-23.15,
11.96,-23.15,
11.96,-23.15,
13.24,-21.01,
13.24,-21.01,
13.24,-21.01,
13.24,-21.01,
13.24,-21.01,
13.24,-21.01,
13.24,-21.01,
13.24,-21.01,
13.88,-20.44,
13.88,-20.44,
13.88,-20.44,
13.88,-20.44,
14.49,-20.16,
14.49,-20.16,
14.49,-20.16,
14.49,-20.16,
14.49,-20.16,
14.49,-20.16,
14.49,-20.16,
14.49,-20.16,
14.49,-20.16,
14.8,-21.19,
14.8,-21.19,
14.8,-21.19,
14.8,-21.19,
14.8,-21.19,
14.8,-21.19,
14.8,-21.19,
14.8,-21.19,
14.8,-21.19,
15.18,-21.7,
15.18,-21.7,
15.18,-21.7,
15.18,-21.7,
15.18,-21.7,
15.18,-21.7,
15.18,-21.7,
15.18,-21.7,
15.18,-21.7,
15.65,-21.87,
15.65,-21.87,
15.65,-21.87,
15.65,-21.87,
15.65,-21.87,
15.65,-21.87,
15.65,-21.87,
15.65,-21.87,
15.65,-21.87,
15.65,-21.87,
15.65,-21.87,
15.9,-21.18,
15.9,-21.18,
15.9,-21.18,
15.9,-21.18,
15.9,-21.18,
15.9,-21.18,
15.9,-21.18,
15.9,-21.18,
16.25,-20.84,
16.25,-20.84,
16.25,-20.84,
16.25,-20.84,
16.25,-20.84,
16.25,-20.84,
16.25,-20.84,
16.25,-20.84,
16.42,-19.98,
16.42,-19.98,
16.42,-19.98,
16.42,-19.98,
16.42,-19.98,
16.42,-19.98,
16.42,-19.98,
16.42,-19.98,
16.42,-19.98,
16.42,-19.98,
16.42,-19.98,
16.42,-19.98,
16.42,-19.98,
16.42,-19.98,
16.39,-19.53,
16.39,-19.53,
16.39,-19.53,
16.39,-19.53,
16.39,-19.53,
16.39,-19.53,
16.39,-19.53,
16.39,-19.53,
16.38,-18.27,
16.38,-18.27,
16.38,-18.27,
16.38,-18.27,
16.38,-18.27,
16.38,-18.27,
16.38,-18.27,
16.38,-18.27,
16.38,-18.27,
16.41,-16.09,
16.41,-16.09,
16.41,-16.09,
16.41,-16.09,
16.41,-16.09,
16.41,-16.09,
16.41,-16.09,
16.49,-15.0,
16.49,-15.0,
16.49,-15.0,
16.49,-15.0,
16.49,-15.0,
16.49,-15.0,
16.49,-15.0,
16.49,-15.0,
16.49,-15.0,
16.49,-15.0,
16.49,-15.0,
16.49,-15.0,
16.49,-15.0,
16.53,-12.97,
16.53,-12.97,
16.53,-12.97,
16.53,-12.97,
16.53,-12.97,
16.53,-12.97,
16.53,-12.97,
16.53,-12.97,
16.59,-11.94,
16.59,-11.94,
16.59,-11.94,
16.59,-11.94,
16.59,-11.94,
16.59,-11.94,
16.59,-11.94,
16.59,-11.94,
16.59,-11.94,
16.62,-8.2,
16.62,-8.2,
16.62,-8.2,
16.62,-8.2,
16.62,-8.2,
16.62,-8.2,
16.62,-8.2,
16.62,-8.2,
17.31,-6.39,
17.31,-6.39,
17.31,-6.39,
17.31,-6.39,
17.31,-6.39,
17.31,-6.39,
17.31,-6.39,
17.31,-6.39,
17.31,-6.39,
17.31,-6.39,
17.31,-6.39,
17.31,-6.39,
18.56,-3.47,
18.56,-3.47,
18.56,-3.47,
18.56,-3.47,
18.56,-3.47,
18.56,-3.47,
18.56,-3.47,
18.56,-3.47,
18.56,-3.47,
18.56,-3.47,
19.18,-1.06,
19.18,-1.06,
19.18,-1.06,
19.18,-1.06,
19.18,-1.06,
19.18,-1.06,
19.18,-1.06,
20.99,0.1,
20.99,0.1,
20.99,0.1,
20.99,0.1,
20.99,0.1,
20.99,0.1,
20.99,0.1,
20.99,0.1,
20.99,0.1,
20.99,0.1,
21.88,1.87,
21.88,1.87,
21.88,1.87,
21.88,1.87,
21.88,1.87,
21.88,1.87,
21.88,1.87,
21.88,1.87,
21.88,1.87,
21.88,1.87,
21.88,1.87,
23.0,2.75,
23.0,2.75,
23.0,2.75,
23.0,2.75,
23.0,2.75,
23.0,2.75,
23.55,3.81,
23.55,3.81,
23.55,3.81,
23.55,3.81,
23.55,3.81,
23.55,3.81,
23.55,3.81,
23.55,3.81,
23.55,3.81,
23.55,3.81,
23.55,3.81,
23.55,3.81,
23.73,4.56,
23.73,4.56,
23.73,4.56,
23.73,4.56,
23.73,4.56,
23.73,4.56,
23.73,4.56,
23.73,4.56,
23.26,4.95,
23.26,4.95,
23.26,4.95,
23.26,4.95,
23.26,4.95,
23.26,4.95,
23.26,4.95,
23.26,4.95,
23.26,4.95,
23.26,4.95,
23.03,5.54,
23.03,5.54,
23.03,5.54,
23.03,5.54,
23.03,5.54,
23.03,5.54,
23.03,5.54,
22.91,5.83,
22.91,5.83,
22.91,5.83,
22.91,5.83,
22.91,5.83,
22.91,5.83,
22.91,5.83,
22.91,5.83,
22.91,5.83,
22.91,5.83,
22.86,7.98,
22.86,7.98,
22.86,7.98,
22.86,7.98,
22.86,7.98,
22.86,7.98,
22.86,7.98,
22.86,7.98,
22.86,7.98,
22.86,7.98,
22.86,7.98,
22.86,7.98,
22.86,7.98,
22.86,7.98,
22.86,7.98,
22.41,9.08,
22.41,9.08,
22.41,9.08,
22.41,9.08,
22.41,9.08,
22.41,9.08,
22.41,9.08,
22.41,9.08,
22.41,9.08,
22.41,9.08,
20.2,10.98,
20.2,10.98,
20.2,10.98,
20.2,10.98,
20.2,10.98,
20.2,10.98,
19.02,10.12,
19.02,10.12,
19.02,10.12,
19.02,10.12,
19.02,10.12,
19.02,10.12,
19.02,10.12,
19.02,10.12,
17.47,9.67,
17.47,9.67,
17.47,9.67,
17.47,9.67,
17.47,9.67,
17.47,9.67,
17.47,9.67,
17.47,9.67,
17.47,9.67,
17.47,9.67,
17.47,9.67,
17.47,9.67,
16.67,7.43,
16.67,7.43,
16.67,7.43,
16.67,7.43,
16.67,7.43,
16.67,7.43,
16.67,7.43,
16.67,7.43,
16.67,6.3,
16.67,6.3,
16.46,6.3,
16.46,6.3,
16.46,6.3,
16.46,6.3,
16.46,6.3,
16.46,6.3,
16.46,6.3,
16.46,7.1,
16.46,7.1,
16.46,7.1,
16.35,7.1,
16.35,7.1,
16.35,7.1,
16.35,7.1,
16.35,7.1,
16.35,7.1,
16.35,7.1,
16.35,7.1,
16.35,7.1,
16.35,7.1,
16.35,7.1,
16.35,7.1,
16.35,7.1,
16.35,7.1,
16.43,9.73,
16.43,9.73,
16.43,9.73,
16.43,9.73,
16.43,9.73,
16.43,9.73,
17.24,11.0,
17.24,11.0,
17.24,11.0,
17.24,11.0,
17.24,11.0,
17.63,12.5,
17.63,12.5,
17.63,12.5,
17.63,12.5,
17.63,12.5,
17.63,12.5,
17.63,12.5,
17.63,12.5,
17.63,12.5,
17.63,12.5,
19.4,13.24,
19.4,13.24,
19.4,13.24,
19.4,13.24,
19.4,13.24,
19.4,13.24,
19.4,13.24,
19.4,13.24,
19.4,13.24,
19.4,13.24,
19.4,13.24,
19.4,13.24,
20.26,15.27,
20.26,15.27,
20.26,15.27,
20.26,15.27,
20.26,15.27,
20.26,15.27,
20.26,15.27,
20.26,15.27,
21.31,16.26,
21.31,16.26,
21.31,16.26,
21.31,16.26,
21.31,16.26,
21.31,16.26,
21.31,16.26,
21.31,16.26,
21.31,16.26,
19.82,18.38,
19.82,18.38,
19.82,18.38,
19.82,18.38,
19.82,18.38,
19.82,18.38,
19.82,18.38,
19.82,18.38,
19.82,18.38,
19.82,18.38,
19.82,18.38,
19.82,18.38,
19.2,22.44,
19.2,22.44,
19.2,22.44,
19.2,22.44,
19.2,22.44,
19.2,22.44,
19.2,22.44,
19.2,22.44,
19.2,22.44,
19.2,22.44,
18.53,24.01,
18.53,24.01,
18.53,24.01,
18.53,24.01,
18.53,24.01,
18.53,24.01,
18.53,24.01,
18.53,24.01,
18.53,24.01,
18.53,24.01,
18.2,25.93,
18.2,25.93,
18.2,25.93,
18.2,25.93,
18.2,25.93,
18.2,25.93,
18.2,25.93,
18.2,25.93,
19.11,26.9,
19.11,26.9,
19.11,26.9,
19.11,26.9,
19.11,26.9,
19.11,26.9,
19.11,26.9,
19.11,26.9,
19.11,26.9,
19.11,26.9,
19.11,26.9,
19.11,26.9,
19.55,19.89,
19.55,19.89,
19.55,19.89,
19.55,19.89,
19.55,19.89,
19.55,19.89,
19.55,19.89,
19.55,19.89,
19.55,19.89,
19.55,19.89,
19.55,19.89,
19.41,18.19,
19.41,18.19,
19.41,18.19,
19.41,18.19,
19.41,18.19,
19.41,18.19,
19.41,18.19,
19.41,18.19,
16.81,17.14,
16.81,17.14,
16.81,17.14,
16.81,17.14,
16.81,17.14,
16.81,17.14,
16.81,17.14,
16.81,8.61,
15.2,8.61,
15.2,8.61,
15.2,8.61,
15.2,8.61,
15.2,8.61,
15.2,8.61,
15.2,8.61,
15.2,8.61,
15.2,3.67,
10.55,3.67,
10.55,3.67,
10.55,3.67,
10.55,3.67,
10.55,3.67,
10.55,3.67,
10.55,3.67,
10.55,-3.22,
7.93,-3.22,
7.93,-3.22,
7.93,-3.22,
7.93,-3.22,
7.93,-3.22,
7.93,-3.22,
7.93,-3.22,
7.93,-3.22,
7.93,-0.22,
7.93,-0.22,
5.05,-0.22,
5.05,-0.22,
5.05,-0.22,
5.05,-0.22,
5.05,-0.22,
5.05,-0.22,
5.05,-0.22,
5.05,-0.22,
5.05,-0.22,
5.05,-0.22,
5.05,-0.22,
5.05,-0.22,
5.05,-0.22,
5.05,-0.22,
5.05,-0.22,
5.05,-0.22,
7.39,1.34,
7.39,1.34,
7.39,1.34,
7.39,1.34,
7.39,1.34,
7.39,1.34,
8.5,9.89,
8.5,9.89,
8.5,9.89,
8.5,9.89,
8.5,9.89,
8.5,9.89,
13.97,14.01,
13.97,14.01,
13.97,14.01,
13.97,14.01,
13.97,14.01,
13.97,14.01,
13.97,14.01,
13.97,14.01,
13.97,14.01,
13.97,14.01,
13.97,19.43,
16.5,19.43,
16.5,19.43,
16.5,19.43,
16.5,19.43,
16.5,19.43,
16.5,19.43,
16.5,19.43,
16.5,19.43,
18.49,21.9,
18.49,21.9,
18.49,21.9,
18.49,21.9,
18.49,21.9,
18.49,21.9,
18.49,21.9,
18.49,21.9,
18.49,21.9,
18.49,21.9,
18.49,21.9,
18.49,21.9,
19.43,20.83,
19.43,20.83,
19.43,20.83,
19.43,20.83,
19.43,20.83,
19.43,20.83,
19.43,20.83,
19.43,20.83,
19.43,20.83,
16.91,14.08,
16.91,14.08,
16.91,14.08,
16.91,14.08,
16.91,14.08,
16.91,14.08,
16.91,14.08,
16.91,14.08,
16.91,14.08,
12.26,10.61,
12.26,10.61,
12.26,10.61,
12.26,10.61,
12.26,10.61,
12.26,10.61,
12.26,10.61,
12.26,10.61,
12.26,10.61,
12.26,2.83,
9.77,2.83,
9.77,2.83,
9.77,2.83,
9.77,2.83,
9.77,2.83,
9.77,2.83,
9.77,2.83,
9.77,2.83,
9.77,2.83,
9.77,2.83,
9.77,2.83,
5.91,-1.2,
5.91,-1.2,
5.91,-1.2,
5.91,-1.2,
5.91,-1.2,
5.91,-1.2,
5.91,-1.2,
5.91,-1.2,
3.89,0.55,
3.89,0.55,
3.89,0.55,
3.89,0.55,
3.89,0.55,
3.89,0.55,
3.89,0.55,
3.89,0.55,
3.89,4.86,
2.24,4.86,
2.24,4.86,
2.24,4.86,
2.24,4.86,
2.24,4.86,
2.24,4.86,
2.24,4.86,
2.24,4.86,
2.24,4.86,
2.24,4.86,
2.24,6.96,
3.37,6.96,
3.37,6.96,
3.37,6.96,
3.37,6.96,
3.37,6.96,
3.37,6.96,
3.37,6.96,
3.37,6.96,
3.37,6.96,
3.37,6.96,
3.37,6.96,
3.9,6.54,
3.9,6.54,
3.9,6.54,
3.9,6.54,
3.9,6.54,
3.9,6.54,
3.9,6.54,
3.9,6.54,
4.64,6.33,
4.64,6.33,
4.64,6.33,
4.64,6.33,
4.64,6.33,
4.64,6.33,
4.64,6.33,
4.64,6.33,
5.0,4.49,
5.0,4.49,
5.0,4.49,
5.0,4.49,
5.0,4.49,
5.0,4.49,
5.0,4.49,
5.0,4.49,
5.0,4.49,
5.0,4.49,
5.0,4.49,
5.0,4.49,
5.0,4.49,
3.99,3.55,
3.99,3.55,
3.99,3.55,
3.99,3.55,
3.99,3.55,
3.99,3.55,
3.99,3.55,
3.99,1.91,
3.47,1.91,
3.47,1.91,
3.47,1.91,
3.47,1.91,
3.47,1.91,
3.47,1.91,
3.47,1.91,
3.47,1.91,
3.47,1.67,
2.16,1.67,
2.16,1.67,
2.16,1.67,
2.16,1.67,
2.16,1.67,
2.16,1.55,
2.16,1.55,
2.16,1.55,
1.55,1.55,
1.55,1.55,
1.55,1.55,
1.55,1.55,
1.55,1.55,
1.55,1.55,
1.55,1.55,
1.55,1.55,
1.55,1.55,
1.55,1.55,
1.25,2.89,
1.25,2.89,
1.25,2.89,
1.25,2.89,
1.25,2.89,
1.25,2.89,
1.25,2.89,
1.25,3.55,
1.25,3.55,
1.42,3.55,
1.42,3.55,
1.42,3.55,
1.42,3.55,
1.42,3.55,
1.42,3.55,
1.42,3.55,
1.42,3.55,
1.42,3.55,
1.51,1.33,
1.51,1.33,
1.51,1.33,
1.51,1.33,
1.51,1.33,
1.51,1.33,
1.51,1.33,
1.51,1.33,
1.51,1.33,
1.51,1.33,
1.51,1.33,
1.51,1.33,
1.51,-0.15,
1.39,-0.15,
1.39,-0.15,
1.39,-0.15,
1.39,-0.15,
1.39,-0.15,
1.39,-0.15,
1.39,-0.15,
2.0,-0.9,
2.0,-0.9,
2.0,-0.9,
2.0,-0.9,
2.0,-0.9,
2.0,-0.9,
2.0,-0.9,
2.0,-0.9,
2.0,1.54,
2.31,1.54,
2.31,1.54,
2.31,1.54,
2.31,1.54,
2.31,1.54,
2.31,1.54,
2.31,1.54,
2.31,1.54,
2.31,1.54,
2.31,1.54,
2.31,2.78,
4.26,2.78,
4.26,2.78,
4.26,2.78,
4.26,2.78,
4.26,2.78,
4.26,2.78,
4.26,2.78,
4.26,2.78,
4.26,2.78,
4.26,2.78,
4.26,2.78,
4.26,2.78,
4.26,2.78,
5.23,4.91,
5.23,4.91,
5.23,4.91,
5.23,4.91,
5.23,4.91,
5.23,5.98,
5.51,5.98,
5.51,5.98,
5.51,5.98,
5.51,5.98,
5.51,5.98,
5.51,5.98,
5.51,5.98,
5.51,5.98,
5.66,4.32,
5.66,4.32,
5.66,4.32,
5.66,4.32,
5.66,4.32,
5.66,4.32,
5.66,4.32,
5.66,4.32,
5.66,1.62,
4.84,1.62,
4.84,1.62,
4.84,1.62,
4.84,1.62,
4.84,1.62,
4.84,1.62,
4.84,1.62,
4.84,1.62,
4.84,1.62,
3.97,0.27,
3.97,0.27,
3.97,0.27,
3.97,0.27,
3.97,0.27,
3.97,0.27,
3.97,0.27,
3.97,0.27,
3.97,0.27,
3.97,-0.54,
3.54,-0.54,
3.54,-0.54,
3.54,-0.54,
3.54,-0.54,
3.54,-0.54,
3.54,-0.54,
3.54,-0.54,
3.54,-0.54,
3.54,-0.54,
3.0,-0.94,
3.0,-0.94,
3.0,-0.94,
3.0,-0.94,
3.0,-0.94,
3.0,-0.94,
3.0,-0.94,
3.0,-0.94,
3.0,-0.94,
3.0,-0.94,
3.0,-0.08,
2.74,-0.08,
2.74,-0.08,
2.74,-0.08,
2.74,-0.08,
2.74,-0.08,
2.74,-0.08,
2.74,-0.08,
2.74,-0.08,
2.74,-0.08,
2.74,-0.08,
2.67,-1.32,
2.67,-1.32,
2.67,-1.32,
2.67,-1.32,
2.67,-1.32,
2.67,-1.32,
2.67,-1.32,
2.67,-1.32,
2.67,-1.32,
2.67,-1.32,
2.67,-1.32,
2.94,-1.94,
2.94,-1.94,
2.94,-1.94,
2.94,-1.94,
2.94,-1.94,
2.94,-1.94,
2.94,-1.5,
2.94,-1.5,
2.94,-1.5,
3.08,-1.5,
3.08,-1.5,
3.08,-1.5,
3.08,-1.5,
3.08,-1.5,
3.08,-1.5,
3.08,-1.5,
3.08,-1.5,
3.08,-1.5,
3.08,-1.5,
3.08,-1.5,
3.08,-1.5,
3.08,-1.5,
3.08,-1.27,
3.18,-1.27,
3.18,-1.27,
3.18,-1.27,
3.18,-1.27,
3.18,-1.27,
3.18,-1.27,
3.18,-1.27,
3.18,-1.27,
3.18,-2.62,
3.24,-2.62,
3.24,-2.62,
3.24,-2.62,
3.24,-2.62,
3.24,-2.62,
3.24,-2.62,
3.24,-2.62,
3.24,-2.62,
3.24,-3.28,
3.21,-3.28,
3.21,-3.28,
3.21,-3.28,
3.21,-3.28,
3.21,-3.11,
3.2,-3.11,
3.2,-3.11,
3.2,-3.11,
3.2,-3.11,
3.2,-3.11,
3.2,-3.11,
3.2,-3.11,
3.2,-3.93,
3.41,-3.93,
3.41,-3.93,
3.41,-3.93,
3.41,-3.93,
3.41,-3.93,
3.41,-3.93,
3.41,-3.93,
3.41,-3.93,
3.41,-3.93,
3.41,-4.33,
3.15,-4.33,
3.15,-4.33,
3.15,-4.33,
3.15,-4.33,
3.15,-4.33,
3.15,-4.33,
3.15,-4.33,
3.15,-4.33,
3.15,-4.33,
3.15,-4.33,
3.15,-4.33,
3.15,-3.45,
3.15,-3.45,
3.15,-3.45,
3.01,-3.45,
3.01,-3.45,
3.01,-3.45,
3.01,-3.45,
3.01,-3.45,
3.01,-3.45,
3.12,-3.0,
3.12,-3.0,
3.12,-3.0,
3.12,-3.0,
3.12,-3.0,
3.12,-3.0,
3.12,-3.0,
3.12,-3.0,
3.12,-3.0,
3.12,-3.0,
3.12,-3.0,
3.18,-2.58,
3.18,-2.58,
3.18,-2.58,
3.18,-2.58,
3.18,-2.58,
3.18,-2.19,
3.48,-2.19,
3.48,-2.19,
3.48,-2.19,
3.48,-2.19,
3.48,-2.19,
3.48,-2.19,
3.48,-2.19,
3.48,-2.19,
3.48,-2.19,
3.48,-2.19,
4.18,-1.99,
4.18,-1.99,
4.18,-1.99,
4.18,-1.99,
4.18,-1.99,
4.18,-1.99,
4.18,-1.99,
4.18,-1.99,
4.18,-1.99,
4.18,-1.99,
4.18,-1.99,
4.53,-2.71,
4.53,-2.71,
4.53,-2.71,
4.53,-2.71,
4.53,-2.71,
4.53,-2.71,
4.53,-2.71,
4.53,-2.71,
4.53,-2.71,
4.53,-2.71,
4.53,-2.71,
4.53,-2.71,
5.14,-3.07,
5.14,-3.07,
5.14,-3.07,
5.14,-3.07,
5.14,-3.07,
5.14,-1.95,
5.45,-1.95,
5.45,-1.95,
5.45,-1.95,
5.45,-1.95,
5.45,-1.95,
5.45,-1.95,
5.45,-1.95,
5.45,-1.95,
5.45,-1.95,
5.45,-1.95,
5.45,-1.95,
5.49,-1.38,
5.49,-1.38,
5.49,-1.38,
5.49,-1.38,
5.49,-1.38,
5.49,-1.38,
5.49,-1.38,
5.49,-1.38,
5.49,-1.38,
5.49,-1.38,
5.49,-1.38,
5.49,-1.38,
5.51,-0.91,
5.51,-0.91,
5.51,-0.91,
5.51,-0.91,
5.51,-0.91,
5.51,-0.91,
5.51,-0.91,
5.51,-0.91,
4.53,-1.93,
4.53,-1.93,
4.53,-1.93,
4.53,-1.93,
4.53,-1.93,
4.53,-1.93,
4.53,-1.93,
4.53,-1.93,
2.7,-2.43,
2.7,-2.43,
2.7,-2.43,
2.7,-2.43,
2.7,-2.43,
2.7,-2.43,
2.7,-2.43,
2.7,-2.43,
1.8,-3.19,
1.8,-3.19,
1.8,-3.19,
1.8,-3.19,
1.8,-3.19,
1.8,-3.19,
1.8,-3.19,
1.8,-3.19,
1.8,-3.19,
1.8,-3.19,
1.36,-3.57,
1.36,-3.57,
1.36,-3.57,
1.36,-3.57,
1.36,-3.57,
1.36,-3.57,
1.36,-3.57,
1.36,-3.57,
1.36,-3.57,
1.36,-3.57,
1.36,-3.57,
1.36,-2.35,
1.14,-2.35,
1.14,-2.35,
1.14,-2.35,
1.14,-2.35,
1.14,-2.35,
1.14,-2.35,
1.14,-1.86,
2.19,-1.86,
2.19,-1.86,
2.19,-1.86,
2.19,-1.86,
2.19,-1.86,
2.19,-1.86,
2.19,-1.86,
2.19,-1.86,
2.19,-1.86,
2.19,-1.86,
2.19,-1.61,
2.42,-1.61,
2.42,-1.61,
2.42,-1.61,
2.42,-1.61,
2.42,-1.61,
2.42,-1.61,
2.42,-1.61,
2.42,-1.61,
2.42,-1.61,
2.42,-1.61,
2.42,-1.61,
2.42,-1.61,
2.53,-3.01,
2.53,-3.01,
2.53,-3.01,
2.53,-3.01,
2.53,-3.01,
2.53,-3.01,
2.53,-3.01,
2.53,-3.01,
2.53,-3.01,
1.27,-3.71,
1.27,-3.71,
1.27,-3.71,
1.27,-3.71,
1.27,-3.71,
1.27,-3.71,
1.27,-5.2,
0.64,-5.2,
0.64,-5.2,
0.64,-5.2,
0.64,-5.2,
0.64,-5.2,
0.64,-5.2,
0.64,-5.2,
0.64,-5.2,
0.64,-5.2,
0.64,-5.2,
0.64,-5.2,
0.64,-5.95,
-0.85,-5.95,
-0.85,-5.95,
-0.85,-5.95,
-0.85,-5.95,
-0.85,-5.95,
-0.85,-5.95,
-0.85,-5.91,
-1.59,-5.91,
-1.59,-5.91,
-1.59,-5.91,
-1.59,-5.91,
-1.59,-5.91,
-1.59,-5.91,
-1.59,-5.91,
-1.59,-5.91,
-1.59,-5.91,
-1.59,-5.91,
-2.02,-4.77,
-2.02,-4.77,
-2.02,-4.77,
-2.02,-4.77,
-2.02,-4.77,
-2.02,-4.77,
-2.02,-4.77,
-2.02,-4.77,
-2.02,-4.77,
-1.43,-4.21,
-1.43,-4.21,
-1.43,-4.21,
-1.43,-4.21,
-1.43,-4.21,
-1.43,-4.21,
-1.43,-4.21,
-1.43,-4.21,
-1.43,-4.21,
-1.43,-4.21,
-1.13,-2.68,
-1.13,-2.68,
-1.13,-2.68,
-1.13,-2.68,
-1.13,-2.68,
-1.13,-2.68,
-1.13,-2.68,
-1.13,-2.68,
-1.13,-2.68,
-1.13,-2.68,
-1.13,-2.68,
0.46,-1.91,
0.46,-1.91,
0.46,-1.91,
0.46,-1.91,
0.46,-1.91,
0.46,-1.91,
0.46,-0.4,
1.26,-0.4,
1.26,-0.4,
1.26,-0.4,
1.26,-0.4,
1.26,-0.4,
1.26,-0.4,
1.26,-0.4,
1.26,-0.4,
1.26,-0.4,
2.31,0.87,
2.31,0.87,
2.31,0.87,
2.31,0.87,
2.31,0.87,
2.31,0.87,
2.31,0.87,
2.31,0.87,
2.31,0.87,
2.31,0.87,
2.17,1.51,
2.17,1.51,
2.17,1.51,
2.17,1.51,
2.17,1.51,
2.17,1.51,
2.17,1.51,
2.17,1.51,
2.17,1.51,
2.17,1.51,
2.17,1.51,
2.17,1.51,
2.17,1.51,
2.17,0.46,
2.17,0.46,
2.1,0.46,
2.1,0.46,
2.1,0.46,
2.1,0.46,
2.1,0.46,
2.1,0.46,
2.1,0.46,
0.39,-0.06,
0.39,-0.06,
0.39,-0.06,
0.39,-0.06,
0.39,-0.06,
0.39,-0.06,
0.39,-0.06,
0.39,-0.06,
0.39,-0.06,
-0.45,-2.12,
-0.45,-2.12,
-0.45,-2.12,
-0.45,-2.12,
-0.45,-2.12,
-0.45,-2.12,
-0.45,-2.12,
-0.45,-3.14,
-1.51,-3.14,
-1.51,-3.14,
-1.51,-3.14,
-1.51,-3.14,
-1.51,-3.14,
-1.51,-3.14,
-1.51,-3.14,
-1.51,-3.14,
-2.03,-4.57,
-2.03,-4.57,
-2.03,-4.57,
-2.03,-4.57,
-2.03,-4.57,
-2.03,-4.57,
-2.03,-4.57,
-2.03,-4.57,
-2.03,-4.57,
-2.03,-4.57,
-2.03,-4.57,
-2.01,-4.81,
-2.01,-4.81,
-2.01,-4.81,
-2.01,-4.81,
-2.01,-4.81,
-2.01,-4.81,
-2.01,-4.81,
-2.01,-4.81,
-2.01,-4.81,
-2.01,-4.81,
-1.31,-4.93,
-1.31,-4.93,
-1.31,-4.93,
-1.31,-4.93,
-1.31,-4.93,
-1.31,-4.93,
-1.31,-4.93,
-0.96,-3.59,
-0.96,-3.59,
-0.96,-3.59,
-0.96,-3.59,
-0.96,-3.59,
-0.96,-3.59,
-0.96,-3.59,
-0.96,-3.59,
-0.96,-3.59,
0.24,-2.91,
0.24,-2.91,
0.24,-2.91,
0.24,-2.91,
0.24,-2.91,
0.24,-2.91,
0.24,-2.91,
0.24,-2.91,
0.24,-2.91,
0.24,-2.91,
0.24,-2.91,
0.24,-2.91,
0.24,-2.91,
0.24,-2.91,
0.24,-2.91,
0.85,-1.89,
0.85,-1.89,
0.85,-1.89,
0.85,-1.89,
0.85,-1.89,
0.85,-1.89,
0.85,-1.89,
