0.25,-2.26,
0.26,-2.26,
0.26,-2.32,
0.26,-2.32,
0.26,-2.32,
0.26,-2.32,
0.26,-2.32,
0.26,-2.32,
0.26,-2.32,
0.26,-2.32,
0.26,-2.35,
0.26,-2.35,
0.26,-2.35,
0.26,-2.35,
0.26,-2.35,
0.26,-2.35,
0.26,-2.35,
0.26,-2.35,
0.25,-2.35,
0.25,-2.35,
0.25,-2.35,
0.25,-2.35,
0.25,-2.35,
0.25,-2.37,
0.25,-2.37,
0.25,-2.37,
0.25,-2.37,
0.25,-2.37,
0.25,-2.37,
0.25,-2.37,
0.25,-2.37,
0.21,-2.37,
0.21,-2.28,
0.21,-2.28,
0.21,-2.28,
0.21,-2.28,
0.21,-2.28,
0.21,-2.28,
0.21,-2.28,
0.21,-2.28,
0.19,-2.28,
0.19,-2.28,
0.19,-2.24,
0.19,-2.24,
0.19,-2.24,
0.19,-2.24,
0.18,-2.24,
0.18,-2.24,
0.18,-2.23,
0.18,-2.23,
0.18,-2.23,
0.18,-2.23,
0.18,-2.23,
0.18,-2.23,
0.18,-2.23,
0.18,-2.23,
0.17,-2.23,
0.17,-2.23,
0.17,-2.22,
0.17,-2.22,
0.17,-2.22,
0.17,-2.22,
0.17,-2.22,
0.17,-2.22,
0.17,-2.22,
0.17,-2.22,
0.17,-2.22,
0.17,-2.22,
0.17,-2.22,
0.17,-2.22,
0.17,-2.36,
0.17,-2.36,
0.17,-2.36,
0.17,-2.36,
0.17,-2.36,
0.17,-2.36,
0.24,-2.36,
0.24,-2.36,
0.24,-2.33,
0.24,-2.33,
0.24,-2.33,
0.24,-2.33,
0.24,-2.33,
0.24,-2.33,
0.24,-2.33,
0.24,-2.33,
0.24,-2.33,
0.27,-2.33,
0.27,-2.33,
0.27,-2.32,
0.27,-2.32,
0.27,-2.32,
0.27,-2.32,
0.27,-2.32,
0.27,-2.32,
0.34,-2.32,
0.34,-2.32,
0.34,-2.32,
0.34,-2.32,
0.34,-2.27,
0.34,-2.27,
0.34,-2.27,
0.34,-2.27,
0.34,-2.27,
0.34,-2.27,
0.34,-2.27,
0.34,-2.27,
0.38,-2.27,
0.38,-2.27,
0.38,-2.24,
0.38,-2.24,
0.38,-2.24,
0.38,-2.24,
0.38,-2.24,
0.41,-2.24,
0.41,-2.24,
0.41,-2.24,
0.41,-2.24,
0.41,-2.24,
0.41,-2.24,
0.41,-2.12,
0.41,-2.12,
0.41,-2.12,
0.41,-2.12,
0.41,-2.12,
0.41,-2.12,
0.41,-2.12,
0.41,-2.12,
0.41,-2.16,
0.41,-2.16,
0.41,-2.16,
0.41,-2.16,
0.41,-2.16,
0.41,-2.16,
0.41,-2.16,
0.41,-2.16,
0.41,-2.16,
0.41,-2.16,
0.41,-2.17,
0.41,-2.17,
0.41,-2.17,
0.41,-2.17,
0.41,-2.17,
0.41,-2.17,
0.44,-2.17,
0.44,-2.17,
0.44,-2.2,
0.44,-2.2,
0.44,-2.2,
0.44,-2.2,
0.44,-2.2,
0.44,-2.2,
0.44,-2.2,
0.44,-2.2,
0.46,-2.2,
0.46,-2.21,
0.46,-2.21,
0.46,-2.21,
0.46,-2.21,
0.46,-2.21,
0.46,-2.21,
0.46,-2.21,
0.46,-2.21,
0.46,-2.21,
0.45,-2.21,
0.45,-2.07,
0.45,-2.07,
0.45,-2.07,
0.45,-2.07,
0.45,-2.07,
0.45,-2.07,
0.45,-2.07,
0.45,-2.07,
0.45,-2.07,
0.45,-2.07,
0.45,-2.07,
0.45,-2.01,
0.45,-2.01,
0.45,-2.01,
0.45,-2.01,
0.45,-2.01,
0.45,-2.01,
0.45,-2.01,
0.43,-2.01,
0.43,-2.01,
0.43,-2.01,
0.43,-2.0,
0.43,-2.0,
0.43,-2.0,
0.43,-2.0,
0.43,-2.0,
0.43,-2.0,
0.43,-2.0,
0.42,-2.0,
0.42,-2.0,
0.42,-1.96,
0.42,-1.96,
0.42,-1.96,
0.42,-1.96,
0.42,-1.96,
0.42,-1.96,
0.42,-1.96,
0.42,-1.96,
0.42,-1.96,
0.42,-1.96,
0.42,-1.96,
0.42,-1.94,
0.42,-1.94,
0.42,-1.94,
0.42,-1.94,
0.42,-1.94,
0.42,-1.94,
0.47,-1.94,
0.47,-1.94,
0.47,-1.94,
0.47,-1.98,
0.47,-1.98,
0.47,-1.98,
0.47,-1.98,
0.47,-1.98,
0.5,-1.98,
0.5,-1.98,
0.5,-1.98,
0.5,-2.0,
0.5,-2.0,
0.5,-2.0,
0.5,-2.0,
0.5,-2.0,
0.5,-2.0,
0.5,-2.0,
0.5,-2.0,
0.5,-2.0,
0.5,-2.0,
0.5,-1.97,
0.5,-1.97,
0.5,-1.97,
0.5,-1.97,
0.5,-1.97,
0.5,-1.97,
0.5,-1.97,
0.5,-1.97,
0.43,-1.97,
0.43,-1.91,
0.43,-1.91,
0.43,-1.91,
0.43,-1.91,
0.43,-1.91,
0.43,-1.91,
0.43,-1.91,
0.43,-1.91,
0.4,-1.91,
0.4,-1.87,
0.4,-1.87,
0.4,-1.87,
0.4,-1.87,
0.4,-1.87,
0.4,-1.87,
0.4,-1.87,
0.4,-1.87,
0.4,-1.87,
0.4,-1.87,
0.38,-1.87,
0.38,-1.87,
0.38,-1.94,
0.38,-1.94,
0.38,-1.94,
0.38,-1.94,
0.38,-1.94,
0.38,-1.94,
0.37,-1.94,
0.37,-1.94,
0.37,-1.97,
0.37,-1.97,
0.37,-1.97,
0.37,-1.97,
0.37,-1.97,
0.37,-1.97,
0.37,-1.97,
0.37,-1.97,
0.37,-1.97,
0.38,-1.97,
0.38,-2.04,
0.38,-2.04,
0.38,-2.04,
0.38,-2.04,
0.38,-2.04,
0.38,-2.04,
0.38,-2.04,
0.38,-2.04,
0.38,-2.04,
0.38,-2.04,
0.38,-2.07,
0.38,-2.07,
0.38,-2.07,
0.38,-2.07,
0.38,-2.07,
0.38,-2.07,
0.38,-2.07,
0.3,-2.01,
0.3,-2.01,
0.3,-2.01,
0.3,-2.01,
0.3,-2.01,
0.3,-2.01,
0.22,-2.01,
0.22,-2.01,
0.22,-2.01,
0.22,-1.97,
0.22,-1.97,
0.22,-1.97,
0.22,-1.97,
0.22,-1.97,
0.22,-1.97,
0.22,-1.97,
0.22,-1.97,
0.18,-1.97,
0.18,-1.97,
0.18,-1.97,
0.18,-1.96,
0.18,-1.96,
0.18,-1.96,
0.18,-1.96,
0.18,-1.96,
0.18,-1.96,
0.28,-1.96,
0.28,-1.96,
0.28,-1.92,
0.28,-1.92,
0.28,-1.92,
0.28,-1.92,
0.28,-1.92,
0.28,-1.92,
0.28,-1.92,
0.34,-1.92,
0.34,-1.92,
0.34,-1.92,
0.34,-1.91,
0.34,-1.91,
0.34,-1.91,
0.34,-1.91,
0.34,-1.91,
0.34,-1.91,
0.34,-1.91,
0.38,-1.91,
0.38,-1.87,
0.38,-1.87,
0.38,-1.87,
0.38,-1.87,
0.38,-1.87,
0.38,-1.87,
0.38,-1.87,
0.38,-1.87,
0.39,-1.87,
0.39,-1.87,
0.39,-1.87,
0.39,-1.93,
0.39,-1.93,
0.39,-1.93,
0.39,-1.93,
0.39,-1.93,
0.39,-1.93,
0.39,-1.93,
0.42,-1.93,
0.42,-1.93,
0.42,-1.97,
0.42,-1.97,
0.42,-1.97,
0.42,-1.97,
0.42,-1.97,
0.42,-1.97,
0.42,-1.97,
0.45,-1.97,
0.45,-1.97,
0.45,-1.97,
0.45,-2.01,
0.45,-2.01,
0.45,-2.01,
0.45,-2.01,
0.45,-2.01,
0.45,-2.01,
0.46,-2.03,
0.46,-2.03,
0.46,-2.03,
0.46,-2.03,
0.46,-2.03,
0.46,-2.03,
0.46,-2.03,
0.59,-2.03,
0.59,-2.03,
0.59,-2.03,
0.59,-1.79,
0.59,-1.79,
0.59,-1.79,
0.59,-1.79,
0.59,-1.79,
0.59,-1.79,
0.59,-1.79,
0.65,-1.79,
0.65,-1.79,
0.65,-1.79,
0.65,-1.67,
0.65,-1.67,
0.65,-1.67,
0.65,-1.67,
0.65,-1.67,
0.65,-1.67,
0.65,-1.67,
0.76,-1.67,
0.76,-1.68,
0.76,-1.68,
0.76,-1.68,
0.76,-1.68,
0.76,-1.68,
0.76,-1.68,
0.76,-1.68,
0.76,-1.68,
0.7,-1.68,
0.7,-1.74,
0.7,-1.74,
0.7,-1.74,
0.7,-1.74,
0.7,-1.74,
0.7,-1.74,
0.7,-1.74,
0.7,-1.74,
0.67,-1.74,
0.67,-1.74,
0.67,-1.74,
0.67,-1.74,
0.67,-1.77,
0.67,-1.77,
0.67,-1.77,
0.67,-1.77,
0.47,-1.77,
0.47,-1.77,
0.47,-1.77,
0.47,-1.77,
0.47,-1.87,
0.47,-1.87,
0.47,-1.87,
0.47,-1.87,
0.47,-1.87,
0.47,-1.87,
0.37,-1.87,
0.37,-1.87,
0.37,-1.87,
0.37,-1.87,
0.37,-1.87,
0.37,-1.92,
0.37,-1.92,
0.37,-1.92,
0.37,-1.92,
0.37,-1.92,
0.37,-1.92,
0.37,-1.92,
0.37,-1.92,
0.37,-1.92,
0.37,-1.92,
0.37,-1.92,
0.37,-2.02,
0.37,-2.02,
0.37,-2.02,
0.37,-2.02,
0.37,-2.02,
0.36,-2.08,
0.36,-2.08,
0.36,-2.08,
0.36,-2.08,
0.36,-2.08,
0.36,-2.08,
0.36,-2.08,
0.36,-2.08,
0.36,-2.08,
0.44,-2.08,
0.44,-2.08,
0.44,-2.11,
0.44,-2.11,
0.44,-2.11,
0.44,-2.11,
0.44,-2.11,
0.44,-2.11,
0.44,-2.11,
0.44,-2.11,
0.39,-2.11,
0.39,-2.02,
0.39,-2.02,
0.39,-2.02,
0.39,-2.02,
0.39,-2.02,
0.39,-2.02,
0.39,-2.02,
0.36,-2.02,
0.36,-2.02,
0.36,-1.98,
0.36,-1.98,
0.36,-1.98,
0.36,-1.98,
0.36,-1.98,
0.36,-1.98,
0.36,-1.98,
0.36,-1.98,
0.36,-1.98,
0.3,-1.98,
0.3,-2.07,
0.3,-2.07,
0.3,-2.07,
0.3,-2.07,
0.3,-2.07,
0.3,-2.07,
0.3,-2.07,
0.28,-2.07,
0.28,-2.07,
0.28,-2.07,
0.28,-2.07,
0.28,-2.07,
0.28,-2.12,
0.28,-2.12,
0.28,-2.12,
0.28,-2.12,
0.28,-2.12,
0.36,-2.12,
0.36,-2.12,
0.36,-2.06,
0.36,-2.06,
0.36,-2.06,
0.36,-2.06,
0.36,-2.06,
0.36,-2.06,
0.36,-2.06,
0.37,-2.06,
0.37,-2.06,
0.37,-2.06,
0.37,-2.06,
0.37,-2.01,
0.37,-2.01,
0.37,-2.01,
0.37,-2.01,
0.37,-2.01,
0.37,-2.01,
0.38,-2.01,
0.38,-1.99,
0.38,-1.99,
0.38,-1.99,
0.38,-1.99,
0.38,-1.99,
0.38,-1.99,
0.38,-1.99,
0.38,-1.99,
0.47,-1.99,
0.47,-1.99,
0.47,-1.93,
0.47,-1.93,
0.47,-1.93,
0.47,-1.93,
0.47,-1.93,
0.47,-1.93,
0.47,-1.93,
0.47,-1.93,
0.51,-1.93,
0.51,-1.93,
0.51,-1.9,
0.51,-1.9,
0.51,-1.9,
0.51,-1.9,
0.51,-1.9,
0.51,-1.9,
0.51,-1.9,
0.52,-1.9,
0.52,-1.9,
0.52,-1.9,
0.52,-1.92,
0.52,-1.92,
0.52,-1.92,
0.52,-1.92,
0.52,-1.92,
0.52,-1.92,
0.52,-1.92,
0.52,-1.92,
0.52,-1.92,
0.52,-1.92,
0.52,-1.94,
0.52,-1.94,
0.52,-1.94,
0.52,-1.94,
0.52,-1.94,
0.52,-1.94,
0.52,-1.94,
0.52,-1.94,
0.52,-1.94,
0.52,-1.94,
0.52,-1.94,
0.52,-1.96,
0.52,-1.96,
0.52,-1.96,
0.52,-1.96,
0.52,-1.96,
0.52,-1.96,
0.52,-1.96,
0.51,-1.96,
0.51,-1.88,
0.51,-1.88,
0.51,-1.88,
0.51,-1.88,
0.51,-1.88,
0.51,-1.88,
0.51,-1.88,
0.51,-1.88,
0.51,-1.88,
0.51,-1.88,
0.51,-1.88,
0.51,-1.84,
0.51,-1.84,
0.51,-1.84,
0.51,-1.84,
0.51,-1.84,
0.58,-1.84,
0.58,-1.84,
0.58,-1.75,
0.58,-1.75,
0.58,-1.75,
0.58,-1.75,
0.58,-1.75,
0.58,-1.75,
0.58,-1.75,
0.62,-1.75,
0.62,-1.75,
0.62,-1.75,
0.62,-1.71,
0.62,-1.71,
0.62,-1.71,
0.62,-1.71,
0.62,-1.71,
0.62,-1.71,
0.57,-1.71,
0.57,-1.71,
0.57,-1.71,
0.57,-1.77,
0.57,-1.77,
0.57,-1.77,
0.57,-1.77,
0.57,-1.77,
0.5,-1.77,
0.5,-1.77,
0.5,-1.77,
0.5,-1.77,
0.5,-1.77,
0.5,-1.87,
0.5,-1.87,
0.5,-1.87,
0.5,-1.87,
0.5,-1.87,
0.5,-1.87,
0.46,-1.87,
0.46,-1.87,
0.46,-1.87,
0.46,-1.92,
0.46,-1.92,
0.46,-1.92,
0.46,-1.92,
0.46,-1.92,
0.46,-1.92,
0.46,-1.92,
0.48,-1.92,
0.48,-1.92,
0.48,-1.92,
0.48,-1.92,
0.48,-1.92,
0.48,-1.92,
0.48,-1.92,
0.48,-1.92,
0.48,-1.92,
0.48,-1.92,
0.49,-1.92,
0.49,-1.92,
0.49,-1.92,
0.49,-1.92,
0.49,-1.92,
0.49,-1.92,
0.49,-1.92,
0.49,-1.92,
0.49,-1.92,
0.49,-1.92,
0.56,-1.92,
0.56,-1.92,
0.56,-1.92,
0.56,-1.83,
0.56,-1.83,
0.56,-1.83,
0.56,-1.83,
0.56,-1.83,
0.56,-1.83,
0.56,-1.83,
0.6,-1.83,
0.6,-1.83,
0.6,-1.83,
0.6,-1.7,
0.6,-1.7,
0.6,-1.7,
0.6,-1.7,
0.6,-1.7,
0.6,-1.7,
0.6,-1.7,
0.7,-1.7,
0.7,-1.7,
0.7,-1.64,
0.7,-1.64,
0.7,-1.64,
0.7,-1.64,
0.7,-1.64,
0.7,-1.64,
0.7,-1.64,
0.7,-1.64,
0.71,-1.64,
0.71,-1.64,
0.71,-1.73,
0.71,-1.73,
0.71,-1.73,
0.71,-1.73,
0.71,-1.73,
0.71,-1.73,
0.71,-1.73,
0.71,-1.73,
0.71,-1.73,
0.71,-1.78,
0.71,-1.78,
0.71,-1.78,
0.71,-1.78,
0.71,-1.78,
0.71,-1.78,
0.71,-1.78,
0.81,-1.78,
0.81,-1.78,
0.81,-1.78,
0.81,-1.71,
0.81,-1.71,
0.81,-1.71,
0.81,-1.71,
0.81,-1.71,
0.86,-1.71,
0.86,-1.71,
0.86,-1.71,
0.86,-1.67,
0.86,-1.67,
0.86,-1.67,
0.86,-1.67,
0.86,-1.67,
0.86,-1.67,
0.86,-1.67,
0.86,-1.67,
0.86,-1.67,
0.79,-1.67,
0.79,-1.67,
0.79,-1.67,
0.79,-1.81,
0.79,-1.81,
0.79,-1.81,
0.79,-1.81,
0.79,-1.81,
0.81,-1.81,
0.81,-1.81,
0.81,-1.92,
0.81,-1.92,
0.81,-1.92,
0.81,-1.92,
0.81,-1.92,
0.81,-1.92,
0.81,-1.92,
0.81,-1.92,
0.81,-1.92,
0.82,-1.92,
0.82,-1.92,
0.82,-1.92,
0.82,-1.97,
0.82,-1.97,
0.82,-1.97,
0.82,-1.97,
0.82,-1.97,
0.82,-1.97,
1.06,-1.97,
1.06,-1.97,
1.06,-1.82,
1.06,-1.82,
1.06,-1.82,
1.06,-1.82,
1.06,-1.82,
1.06,-1.82,
1.06,-1.82,
1.06,-1.82,
1.18,-1.82,
1.18,-1.82,
1.18,-1.82,
1.18,-1.74,
1.18,-1.74,
1.18,-1.74,
1.18,-1.74,
1.18,-1.74,
1.18,-1.74,
1.18,-1.74,
1.42,-1.5,
1.42,-1.5,
1.42,-1.5,
1.42,-1.5,
1.42,-1.5,
1.42,-1.5,
1.42,-1.5,
1.42,-1.5,
1.54,-1.5,
1.54,-1.5,
1.54,-1.12,
1.54,-1.12,
1.54,-1.12,
1.54,-1.12,
1.54,-1.12,
1.54,-1.12,
1.54,-1.12,
1.54,-1.12,
1.62,-1.12,
1.62,-1.12,
1.62,-0.94,
1.62,-0.94,
1.62,-0.94,
1.62,-0.94,
1.62,-0.94,
1.62,-0.94,
1.6,-0.94,
1.6,-0.94,
1.6,-0.94,
1.6,-0.97,
1.6,-0.97,
1.6,-0.97,
1.6,-0.97,
1.6,-0.97,
1.6,-0.97,
1.6,-0.97,
1.6,-0.97,
1.6,-0.97,
1.59,-0.97,
1.59,-0.97,
1.59,-0.99,
1.59,-0.99,
1.59,-0.99,
1.59,-0.99,
1.59,-0.99,
1.59,-0.99,
1.59,-0.99,
1.33,-0.99,
1.33,-0.99,
1.33,-0.99,
1.33,-1.33,
1.33,-1.33,
1.33,-1.33,
1.33,-1.33,
1.33,-1.33,
1.33,-1.33,
1.21,-1.33,
1.21,-1.33,
1.21,-1.33,
1.21,-1.5,
1.21,-1.5,
1.21,-1.5,
1.21,-1.5,
1.21,-1.5,
1.21,-1.5,
0.95,-1.5,
0.95,-1.5,
0.95,-1.5,
0.95,-1.5,
0.95,-1.52,
0.95,-1.52,
0.95,-1.52,
0.95,-1.52,
0.95,-1.52,
0.94,-1.52,
0.94,-1.52,
0.94,-1.52,
0.94,-1.52,
0.94,-1.52,
0.94,-1.72,
0.94,-1.72,
0.94,-1.72,
0.93,-1.72,
0.93,-1.72,
0.93,-1.72,
0.93,-1.82,
0.93,-1.82,
0.93,-1.82,
0.93,-1.82,
0.93,-1.82,
0.93,-1.82,
0.93,-1.82,
0.93,-1.82,
1.03,-1.82,
1.03,-1.82,
1.03,-1.82,
1.03,-2.45,
1.03,-2.45,
1.03,-2.45,
1.03,-2.45,
1.03,-2.45,
1.03,-2.45,
1.03,-2.45,
1.09,-2.45,
1.09,-2.45,
1.09,-2.76,
1.09,-2.76,
1.09,-2.76,
1.09,-2.76,
1.09,-2.76,
1.09,-2.76,
1.09,-2.76,
1.09,-2.76,
1.09,-2.76,
0.99,-2.76,
0.99,-2.76,
0.99,-2.76,
0.99,-2.84,
0.99,-2.84,
0.99,-2.84,
0.99,-2.84,
0.99,-2.84,
0.99,-2.84,
0.99,-2.84,
0.94,-2.84,
0.94,-2.75,
0.94,-2.75,
0.94,-2.75,
0.94,-2.75,
0.94,-2.75,
0.94,-2.75,
0.84,-2.75,
0.84,-2.75,
0.84,-2.71,
0.84,-2.71,
0.84,-2.71,
0.84,-2.71,
0.84,-2.71,
0.84,-2.71,
0.84,-2.71,
0.84,-2.71,
0.79,-2.71,
0.79,-2.71,
0.79,-2.71,
0.79,-2.83,
0.79,-2.83,
0.79,-2.83,
0.79,-2.83,
0.79,-2.83,
0.79,-2.83,
0.79,-2.83,
0.77,-2.83,
0.77,-2.83,
0.77,-2.83,
0.77,-2.83,
0.77,-2.83,
0.77,-2.83,
0.77,-2.88,
0.77,-2.88,
0.77,-2.88,
0.77,-2.88,
0.77,-2.88,
0.77,-2.88,
0.77,-2.88,
0.77,-2.88,
0.77,-3.0,
0.77,-3.0,
0.77,-3.0,
0.78,-3.0,
0.78,-3.0,
0.78,-3.0,
0.78,-3.0,
0.78,-3.0,
0.78,-3.05,
0.78,-3.05,
0.78,-3.05,
0.78,-3.05,
0.78,-3.05,
0.78,-3.05,
1.0,-3.05,
1.0,-3.05,
1.0,-2.76,
1.0,-2.76,
1.0,-2.76,
1.0,-2.76,
1.0,-2.76,
1.0,-2.76,
1.0,-2.76,
1.25,-2.76,
1.25,-2.76,
1.25,-2.33,
1.25,-2.33,
1.25,-2.33,
1.25,-2.33,
1.25,-2.33,
1.25,-2.33,
1.25,-2.33,
1.25,-2.33,
1.25,-2.33,
1.38,-2.33,
1.38,-2.33,
1.38,-2.11,
1.38,-2.11,
1.38,-2.11,
1.38,-2.11,
1.38,-2.11,
1.38,-2.11,
1.38,-2.11,
1.65,-2.11,
1.65,-2.11,
1.65,-2.19,
1.65,-2.19,
1.65,-2.19,
1.65,-2.19,
1.65,-2.19,
1.65,-2.19,
1.65,-2.19,
1.65,-2.19,
1.79,-2.19,
1.79,-2.23,
1.79,-2.23,
1.79,-2.23,
1.79,-2.23,
1.79,-2.23,
1.79,-2.23,
1.79,-2.23,
1.79,-2.23,
1.79,-2.23,
1.91,-2.23,
1.91,-2.23,
1.91,-2.35,
1.91,-2.35,
1.91,-2.35,
1.91,-2.35,
1.91,-2.35,
1.97,-2.35,
1.97,-2.35,
1.97,-2.35,
1.97,-2.35,
1.97,-2.52,
1.97,-2.52,
1.97,-2.52,
1.97,-2.52,
1.97,-2.52,
1.97,-2.52,
2.05,-2.52,
2.05,-2.52,
2.05,-2.61,
2.05,-2.61,
2.05,-2.61,
2.05,-2.61,
2.05,-2.61,
2.05,-2.61,
2.05,-2.61,
2.05,-2.61,
2.05,-2.44,
2.05,-2.44,
2.05,-2.44,
2.05,-2.44,
2.05,-2.44,
2.05,-2.44,
2.05,-2.44,
2.05,-2.44,
2.06,-2.44,
2.06,-2.44,
2.06,-2.44,
2.06,-2.44,
2.06,-2.36,
2.06,-2.36,
2.06,-2.36,
2.06,-2.36,
2.06,-2.36,
2.09,-2.36,
2.09,-2.36,
2.09,-2.36,
2.09,-2.36,
2.09,-2.36,
2.09,-2.36,
2.09,-2.05,
2.09,-2.05,
2.09,-2.05,
2.09,-2.05,
2.1,-2.05,
2.1,-2.05,
2.1,-2.05,
2.1,-2.05,
2.1,-1.89,
2.1,-1.89,
2.1,-1.89,
2.1,-1.89,
2.1,-1.89,
2.1,-1.89,
2.1,-1.89,
1.96,-1.89,
1.96,-1.89,
1.96,-1.89,
1.96,-1.92,
1.96,-1.92,
1.96,-1.92,
1.96,-1.92,
1.96,-1.92,
1.96,-1.92,
1.96,-1.92,
1.97,-1.92,
1.97,-1.92,
1.97,-1.92,
1.97,-1.92,
1.97,-2.02,
1.97,-2.02,
1.97,-2.02,
1.97,-2.02,
1.97,-2.02,
1.97,-2.02,
1.97,-2.02,
1.97,-2.02,
1.97,-2.07,
1.97,-2.07,
1.97,-2.07,
1.97,-2.07,
1.97,-2.07,
1.97,-2.07,
1.97,-2.07,
1.97,-2.07,
2.0,-2.07,
2.0,-2.07,
2.0,-2.3,
2.0,-2.3,
2.0,-2.3,
2.0,-2.3,
2.0,-2.3,
2.0,-2.3,
2.0,-2.3,
2.02,-2.3,
2.02,-2.3,
2.02,-2.42,
2.02,-2.42,
2.02,-2.42,
2.02,-2.42,
1.91,-2.42,
1.91,-2.42,
1.91,-2.42,
1.91,-2.42,
1.91,-2.42,
1.91,-2.42,
1.91,-2.56,
1.91,-2.56,
1.91,-2.56,
1.91,-2.56,
1.91,-2.56,
1.91,-2.56,
1.91,-2.56,
1.91,-2.56,
1.86,-2.56,
1.86,-2.56,
1.86,-2.56,
1.86,-2.56,
1.86,-2.56,
1.86,-2.56,
1.86,-2.56,
1.86,-2.56,
1.75,-2.56,
1.75,-2.56,
1.75,-2.56,
1.75,-2.56,
1.75,-2.56,
1.75,-2.56,
1.75,-2.56,
1.75,-2.56,
1.34,-2.56,
1.34,-2.56,
1.34,-2.56,
1.34,-2.56,
1.34,-1.97,
1.34,-1.97,
1.34,-1.97,
1.34,-1.97,
1.34,-1.97,
1.34,-1.97,
1.34,-1.97,
1.34,-1.97,
1.13,-1.97,
1.13,-1.67,
1.13,-1.67,
1.13,-1.67,
1.13,-1.67,
1.13,-1.67,
1.13,-1.67,
1.37,-1.67,
1.37,-1.67,
1.37,-1.67,
1.37,-1.67,
1.37,-1.13,
1.37,-1.13,
1.37,-1.13,
1.37,-1.13,
1.37,-1.13,
1.37,-1.13,
1.37,-1.13,
1.5,-1.13,
1.5,-1.13,
1.5,-0.86,
1.5,-0.86,
1.5,-0.86,
1.5,-0.86,
1.5,-0.86,
1.5,-0.86,
1.5,-0.86,
1.5,-0.86,
1.5,-0.86,
1.67,-0.86,
1.67,-0.86,
1.67,-0.86,
1.67,-1.45,
1.67,-1.45,
1.67,-1.45,
1.67,-1.45,
1.67,-1.45,
1.67,-1.45,
1.66,-1.45,
1.66,-1.99,
1.66,-1.99,
1.66,-1.99,
1.66,-1.99,
1.66,-1.99,
1.66,-1.99,
1.66,-1.99,
1.66,-2.25,
1.66,-2.25,
1.66,-2.25,
1.66,-2.25,
1.66,-2.25,
1.66,-2.25,
1.66,-2.25,
0.66,-3.22,
0.66,-3.22,
0.66,-3.22,
0.66,-3.22,
0.66,-3.22,
0.66,-3.22,
0.66,-3.22,
0.66,-3.22,
0.16,-3.22,
0.16,-3.22,
0.16,-3.22,
0.16,-3.22,
0.16,-3.7,
0.16,-3.7,
0.16,-3.7,
0.16,-3.7,
0.16,-3.7,
0.16,-3.7,
0.16,-3.7,
-1.06,-3.7,
-1.06,-3.7,
-1.06,-3.19,
-1.06,-3.19,
-1.06,-3.19,
-1.06,-3.19,
-1.06,-3.19,
-1.06,-3.19,
-1.06,-3.19,
-1.06,-3.19,
-1.66,-3.19,
-1.66,-3.06,
-1.66,-3.06,
-1.66,-3.06,
-1.66,-3.06,
-1.66,-3.06,
-1.66,-3.06,
-1.66,-3.06,
-1.66,-3.06,
-1.66,-3.06,
-1.16,-3.06,
-1.16,-2.99,
-1.16,-2.99,
-1.16,-2.99,
-1.16,-2.99,
-1.16,-2.99,
-1.16,-2.99,
-1.16,-2.99,
-1.16,-2.99,
0.24,-2.99,
0.24,-2.99,
0.24,-2.99,
0.24,-3.27,
0.24,-3.27,
0.24,-3.27,
0.24,-3.27,
0.24,-3.27,
0.24,-3.27,
0.94,-3.27,
0.94,-3.27,
0.94,-3.27,
0.94,-3.42,
0.94,-3.42,
0.94,-3.42,
0.94,-3.42,
0.94,-3.42,
1.27,-3.42,
1.27,-3.42,
1.27,-3.42,
1.27,-3.42,
1.27,-3.42,
1.27,-3.42,
1.27,-3.68,
1.27,-3.68,
1.27,-3.68,
1.27,-3.68,
1.27,-3.68,
1.27,-3.68,
1.44,-3.8,
1.44,-3.8,
1.44,-3.8,
1.44,-3.8,
0.85,-3.8,
0.85,-3.8,
0.85,-4.25,
0.85,-4.25,
0.85,-4.25,
0.85,-4.25,
0.85,-4.25,
0.85,-4.25,
0.85,-4.25,
-0.23,-4.25,
-0.23,-4.25,
-0.23,-4.25,
-0.23,-4.25,
-0.23,-5.86,
-0.23,-5.86,
-0.23,-5.86,
-0.23,-5.86,
-0.23,-5.86,
-0.23,-5.86,
-0.77,-5.86,
-0.77,-5.86,
-0.77,-5.86,
-0.77,-5.86,
-0.77,-6.66,
-0.77,-6.66,
-0.77,-6.66,
-0.77,-6.66,
-0.77,-6.66,
-0.77,-6.66,
-1.98,-6.66,
-1.98,-6.66,
-1.98,-8.06,
-1.98,-8.06,
-1.98,-8.06,
-1.98,-8.06,
-1.98,-8.06,
-1.98,-8.06,
-1.98,-8.06,
-1.98,-8.06,
-2.59,-8.06,
-2.59,-8.76,
-2.59,-8.76,
-2.59,-8.76,
-2.59,-8.76,
-2.59,-8.76,
-2.59,-8.76,
-3.92,-8.76,
-3.92,-8.76,
-3.92,-8.16,
-3.92,-8.16,
-3.92,-8.16,
-3.92,-8.16,
-3.92,-8.16,
-3.92,-8.16,
-4.58,-8.16,
-4.58,-8.16,
-4.58,-5.67,
-4.58,-5.67,
-4.58,-5.67,
-4.58,-5.67,
-4.58,-5.67,
-4.58,-5.67,
-4.58,-5.67,
-4.58,-5.67,
-4.58,-5.67,
-4.34,-5.67,
-4.34,-5.67,
-4.34,-5.67,
-4.34,-5.67,
-4.34,-5.67,
-4.34,-4.41,
-4.34,-4.41,
-2.89,-4.41,
-2.89,-3.51,
-2.89,-3.51,
-2.89,-3.51,
-2.89,-3.51,
-2.89,-3.51,
-2.89,-3.51,
-2.89,-3.51,
-2.89,-3.51,
-2.89,-3.51,
-2.15,-3.51,
-2.15,-3.51,
-2.15,-3.06,
-2.15,-3.06,
-2.15,-3.06,
-2.15,-3.06,
-2.15,-3.06,
-2.15,-3.06,
-2.15,-3.06,
-1.16,-2.19,
-1.16,-2.19,
-1.16,-2.19,
-1.16,-2.19,
-1.16,-2.19,
-1.16,-2.19,
-1.16,-2.19,
-1.16,-2.19,
-1.16,-2.19,
-0.67,-2.19,
-0.67,-2.19,
-0.67,-1.75,
-0.67,-1.75,
-0.67,-1.75,
-0.67,-1.75,
-0.67,-1.75,
-0.67,-1.75,
-0.67,-1.75,
0.66,-1.75,
0.66,-1.75,
0.66,-1.75,
0.66,-0.03,
0.66,-0.03,
0.66,-0.03,
0.66,-0.03,
0.66,-0.03,
0.66,-0.03,
0.66,-0.03,
2.34,-0.03,
2.34,-0.03,
2.34,0.31,
2.34,0.31,
2.34,0.31,
2.34,0.31,
3.18,0.31,
3.18,0.31,
3.18,0.31,
3.18,0.31,
3.18,0.31,
3.18,0.31,
3.18,0.48,
3.18,0.48,
3.18,0.48,
3.18,0.48,
3.18,0.48,
3.39,0.48,
3.39,0.48,
3.39,0.48,
3.39,-0.48,
3.39,-0.48,
3.39,-0.48,
3.39,-0.48,
3.39,-0.48,
3.5,-0.48,
3.5,-0.48,
3.5,-0.95,
3.5,-0.95,
3.5,-0.95,
3.5,-0.95,
3.5,-0.95,
3.5,-0.95,
3.5,-0.95,
3.5,-0.95,
2.78,-0.95,
2.78,-0.95,
2.78,-0.95,
2.78,-2.44,
2.78,-2.44,
2.78,-2.44,
2.78,-2.44,
2.78,-2.44,
2.78,-2.44,
2.43,-2.44,
2.43,-2.43,
2.43,-2.43,
2.43,-2.43,
2.43,-2.43,
2.43,-2.43,
2.43,-2.43,
1.43,-2.43,
1.43,-2.43,
1.43,-2.43,
1.43,-2.42,
1.43,-2.42,
1.43,-2.42,
1.43,-2.42,
1.43,-2.42,
1.43,-2.42,
1.43,-2.42,
1.43,-2.42,
1.43,-2.42,
1.48,-2.42,
1.48,-2.42,
1.48,-2.42,
1.48,-1.36,
1.48,-1.36,
1.48,-1.36,
1.48,-1.36,
1.48,-1.36,
1.48,-1.36,
1.5,-1.36,
1.5,-1.36,
1.5,-1.36,
1.5,-1.36,
1.5,-1.36,
1.5,-0.82,
1.5,-0.82,
1.5,-0.82,
1.5,-0.82,
1.5,-0.82,
1.5,-0.82,
2.07,-0.82,
2.07,-0.82,
2.07,-1.78,
2.07,-1.78,
2.07,-1.78,
2.07,-1.78,
2.07,-1.78,
2.07,-1.78,
2.35,-1.78,
2.35,-1.78,
2.35,-2.25,
2.35,-2.25,
2.35,-2.25,
2.35,-2.25,
2.35,-2.25,
2.35,-2.25,
2.35,-2.25,
2.35,-2.25,
1.57,-2.25,
1.57,-3.48,
1.57,-3.48,
1.57,-3.48,
1.57,-3.48,
1.57,-3.48,
1.57,-3.48,
1.57,-3.48,
0.2,-3.48,
0.2,-3.48,
0.2,-3.9,
0.2,-3.9,
0.2,-3.9,
0.2,-3.9,
0.2,-3.9,
0.2,-3.9,
0.2,-3.9,
0.2,-3.9,
-0.48,-3.9,
-0.48,-3.9,
-0.48,-3.9,
-0.48,-3.9,
-0.48,-4.11,
-0.48,-4.11,
-0.48,-4.11,
-0.48,-4.11,
-0.48,-4.11,
-0.48,-4.11,
-0.48,-4.11,
-1.01,-4.11,
-1.01,-4.83,
-1.01,-4.83,
-1.01,-4.83,
-1.01,-4.83,
-1.01,-4.83,
-1.01,-4.83,
-1.01,-4.83,
-1.01,-4.83,
-1.27,-4.83,
-1.27,-5.19,
-1.27,-5.19,
-1.27,-5.19,
-1.27,-5.19,
-1.27,-5.19,
-1.27,-5.19,
-1.27,-5.19,
-1.27,-5.19,
-1.27,-5.19,
-0.98,-5.19,
-0.98,-4.47,
-0.98,-4.47,
-0.98,-4.47,
-0.98,-4.47,
-0.98,-4.47,
-0.98,-4.47,
-0.98,-4.47,
-0.98,-4.47,
-0.98,-4.47,
-0.84,-4.47,
-0.84,-3.62,
-0.84,-3.62,
-0.84,-3.62,
-0.84,-3.62,
-0.84,-3.62,
-0.84,-3.62,
-0.84,-3.62,
-0.84,-3.62,
-0.84,-3.62,
-0.28,-3.62,
-0.28,-3.62,
-0.28,-3.2,
-0.28,-3.2,
-0.28,-3.2,
-0.28,-3.2,
-0.28,-3.2,
-0.28,-3.2,
-0.28,-3.2,
-0.28,-3.2,
-0.28,-3.2,
-0.28,-3.2,
0.03,-3.2,
0.03,-3.75,
0.03,-3.75,
0.03,-3.75,
0.03,-3.75,
0.03,-3.75,
0.18,-4.03,
0.18,-4.03,
0.18,-4.03,
0.18,-4.03,
0.18,-4.03,
0.18,-4.03,
0.18,-4.03,
0.18,-4.03,
-0.64,-4.03,
-0.64,-4.03,
-0.64,-4.03,
-0.64,-4.75,
-0.64,-4.75,
-0.64,-4.75,
-0.64,-4.75,
-0.64,-4.75,
-0.64,-4.75,
-0.64,-4.75,
-1.04,-4.75,
-1.04,-4.75,
-1.04,-4.75,
-1.04,-5.11,
-1.04,-5.11,
-1.04,-5.11,
-1.04,-5.11,
-1.04,-5.11,
-1.04,-5.11,
-1.04,-5.11,
-2.08,-5.11,
-2.08,-5.11,
-2.08,-5.13,
-2.08,-5.13,
-2.08,-5.13,
-2.08,-5.13,
-2.08,-5.13,
-2.08,-5.13,
-2.08,-5.13,
-2.08,-5.13,
-2.08,-5.13,
-2.36,-5.13,
-2.36,-5.84,
-2.36,-5.84,
-2.36,-5.84,
-2.36,-5.84,
-2.36,-5.84,
-2.36,-5.84,
-2.36,-5.84,
-2.36,-5.84,
-2.36,-5.84,
-2.5,-6.2,
-2.5,-6.2,
-2.5,-6.2,
-2.5,-6.2,
-2.5,-6.2,
-2.5,-6.2,
-2.5,-6.2,
-2.5,-6.2,
-2.5,-6.2,
-2.61,-6.2,
-2.61,-6.2,
-2.61,-7.02,
-2.61,-7.02,
-2.61,-7.02,
-2.61,-7.02,
-2.61,-7.02,
-2.61,-7.02,
-2.61,-7.02,
-2.66,-7.02,
-2.66,-7.02,
-2.66,-7.43,
-2.66,-7.43,
-2.66,-7.43,
-2.66,-7.43,
-2.66,-7.43,
-2.66,-7.43,
-2.66,-7.43,
-2.66,-7.43,
-2.3,-7.43,
-2.3,-7.43,
-2.3,-7.66,
-2.3,-7.66,
-2.3,-7.66,
-2.3,-7.66,
-2.11,-7.66,
-2.11,-7.66,
-2.11,-8.65,
-2.11,-8.65,
-2.11,-8.65,
-2.11,-8.65,
-2.11,-8.65,
-2.13,-8.65,
-2.13,-9.14,
-2.13,-9.14,
-2.13,-9.14,
-2.13,-9.14,
-2.13,-9.14,
-2.13,-9.14,
-3.29,-9.14,
-3.29,-9.14,
-3.29,-11.23,
-3.29,-11.23,
-3.29,-11.23,
-3.29,-11.23,
-3.86,-11.23,
-3.86,-12.25,
-3.86,-12.25,
-3.86,-12.25,
-3.86,-12.25,
-3.86,-12.25,
-3.86,-12.25,
-5.57,-12.25,
-5.57,-12.97,
-5.57,-12.97,
-5.57,-12.97,
-5.57,-12.97,
-5.57,-12.97,
-6.41,-12.97,
-6.41,-13.32,
-6.41,-13.32,
-6.41,-13.32,
-6.41,-13.32,
-7.64,-13.32,
-7.64,-13.46,
-7.64,-13.46,
-7.64,-13.46,
-7.64,-13.46,
-7.68,-13.46,
-7.68,-13.07,
-7.68,-13.07,
-7.68,-13.07,
-7.68,-13.07,
-7.7,-13.07,
-7.7,-12.88,
-7.7,-12.88,
-7.7,-12.88,
-6.56,-12.88,
-6.56,-12.19,
-6.56,-12.19,
-6.56,-12.19,
-6.56,-12.19,
-6.56,-12.19,
-6.56,-12.19,
-6.0,-12.19,
-6.0,-11.85,
-6.0,-11.85,
-6.0,-11.85,
-6.0,-11.85,
-6.0,-11.85,
-4.96,-11.85,
-4.96,-11.85,
-4.96,-11.85,
-4.96,-10.57,
-4.96,-10.57,
-4.96,-10.57,
-4.96,-10.57,
-4.96,-10.57,
-4.96,-10.57,
-4.45,-10.57,
-4.45,-10.57,
-4.45,-10.57,
-4.45,-9.68,
-4.45,-9.68,
-4.45,-9.68,
-4.45,-9.68,
-4.45,-9.68,
-4.45,-9.68,
-4.45,-9.68,
-4.45,-9.68,
-3.6,-9.68,
-3.6,-9.24,
-3.6,-9.24,
-3.6,-9.24,
-3.6,-9.24,
-3.6,-9.24,
-3.6,-9.24,
-3.6,-9.24,
-3.6,-9.24,
-3.6,-9.24,
-3.6,-9.24,
-3.6,-9.24,
-3.6,-9.24,
-3.2,-9.24,
-3.2,-9.24,
-3.2,-9.24,
-3.2,-9.91,
-3.2,-9.91,
-3.2,-9.91,
-3.2,-9.91,
-3.2,-9.91,
-2.99,-9.91,
-2.99,-9.91,
-2.99,-9.91,
-2.99,-10.25,
-2.99,-10.25,
-2.99,-10.25,
-2.99,-10.25,
-2.99,-10.25,
-1.46,-10.25,
-1.46,-9.02,
-1.46,-9.02,
-1.46,-9.02,
-1.46,-9.02,
-1.46,-9.02,
-1.46,-9.02,
-0.71,-9.02,
-0.71,-9.02,
-0.71,-9.02,
-0.71,-8.45,
-0.71,-8.45,
-0.71,-8.45,
-0.71,-8.45,
-0.71,-8.45,
-0.71,-8.45,
0.31,-8.45,
0.31,-8.45,
0.31,-7.24,
0.31,-7.24,
0.31,-7.24,
0.31,-7.24,
0.31,-7.24,
0.31,-7.24,
0.31,-7.24,
0.31,-7.24,
0.31,-7.24,
-2.29,-7.24,
-2.29,-7.24,
-2.29,-7.24,
-2.29,-9.3,
-2.29,-9.3,
-2.29,-9.3,
-2.29,-9.3,
-2.29,-9.3,
-3.6,-9.3,
-3.6,-9.3,
-3.6,-9.3,
-3.6,-10.35,
-3.6,-10.35,
-3.6,-10.35,
-3.6,-10.35,
-3.6,-10.35,
-3.6,-10.35,
-3.6,-10.35,
-8.52,-10.35,
-8.52,-10.35,
-8.52,-10.35,
-8.52,-15.54,
-8.52,-15.54,
-8.52,-15.54,
-8.52,-15.54,
-8.52,-15.54,
-10.97,-15.54,
-10.97,-15.54,
-10.97,-15.54,
-10.97,-15.54,
-10.97,-15.54,
-10.97,-15.54,
-10.97,-15.54,
-10.97,-18.12,
-10.97,-18.12,
-10.97,-18.12,
-10.97,-18.12,
-14.47,-18.12,
-14.47,-18.12,
-14.47,-18.7,
-14.47,-18.7,
-14.47,-18.7,
-14.47,-18.7,
-14.47,-18.7,
-14.47,-18.7,
-14.47,-18.7,
-16.16,-18.7,
-16.16,-18.7,
-16.16,-18.7,
-16.16,-17.55,
-16.16,-17.55,
-16.16,-17.55,
-16.16,-17.55,
-16.16,-17.55,
-16.16,-17.55,
-16.16,-17.55,
-16.16,-17.55,
-16.16,-17.55,
-16.24,-17.55,
-16.24,-17.55,
-16.24,-16.95,
-16.24,-16.95,
-16.24,-16.95,
-16.24,-16.95,
-16.24,-16.95,
-16.24,-16.95,
-16.24,-16.95,
-14.55,-16.95,
-14.55,-15.66,
-14.55,-15.66,
-14.55,-15.66,
-14.55,-15.66,
-14.55,-15.66,
-14.55,-15.66,
-14.55,-15.66,
-13.6,-15.66,
-13.6,-14.95,
-13.6,-14.95,
-13.6,-14.95,
-13.6,-14.95,
-13.6,-14.95,
-13.6,-14.95,
-13.6,-14.95,
-13.6,-14.95,
-13.6,-14.95,
-13.6,-14.95,
-11.11,-14.95,
-11.11,-14.95,
-11.11,-14.06,
-11.11,-14.06,
-11.11,-14.06,
-11.11,-14.06,
-11.11,-14.06,
-11.11,-14.06,
-9.72,-14.06,
-9.72,-14.06,
-9.72,-14.06,
-9.72,-13.57,
-9.72,-13.57,
-9.72,-13.57,
-9.72,-13.57,
-9.72,-13.57,
-7.87,-13.57,
-7.87,-13.57,
-7.87,-13.57,
-7.87,-13.57,
-7.87,-13.57,
-7.87,-13.57,
-7.87,-12.81,
-7.87,-12.81,
-7.87,-12.81,
-7.87,-12.81,
-7.87,-12.81,
-6.84,-12.81,
-6.84,-13.03,
-6.84,-13.03,
-6.84,-13.03,
-6.84,-13.03,
-6.84,-13.03,
-6.84,-13.03,
-6.84,-13.03,
-6.84,-13.03,
-6.3,-13.03,
-6.3,-13.03,
-6.3,-13.03,
-6.3,-13.15,
-6.3,-13.15,
-6.3,-13.15,
-6.3,-13.15,
-6.3,-13.15,
-6.3,-13.15,
-6.3,-13.15,
-6.14,-13.15,
-6.14,-13.15,
-6.14,-11.66,
-6.14,-11.66,
-6.14,-11.66,
-6.14,-11.66,
-6.14,-11.66,
-6.14,-11.66,
-6.14,-11.66,
-6.14,-11.66,
-6.06,-11.66,
-6.06,-11.66,
-6.06,-10.92,
-6.06,-10.92,
-6.06,-10.92,
-6.06,-10.92,
-6.06,-10.92,
-5.24,-10.92,
-5.24,-10.92,
-5.24,-10.92,
-5.24,-6.11,
-5.24,-6.11,
-5.24,-6.11,
-5.24,-6.11,
-5.24,-6.11,
-5.24,-6.11,
-5.24,-6.11,
-5.24,-6.11,
-4.85,-6.11,
-4.85,-6.11,
-4.85,-6.11,
-4.85,-1.53,
-4.85,-1.53,
-4.85,-1.53,
-4.85,-1.53,
-4.85,-1.53,
-3.29,-1.53,
-3.29,-1.53,
-3.29,0.6,
-3.29,0.6,
-3.29,0.6,
-3.29,0.6,
-3.29,0.6,
-3.29,0.6,
-3.29,0.6,
-1.14,0.6,
-1.14,0.6,
-1.14,0.6,
-1.14,1.44,
-1.14,1.44,
-1.14,1.44,
-1.14,1.44,
-1.14,1.44,
-1.14,1.44,
-0.1,1.44,
-0.1,1.44,
-0.1,1.44,
-0.1,1.44,
-0.1,1.85,
-0.1,1.85,
-0.1,1.85,
-0.1,1.85,
-0.1,1.85,
-0.1,1.85,
-0.1,1.85,
1.57,1.85,
1.57,1.85,
1.57,-1.03,
1.57,-1.03,
1.57,-1.03,
1.57,-1.03,
1.57,-1.03,
1.57,-1.03,
1.57,-1.03,
2.38,-1.03,
2.38,-1.03,
2.38,-1.03,
2.38,-2.42,
2.38,-2.42,
2.38,-2.42,
2.38,-2.42,
2.38,-2.42,
3.74,-2.42,
3.74,-2.42,
3.74,-9.86,
3.74,-9.86,
3.74,-9.86,
3.74,-9.86,
3.74,-9.86,
3.74,-9.86,
3.74,-9.86,
4.44,-9.86,
4.44,-9.86,
4.44,-9.86,
4.44,-20.09,
4.44,-20.09,
4.44,-20.09,
4.44,-20.09,
4.78,-20.09,
4.78,-20.09,
4.78,-20.09,
4.78,-20.09,
4.78,-24.65,
4.78,-24.65,
4.78,-24.65,
4.78,-24.65,
4.78,-24.65,
4.78,-24.65,
4.78,-24.65,
2.0,-24.65,
2.0,-24.65,
2.0,-24.65,
2.0,-24.65,
2.0,-21.87,
2.0,-21.87,
2.0,-21.87,
2.0,-21.87,
2.0,-21.87,
2.0,-21.87,
2.0,-21.87,
2.0,-21.87,
0.67,-21.87,
0.67,-21.87,
0.67,-20.43,
0.67,-20.43,
0.67,-20.43,
0.67,-20.43,
0.67,-20.43,
0.67,-20.43,
-3.55,-20.43,
-3.55,-20.43,
-3.55,-23.1,
-3.55,-23.1,
-3.55,-23.1,
-3.55,-23.1,
-3.55,-23.1,
-3.55,-23.1,
-5.5,-23.1,
-5.5,-23.1,
-5.5,-23.1,
-5.5,-30.23,
-5.5,-30.23,
-5.5,-30.23,
-5.5,-30.23,
-5.5,-30.23,
-5.5,-30.23,
-5.5,-30.23,
-7.16,-30.23,
-7.16,-30.23,
-7.16,-30.23,
-7.16,-33.73,
-7.16,-33.73,
-7.16,-33.73,
-7.16,-33.73,
-7.16,-33.73,
-7.16,-33.73,
-7.16,-33.73,
-7.16,-33.73,
-6.3,-33.73,
-6.3,-37.87,
-6.3,-37.87,
-6.3,-37.87,
-6.3,-37.87,
-6.3,-37.87,
-6.3,-37.87,
-6.3,-37.87,
-5.88,-37.87,
-5.88,-37.87,
-5.88,-39.83,
-5.88,-39.83,
-5.88,-39.83,
-5.88,-39.83,
-5.88,-39.83,
-5.88,-39.83,
-5.88,-39.83,
-5.88,-39.83,
-5.88,-39.83,
-5.88,-39.83,
-2.72,-39.83,
-2.72,-43.11,
-2.72,-43.11,
-2.72,-43.11,
-2.72,-43.11,
-2.72,-43.11,
-1.15,-43.11,
-1.15,-43.11,
-1.15,-43.11,
-1.15,-43.11,
-1.15,-44.73,
-1.15,-44.73,
-1.15,-44.73,
-1.15,-44.73,
-1.15,-44.73,
0.96,-44.73,
0.96,-44.73,
0.96,-44.73,
0.96,-47.76,
0.96,-47.76,
0.96,-47.76,
0.96,-47.76,
0.96,-47.76,
0.96,-47.76,
2.45,-47.76,
2.45,-47.76,
2.45,-47.76,
2.45,-47.76,
2.45,-50.23,
2.45,-50.23,
2.45,-50.23,
2.45,-50.23,
2.45,-50.23,
2.45,-50.23,
3.21,-50.23,
3.21,-50.23,
3.21,-51.59,
3.21,-51.59,
3.21,-51.59,
3.21,-51.59,
3.21,-51.59,
3.21,-51.59,
3.21,-51.59,
3.21,-51.59,
3.64,-51.59,
3.64,-51.59,
3.64,-51.59,
3.64,-51.16,
3.64,-51.16,
3.64,-51.16,
3.64,-51.16,
3.64,-51.16,
3.64,-51.16,
3.87,-51.16,
3.87,-51.16,
3.87,-51.16,
3.87,-50.92,
3.87,-50.92,
3.87,-50.92,
3.87,-50.92,
3.87,-50.92,
5.63,-50.92,
5.63,-50.92,
5.63,-50.92,
5.63,-50.92,
5.63,-51.32,
5.63,-51.32,
5.63,-51.32,
5.63,-51.32,
5.63,-51.32,
5.63,-51.32,
5.63,-51.32,
5.63,-51.32,
6.55,-51.32,
6.55,-51.32,
6.55,-52.48,
6.55,-52.48,
6.55,-52.48,
6.55,-52.48,
6.55,-52.48,
6.55,-52.48,
5.27,-52.48,
5.27,-52.48,
5.27,-53.02,
5.27,-53.02,
5.27,-53.02,
5.27,-53.02,
4.55,-53.02,
4.55,-53.02,
4.55,-53.64,
4.55,-53.64,
4.55,-53.64,
4.55,-53.64,
4.55,-53.64,
4.55,-53.64,
4.19,-53.64,
4.19,-53.64,
4.19,-53.64,
4.19,-53.93,
4.19,-53.93,
4.19,-53.93,
4.19,-53.93,
3.69,-53.93,
3.69,-53.93,
3.69,-53.93,
3.69,-53.93,
3.69,-54.43,
3.69,-54.43,
3.69,-54.43,
3.69,-54.43,
3.69,-54.43,
3.69,-54.43,
3.43,-54.43,
3.43,-54.43,
3.43,-54.43,
3.43,-54.67,
3.43,-54.67,
3.43,-54.67,
3.43,-54.67,
3.43,-54.67,
3.43,-54.67,
3.43,-54.67,
3.43,-54.67,
2.62,-54.67,
2.62,-54.87,
2.62,-54.87,
2.62,-54.87,
2.62,-54.87,
2.62,-54.87,
2.62,-54.87,
2.62,-54.87,
2.62,-54.87,
1.86,-54.87,
1.86,-54.87,
1.86,-54.87,
1.86,-54.75,
1.86,-54.75,
1.86,-54.75,
1.86,-54.75,
1.86,-54.75,
1.86,-54.75,
1.86,-54.75,
1.46,-54.75,
1.46,-54.75,
1.46,-54.75,
1.46,-54.68,
1.46,-54.68,
1.46,-54.68,
1.46,-54.68,
1.46,-54.68,
1.93,-54.68,
1.93,-54.68,
1.93,-54.68,
1.93,-54.68,
1.93,-54.68,
1.93,-52.44,
1.93,-52.44,
1.93,-52.44,
1.93,-52.44,
1.93,-52.44,
1.93,-52.44,
2.18,-51.31,
2.18,-51.31,
2.18,-51.31,
2.18,-51.31,
2.18,-51.31,
2.18,-51.31,
2.18,-51.31,
2.18,-51.31,
2.66,-51.31,
2.66,-51.31,
2.66,-47.54,
2.66,-47.54,
2.66,-47.54,
2.66,-47.54,
2.66,-47.54,
2.66,-47.54,
2.91,-47.54,
2.91,-47.54,
2.91,-41.9,
2.91,-41.9,
2.91,-41.9,
2.91,-41.9,
2.91,-41.9,
2.91,-41.9,
2.91,-41.9,
2.91,-41.9,
3.94,-41.9,
3.94,-41.9,
3.94,-39.07,
3.94,-39.07,
3.94,-39.07,
3.94,-39.07,
3.94,-39.07,
3.94,-39.07,
5.39,-39.07,
5.39,-39.07,
5.39,-39.07,
5.39,-39.07,
5.39,-35.25,
5.39,-35.25,
6.1,-35.25,
6.1,-35.25,
6.1,-35.25,
6.1,-33.38,
6.1,-33.38,
6.1,-33.38,
6.1,-33.38,
6.1,-33.38,
6.1,-33.38,
6.1,-33.38,
6.1,-33.38,
7.64,-33.38,
7.64,-33.38,
7.64,-33.38,
7.64,-31.37,
7.64,-31.37,
7.64,-31.37,
7.64,-31.37,
8.42,-31.37,
8.42,-31.37,
8.42,-31.37,
8.42,-31.37,
8.42,-29.97,
8.42,-29.97,
8.42,-29.97,
8.42,-29.97,
8.42,-29.97,
8.42,-29.97,
9.51,-29.97,
9.51,-29.97,
9.51,-29.97,
9.51,-29.97,
9.51,-29.29,
9.51,-29.29,
10.77,-29.29,
10.77,-29.29,
10.77,-29.29,
10.77,-29.29,
10.77,-29.29,
10.77,-28.87,
10.77,-28.87,
10.77,-28.87,
10.77,-28.87,
10.77,-28.87,
10.77,-28.87,
10.77,-28.87,
11.4,-28.67,
11.4,-28.67,
11.4,-28.67,
11.4,-28.67,
11.4,-28.67,
11.4,-28.67,
11.4,-28.67,
11.4,-28.67,
11.4,-28.67,
12.36,-28.67,
12.36,-28.67,
12.36,-27.42,
12.36,-27.42,
12.36,-27.42,
12.36,-27.42,
12.36,-27.42,
12.36,-27.42,
12.83,-27.42,
12.83,-27.42,
12.83,-27.42,
12.83,-27.42,
12.83,-26.82,
12.83,-26.82,
12.83,-26.82,
12.83,-26.82,
12.83,-26.82,
12.83,-26.82,
12.83,-26.82,
13.25,-26.82,
13.25,-26.82,
13.25,-22.78,
13.25,-22.78,
13.25,-22.78,
13.25,-22.78,
13.25,-22.78,
13.25,-22.78,
13.47,-22.78,
13.47,-22.78,
13.47,-22.78,
13.47,-13.87,
13.47,-13.87,
13.47,-13.87,
13.47,-13.87,
13.47,-13.87,
13.47,-13.87,
14.29,-13.87,
14.29,-13.87,
14.29,-13.87,
14.29,-13.87,
14.29,-9.07,
14.29,-9.07,
14.29,-9.07,
14.29,-9.07,
14.29,-9.07,
14.29,-9.07,
16.96,-9.07,
16.96,-9.07,
16.96,-9.07,
16.96,0.09,
16.96,0.09,
16.96,0.09,
16.96,0.09,
16.96,0.09,
16.96,0.09,
18.28,0.09,
18.28,0.09,
18.28,0.09,
18.28,4.62,
18.28,4.62,
18.28,4.62,
18.28,4.62,
18.28,4.62,
22.28,4.62,
22.28,4.62,
22.28,4.62,
22.28,4.62,
22.28,7.78,
22.28,7.78,
22.28,7.78,
22.28,7.78,
22.28,7.78,
24.18,7.78,
24.18,7.78,
24.18,7.78,
24.18,7.78,
24.18,11.17,
24.18,11.17,
24.18,11.17,
24.18,11.17,
24.18,11.17,
24.18,11.17,
24.18,11.17,
24.18,11.17,
28.3,11.17,
28.3,11.17,
28.3,11.17,
28.3,12.9,
28.3,12.9,
28.3,12.9,
28.3,12.9,
28.3,12.9,
28.3,12.9,
28.3,12.9,
31.8,12.9,
31.8,12.9,
31.8,16.51,
31.8,16.51,
31.8,16.51,
31.8,16.51,
31.8,16.51,
33.47,16.51,
33.47,16.51,
33.47,16.51,
33.47,16.51,
33.47,18.28,
33.47,18.28,
33.47,18.28,
33.47,18.28,
33.47,18.28,
33.47,18.28,
34.32,18.28,
34.32,18.28,
34.32,18.28,
34.32,21.34,
34.32,21.34,
34.32,21.34,
34.32,21.34,
34.32,21.34,
34.32,21.34,
34.32,21.34,
34.32,21.34,
34.32,21.34,
34.32,21.34,
34.74,21.34,
34.74,22.87,
34.74,22.87,
34.74,22.87,
34.74,22.87,
33.37,22.87,
33.37,22.87,
33.37,22.87,
33.37,22.87,
33.37,22.87,
33.37,22.87,
33.37,25.38,
33.37,25.38,
33.37,25.38,
33.37,25.38,
33.37,25.38,
32.67,25.38,
32.67,25.38,
32.67,25.38,
32.67,25.38,
32.67,25.38,
32.67,25.38,
32.67,25.35,
32.67,25.35,
30.65,25.35,
30.65,25.35,
30.65,25.35,
30.65,25.33,
30.65,25.33,
30.65,25.33,
30.65,25.33,
30.65,25.33,
30.65,25.33,
30.65,25.33,
30.65,25.33,
26.88,25.33,
26.88,25.33,
26.88,25.33,
26.88,25.33,
26.88,18.99,
26.88,18.99,
26.88,18.99,
26.88,18.99,
26.88,18.99,
24.8,18.99,
24.8,18.99,
24.8,18.99,
24.8,15.56,
24.8,15.56,
24.8,15.56,
24.8,15.56,
24.8,15.56,
24.8,15.56,
20.72,15.56,
20.72,15.56,
20.72,11.45,
20.72,11.45,
20.72,11.45,
20.72,11.45,
20.72,11.45,
20.72,11.45,
20.72,11.45,
20.72,11.45,
20.72,11.45,
18.55,11.45,
18.55,11.45,
18.55,11.45,
18.55,10.58,
18.55,10.58,
18.55,10.58,
18.55,10.58,
18.55,10.58,
18.55,10.58,
18.55,10.58,
17.98,10.58,
17.98,10.58,
17.98,10.58,
17.98,10.14,
17.98,10.14,
17.98,10.14,
17.98,10.14,
17.98,10.14,
19.71,10.14,
19.71,10.14,
19.71,10.14,
19.71,13.39,
19.71,13.39,
19.71,13.39,
19.71,13.39,
19.71,13.39,
19.71,13.39,
19.71,13.39,
20.52,13.39,
20.52,13.39,
20.52,13.39,
20.52,14.98,
20.52,14.98,
20.52,14.98,
20.52,14.98,
20.52,14.98,
20.52,14.98,
20.52,14.98,
20.52,14.98,
23.0,14.98,
23.0,17.84,
23.0,17.84,
23.0,17.84,
23.0,17.84,
23.0,17.84,
23.0,17.84,
23.0,17.84,
24.18,17.84,
24.18,17.84,
24.18,17.84,
24.18,19.24,
24.18,19.24,
24.18,19.24,
24.18,19.24,
24.18,19.24,
24.18,19.24,
25.57,19.24,
25.57,19.24,
25.57,18.31,
25.57,18.31,
25.57,18.31,
25.57,18.31,
25.57,18.31,
25.57,18.31,
25.57,18.31,
25.57,18.31,
26.24,18.31,
26.24,18.31,
26.24,16.14,
26.24,16.14,
26.24,16.14,
26.24,16.14,
26.24,16.14,
26.24,16.14,
26.24,16.14,
26.24,16.14,
26.46,16.14,
26.46,16.14,
26.46,16.14,
26.46,16.14,
26.46,15.05,
26.46,15.05,
26.46,15.05,
26.46,15.05,
26.46,15.05,
26.46,15.05,
26.08,15.05,
26.08,15.05,
26.08,15.05,
26.08,15.05,
26.08,13.51,
26.08,13.51,
26.08,13.51,
26.08,13.51,
26.08,13.51,
26.08,13.51,
25.88,13.51,
25.88,13.51,
25.88,13.51,
25.88,12.73,
25.88,12.73,
25.88,12.73,
25.88,12.73,
25.88,12.73,
22.68,12.73,
22.68,12.73,
22.68,12.73,
22.68,12.73,
22.68,12.73,
22.68,12.73,
22.68,12.73,
22.68,12.73,
22.68,12.73,
22.68,12.73,
21.1,12.73,
21.1,12.73,
21.1,12.73,
21.1,31.44,
21.1,31.44,
21.1,31.44,
21.1,31.44,
21.1,31.44,
21.1,31.44,
17.88,31.44,
17.88,31.44,
17.88,31.44,
17.88,35.06,
17.88,35.06,
17.88,35.06,
17.88,35.06,
17.88,35.06,
17.88,35.06,
21.37,35.06,
21.37,35.06,
21.37,35.06,
21.37,36.88,
21.37,36.88,
21.37,36.88,
21.37,36.88,
21.37,36.88,
21.37,36.88,
22.78,36.88,
22.78,36.88,
22.78,36.88,
22.78,36.88,
22.78,38.22,
22.78,38.22,
22.78,38.22,
22.78,38.22,
22.78,38.22,
22.78,38.22,
22.11,38.22,
22.11,38.22,
22.11,38.22,
22.11,38.22,
22.11,29.4,
22.11,29.4,
22.11,29.4,
22.11,29.4,
22.11,29.4,
21.65,29.4,
21.65,29.4,
21.65,29.4,
21.65,20.7,
21.65,20.7,
21.65,20.7,
21.65,20.7,
21.65,20.7,
19.25,20.7,
19.25,20.7,
19.25,7.15,
19.25,7.15,
19.25,7.15,
19.25,7.15,
19.25,7.15,
19.25,7.15,
17.38,7.15,
17.38,7.15,
17.38,7.15,
17.38,6.59,
17.38,6.59,
17.38,6.59,
17.38,6.59,
17.38,6.59,
17.38,6.59,
17.38,6.59,
17.38,6.59,
13.03,6.59,
13.03,6.59,
13.03,6.31,
13.03,6.31,
13.03,6.31,
13.03,6.31,
13.03,6.31,
13.03,6.31,
13.03,6.31,
13.03,6.31,
13.03,6.31,
10.06,6.31,
10.06,6.31,
10.06,8.91,
10.06,8.91,
10.06,8.91,
10.06,8.91,
8.75,8.91,
8.75,8.91,
8.75,8.91,
8.75,10.1,
8.75,10.1,
8.75,10.1,
8.75,10.1,
8.75,10.1,
8.75,10.1,
8.75,10.1,
10.57,10.1,
10.57,10.1,
10.57,1.39,
10.57,1.39,
10.57,1.39,
10.57,1.39,
10.57,1.39,
10.57,1.39,
10.57,1.39,
11.35,1.39,
11.35,1.39,
11.35,1.39,
11.35,0.64,
11.35,0.64,
11.35,0.64,
11.35,0.64,
11.35,0.64,
11.35,0.64,
11.35,0.64,
11.35,0.64,
9.25,0.64,
9.25,0.64,
9.25,0.24,
9.25,0.24,
9.25,0.24,
9.25,0.24,
9.25,0.24,
9.25,0.24,
9.25,0.24,
9.25,0.24,
8.11,0.24,
8.11,0.24,
8.11,0.24,
8.11,10.36,
8.11,10.36,
8.11,10.36,
8.11,10.36,
8.11,10.36,
8.11,10.36,
8.11,10.36,
7.47,10.36,
7.47,10.36,
7.47,10.36,
7.47,10.36,
7.47,15.04,
7.47,15.04,
7.47,15.04,
7.47,15.04,
7.47,15.04,
7.47,15.04,
11.2,15.04,
11.2,15.04,
11.2,15.04,
11.2,20.48,
11.2,20.48,
11.2,20.48,
11.2,20.48,
11.2,20.48,
11.2,20.48,
13.13,20.48,
13.13,20.48,
13.13,20.48,
13.13,20.48,
13.13,23.22,
13.13,23.22,
13.13,23.22,
13.13,23.22,
13.13,23.22,
13.13,23.22,
13.13,23.22,
13.27,23.22,
13.27,23.22,
13.27,16.78,
13.27,16.78,
13.27,16.78,
13.27,16.78,
13.27,16.78,
13.27,16.78,
13.34,16.78,
13.34,16.78,
13.34,16.78,
13.34,3.79,
13.34,3.79,
13.34,3.79,
13.34,3.79,
13.34,3.79,
13.34,3.79,
13.34,3.79,
13.34,3.79,
5.99,3.79,
5.99,3.79,
5.99,3.79,
5.99,-2.69,
5.99,-2.69,
5.99,-2.69,
5.99,-2.69,
5.99,-2.69,
-2.69,-2.69,
-2.69,-2.69,
-2.69,-2.69,
-2.69,-9.14,
-2.69,-9.14,
-2.69,-9.14,
-2.69,-9.14,
-2.69,-9.14,
-2.69,-9.14,
-2.69,-9.14,
-6.75,-9.14,
-6.75,-9.14,
-6.75,-9.14,
-6.75,-12.13,
-6.75,-12.13,
-6.75,-12.13,
-6.75,-12.13,
-6.75,-12.13,
-6.75,-12.13,
-6.75,-12.13,
-6.75,-12.13,
-9.87,-12.13,
-9.87,-12.13,
-9.87,-12.13,
-9.87,-5.61,
-9.87,-5.61,
-9.87,-5.61,
-9.87,-5.61,
-9.87,-5.61,
-11.44,-5.61,
-11.44,-5.61,
-11.44,-5.61,
-11.44,4.24,
-11.44,4.24,
-11.44,4.24,
-11.44,4.24,
-11.44,4.24,
-11.44,4.24,
-11.44,4.24,
-9.64,4.24,
-9.64,4.24,
-9.64,4.24,
-9.64,9.38,
-9.64,9.38,
-9.64,9.38,
-9.64,9.38,
-9.64,9.38,
-9.64,9.38,
-9.64,9.38,
-4.64,9.38,
-4.64,9.38,
-4.64,9.38,
-4.64,10.62,
-4.64,10.62,
-4.64,10.62,
-4.64,10.62,
-4.64,10.62,
-4.64,10.62,
-4.64,10.62,
-2.15,10.62,
-2.15,10.62,
-2.15,10.62,
-2.15,11.25,
-2.15,11.25,
-2.15,11.25,
-2.15,11.25,
-2.15,11.25,
1.06,11.25,
1.06,11.25,
1.06,11.25,
1.06,11.25,
1.06,11.25,
1.06,7.08,
1.06,7.08,
1.06,7.08,
1.06,7.08,
1.06,7.08,
1.06,7.08,
2.71,7.08,
2.71,7.08,
2.71,7.08,
2.71,5.04,
2.71,5.04,
2.71,5.04,
2.71,5.04,
2.71,5.04,
2.71,5.04,
2.5,5.04,
2.5,5.04,
2.5,5.04,
2.5,2.89,
2.5,2.89,
2.5,2.89,
2.5,2.89,
2.5,2.89,
2.5,2.89,
2.5,2.89,
2.39,2.89,
2.39,2.89,
2.39,2.89,
2.39,4.72,
2.39,4.72,
2.39,4.72,
2.39,4.72,
2.39,4.72,
2.39,4.72,
2.39,4.72,
2.39,4.72,
2.39,4.72,
0.33,4.72,
0.33,4.72,
0.33,4.72,
0.33,5.63,
0.33,5.63,
0.33,5.63,
0.33,5.63,
0.33,5.63,
0.33,5.63,
-1.51,5.63,
-1.51,5.63,
-1.51,5.63,
-1.51,3.89,
-1.51,3.89,
-1.51,3.89,
-2.4,3.89,
-2.4,3.89,
-2.4,3.03,
-2.4,3.03,
-2.4,3.03,
-2.4,3.03,
-2.4,3.03,
-2.4,3.03,
-3.82,3.03,
-3.82,3.03,
-3.82,0.57,
-3.82,0.57,
-3.82,0.57,
-3.82,0.57,
-3.82,0.57,
-3.82,0.57,
-3.82,0.57,
-4.54,0.07,
-4.54,0.07,
-4.54,0.07,
-4.54,0.07,
-4.54,0.07,
-4.54,0.07,
-4.54,0.07,
-3.51,0.07,
-3.51,0.07,
-3.51,0.07,
-3.51,-0.18,
-3.51,-0.18,
-3.51,-0.18,
-3.51,-0.18,
-3.51,-0.18,
-3.51,-0.18,
-3.51,-0.18,
-3.51,-0.18,
-3.51,-0.18,
-0.64,-0.18,
-0.64,-0.18,
-0.64,-0.18,
-0.64,1.52,
-0.64,1.52,
-0.64,1.52,
-0.64,1.52,
-0.64,1.52,
-0.64,1.52,
0.8,1.52,
0.8,1.52,
0.8,1.52,
0.8,2.39,
0.8,2.39,
0.8,2.39,
0.8,2.39,
0.8,2.39,
0.8,2.39,
0.8,2.39,
1.86,2.39,
1.86,2.39,
1.86,2.39,
1.86,1.42,
1.86,1.42,
1.86,1.42,
1.86,1.42,
1.86,1.42,
2.39,1.42,
2.39,1.42,
2.39,0.93,
2.39,0.93,
2.39,0.93,
2.39,0.93,
2.39,0.93,
2.39,0.93,
2.39,0.93,
2.39,0.93,
3.09,0.93,
3.09,0.93,
3.09,1.45,
3.09,1.45,
3.09,1.45,
3.09,1.45,
3.09,1.45,
3.09,1.45,
3.09,1.45,
3.45,1.45,
3.45,1.45,
3.45,1.5,
3.45,1.5,
3.45,1.5,
3.45,1.5,
3.45,1.5,
3.45,1.5,
3.45,1.5,
2.9,1.5,
2.9,1.5,
2.9,1.5,
2.9,1.53,
2.9,1.53,
2.9,1.53,
2.9,1.53,
2.9,1.53,
2.9,1.53,
1.42,1.53,
1.42,1.53,
1.42,1.53,
1.42,1.86,
1.42,1.86,
1.42,1.86,
1.42,1.86,
1.42,1.86,
1.42,1.86,
1.42,1.86,
0.69,1.86,
0.69,1.86,
0.69,1.86,
0.69,1.86,
0.69,2.03,
0.69,2.03,
0.69,2.03,
0.69,2.03,
0.69,2.03,
0.69,2.03,
0.69,2.03,
0.69,2.03,
0.69,2.03,
-0.45,2.03,
-0.45,2.03,
-0.45,2.03,
-0.45,0.55,
-0.45,0.55,
-0.45,0.55,
-0.45,0.55,
-0.45,0.55,
-0.45,0.55,
-1.01,0.55,
-1.01,0.55,
-1.01,-1.09,
-1.01,-1.09,
-1.01,-1.09,
-1.01,-1.09,
-1.01,-1.09,
-1.01,-1.09,
-1.01,-1.09,
-2.24,-1.09,
-2.24,-1.09,
-2.24,-1.89,
-2.24,-1.89,
-2.24,-1.89,
-2.24,-1.89,
-2.24,-1.89,
-2.24,-1.89,
-2.24,-1.89,
-3.09,-3.28,
-3.09,-3.28,
-3.09,-3.28,
-3.09,-3.28,
-3.09,-3.28,
-3.09,-3.28,
-3.09,-3.28,
-3.09,-3.28,
-3.09,-3.28,
-3.52,-3.28,
-3.52,-3.28,
-3.52,-3.28,
-3.52,-3.96,
-3.52,-3.96,
-3.52,-3.96,
-3.52,-3.96,
-3.52,-3.96,
-3.52,-3.96,
-3.68,-3.96,
-3.68,-3.96,
-3.68,-3.96,
-3.68,-3.96,
-3.68,-3.96,
-3.68,-3.33,
-3.68,-3.33,
-3.68,-3.33,
-3.68,-3.33,
-3.68,-3.33,
-3.68,-3.33,
-3.77,-3.33,
-3.77,-3.33,
-3.77,-3.33,
-3.77,-3.02,
-3.77,-3.02,
-3.77,-3.02,
-3.77,-3.02,
-2.73,-3.02,
-2.73,-3.02,
-2.73,-3.02,
-2.73,-3.02,
-2.73,-3.02,
-2.73,-3.02,
-2.73,-1.59,
-2.73,-1.59,
-2.73,-1.59,
-2.73,-1.59,
-2.73,-1.59,
-2.21,-1.59,
-2.21,-1.59,
-2.21,-1.59,
-2.21,-0.05,
-2.21,-0.05,
-2.21,-0.05,
-2.21,-0.05,
-2.21,-0.05,
-2.21,-0.05,
-2.21,-0.05,
-0.47,-0.05,
-0.47,-0.05,
-0.47,0.73,
-0.47,0.73,
-0.47,0.73,
-0.47,0.73,
-0.47,0.73,
-0.47,0.73,
0.75,0.73,
0.75,0.73,
0.75,0.73,
0.75,0.99,
0.75,0.99,
0.75,0.99,
0.75,0.99,
0.75,0.99,
0.75,0.99,
0.75,0.99,
1.37,0.99,
1.37,0.99,
1.37,0.99,
1.37,1.11,
1.37,1.11,
1.37,1.11,
1.37,1.11,
1.37,1.11,
1.37,1.11,
1.37,1.11,
0.63,1.11,
0.63,1.11,
0.63,1.11,
0.63,-0.54,
0.63,-0.54,
0.63,-0.54,
0.63,-0.54,
0.63,-0.54,
0.63,-0.54,
0.63,-0.54,
0.26,-0.54,
0.26,-0.54,
0.26,-1.09,
0.26,-1.09,
0.26,-1.09,
0.26,-1.09,
0.26,-1.09,
0.26,-1.09,
0.26,-1.09,
0.26,-1.09,
0.26,-1.09,
-0.94,-1.09,
-0.94,-1.09,
-0.94,-1.09,
-0.94,-1.36,
-0.94,-1.36,
-0.94,-1.36,
-0.94,-1.36,
-0.94,-1.36,
-1.38,-1.36,
-1.38,-1.36,
-1.38,-1.36,
-1.38,-1.36,
-1.38,-1.36,
-1.38,-1.08,
-1.38,-1.08,
-1.38,-1.08,
-1.38,-1.08,
-1.38,-1.08,
-1.38,-1.08,
-1.61,-1.08,
-1.61,-1.08,
-1.61,-0.94,
-1.61,-0.94,
-1.61,-0.94,
-1.61,-0.94,
-1.61,-0.94,
-1.12,-0.94,
-1.12,-0.94,
-1.12,-0.94,
-1.12,-1.36,
-1.12,-1.36,
-1.12,-1.36,
-1.12,-1.36,
-1.12,-1.36,
-1.12,-1.36,
-1.12,-1.36,
-1.12,-1.36,
-1.12,-1.36,
-1.12,-1.36,
-0.88,-1.36,
-0.88,-1.36,
-0.88,-1.36,
-0.88,-1.57,
-0.88,-1.57,
-0.88,-1.57,
-0.88,-1.57,
-0.88,-1.57,
-0.88,-1.57,
0.03,-1.57,
0.03,-1.57,
0.03,-1.57,
0.03,-1.25,
0.03,-1.25,
0.03,-1.25,
0.03,-1.25,
0.48,-1.25,
0.48,-1.25,
0.48,-1.25,
0.48,-1.25,
0.48,-1.25,
0.48,-1.25,
0.48,-0.18,
0.48,-0.18,
0.48,-0.18,
0.48,-0.18,
0.48,-0.18,
0.48,-0.18,
0.48,-0.18,
1.48,-0.18,
1.48,-0.18,
1.48,-0.18,
1.48,-0.18,
1.48,0.35,
1.48,0.35,
1.48,0.35,
1.48,0.35,
1.48,0.35,
1.48,0.35,
1.81,0.35,
1.81,0.81,
1.81,0.81,
1.81,0.81,
1.81,0.81,
1.81,0.81,
1.81,0.81,
1.81,0.81,
1.81,0.81,
1.97,0.81,
1.97,0.81,
1.97,0.81,
1.97,1.04,
1.97,1.04,
1.97,1.04,
1.97,1.04,
1.23,1.04,
1.23,1.04,
1.23,0.85,
1.23,0.85,
1.23,0.85,
1.23,0.85,
1.23,0.85,
1.23,0.85,
0.86,0.85,
0.86,0.85,
0.86,0.85,
0.86,0.85,
0.86,0.23,
0.86,0.23,
0.86,0.23,
0.86,0.23,
0.86,0.23,
0.86,0.23,
0.86,0.23,
1.09,0.23,
1.09,0.23,
1.09,0.23,
1.09,-0.08,
1.09,-0.08,
1.09,-0.08,
1.09,-0.08,
1.09,-0.08,
1.09,-0.08,
1.09,-0.08,
1.04,-0.08,
1.04,-0.08,
1.04,0.39,
1.04,0.39,
1.04,0.39,
1.04,0.39,
1.04,0.39,
1.04,0.39,
1.01,0.39,
1.01,0.39,
1.01,0.39,
1.01,0.39,
1.01,0.39,
1.01,0.39,
1.01,0.62,
