294
294
293
293
293
293
293
293
292
292
292
292
292
292
291
291
291
291
291
290
290
290
289
289
289
289
289
288
288
288
288
288
287
287
287
287
286
286
286
285
285
285
284
284
284
284
283
283
283
282
282
282
281
281
281
281
280
280
280
279
279
279
278
278
278
277
277
276
276
276
275
275
275
274
274
273
273
273
272
272
272
271
271
271
270
270
270
270
269
269
268
268
267
267
267
266
266
265
265
264
264
264
263
263
262
262
261
261
260
260
259
259
258
258
257
257
257
256
255
255
255
254
254
253
253
253
252
251
251
251
250
250
250
250
250
249
247
245
245
245
245
245
245
245
245
244
245
244
244
244
243
242
242
241
240
238
238
237
237
236
236
235
235
234
233
233
232
231
231
231
230
230
229
229
228
228
227
227
226
226
225
225
225
224
223
223
222
222
221
220
219
219
218
217
217
216
215
215
214
213
213
212
212
211
211
210
210
209
209
208
207
207
206
206
205
204
203
203
202
202
201
200
199
198
198
197
197
196
195
195
194
193
192
192
191
190
189
188
187
187
186
186
185
184
184
183
183
182
181
180
179
178
177
177
176
176
175
175
174
173
172
172
171
170
169
169
168
167
167
166
165
164
163
163
162
161
160
159
158
157
156
156
155
154
153
152
151
150
149
149
148
147
147
146
145
144
144
143
142
141
141
140
139
138
137
136
136
135
134
133
132
131
130
130
129
128
127
126
125
124
123
122
121
120
119
118
117
116
115
114
113
112
111
110
109
108
107
106
105
104
103
102
101
100
99
98
97
96
95
94
94
93
92
91
90
89
88
87
86
85
83
82
81
80
79
78
77
75
74
74
72
71
70
69
67
66
65
64
63
62
61
60
59
58
57
55
54
53
52
50
49
48
47
46
44
43
42
40
39
38
36
35
34
33
32
30
29
29
27
26
25
24
22
21
20
18
17
15
14
13
11
11
6
6
5
5
4
4
